3.547823479330883822e-01
5.616731391501433857e-02
4.100039839381519058e-01
4.602046329766155963e-02
-2.022859285031008703e-01
3.138331049176211751e-01
-3.487967814884282980e-01
-1.935855028907557118e-01
2.751671062697461645e-01
1.178559608802731001e-01
-5.121222164775243169e-01
5.511279757417398839e-01
2.257656787155753325e-02
-3.427856485425482824e-01
-6.508357466234538924e-01
-2.622313732930896535e-01
-2.473906049751121994e-01
-1.466619877324608412e+00
-3.370080214370729244e-01
2.738857153674518763e-01
4.133807868721203760e-01
-9.717156457409013015e-01
-2.520592571069314447e-01
-5.072853977462694619e-01
4.763991674794599424e-02
4.691097134736295082e-01
-4.197233187920294817e-02
9.148701303851525246e-02
-2.361163353193589803e-02
-2.616948597142873534e-01
9.231665590474065486e-02
-7.184380866181800940e-01
-3.253636523676324832e-01
-1.014755572522231919e+00
2.727716896835085530e-02
5.579482059637078453e-03
9.876385065720931500e-02
2.644191342748049012e-01
-7.534013541693934668e-02
5.276708887329908393e-01
-3.895669441371338998e-02
2.017864660699970059e-01
