-1.385381801878807217e-01
9.136630989315656093e-01
1.535447473013080932e+00
-1.527936117265416005e+00
-3.427955710430632963e-01
-4.450267743371141144e-02
5.899098522759931296e-01
2.816610941451243022e-01
-3.297525374585014712e-01
4.178232176514136420e-02
-8.685979551931615195e-01
-3.063805870234084447e-02
3.520631628145025616e-01
-1.312919466144871095e+00
-1.784316395968682245e-01
1.302298341467706511e+00
-1.918711638649674422e-01
-1.004275910459979881e+00
-2.643230883334720449e+00
2.041345080780428145e-01
-2.499624090855940284e-01
1.330845708129239524e+00
-3.175399786440205596e-01
-1.438970241425659324e+00
-1.261340993638222052e+00
1.755712716835716725e+00
8.420596685670951320e-01
-1.299512141202244120e+00
1.037937979710004788e+00
