-8.585305271327391130e-02
-3.718136398915017904e-01
5.265193307656398369e-01
-2.967657304526727935e-01
-3.208798731808021332e-02
-1.178010757192025221e-01
5.933229063963577632e-01
2.748091715249298406e-01
-1.033434380593787560e+00
-2.499018533603888648e-01
-7.910637887715227246e-01
-7.118859353807674428e-02
-1.122944084719227131e+00
1.142484346999331768e+00
-2.917460273371693114e-01
5.695797100470892937e-01
1.055168451575696359e-01
-4.278857759103699143e-01
-1.474676196584273902e-01
2.490583309464830253e-01
-7.457535239502168789e-01
-2.590721015044320508e-01
-2.208699693505566941e-01
5.400664519563365407e-02
3.093689037218971261e-01
-4.292180969688023096e-01
6.934365978274200648e-01
3.856888037207222841e-01
8.359012457618714143e-01
-2.158179113086670098e-01
1.245420583660264091e+00
-5.062388123233541037e-01
-3.525980199855265340e-01
2.499975938115362450e-01
-2.397667314148750617e-01
-8.424266967247477922e-01
-6.197654533131300436e-01
2.131148190844702750e-01
9.332903764938899061e-01
3.584071376455243430e-01
-1.113266483928220030e+00
-6.395447058929060180e-01
