-7.021296006143423751e-01
-1.127113685972370938e+00
-2.377648102648841355e-01
3.026664214213925952e+00
1.331429468277557149e+00
3.828395696050709285e-01
3.629311872600813338e-01
2.015586719984125086e+00
1.950839588712172112e+00
-1.190933417031195540e-01
1.340229644124902308e-01
-5.461897214251764179e-03
-1.522068033562697931e-01
1.382487843311450471e+00
-1.188396260229257040e+00
9.628820208841347705e-01
-4.958180028721214105e-01
-1.031662424590176208e+00
-1.418006598871493384e+00
-2.229960502849545723e+00
-1.246858175965977367e+00
-2.470573978080491673e-01
-2.080929237025515466e+00
-5.961293059876551226e-01
-2.253736250515884443e+00
-1.576697502822877350e+00
1.428324204804074959e+00
1.537436793657456224e+00
-9.623322782584943225e-01
1.276868847147212271e+00
2.186042923807097749e-01
-1.900708044574310529e+00
-1.641171348809501218e+00
-9.302373200972138267e-01
2.326116724102288646e+00
-1.281855450006944341e+00
6.258009781864050103e-01
-1.416664202814978957e+00
1.366622803297824262e+00
4.554040678753044635e-01
-9.845062307476633023e-01
-2.133570421555393004e+00
-5.171241148820411304e-01
1.379109266188787153e+00
1.324278876100492663e+00
2.095417204510101328e-01
3.489355817516284208e+00
-9.561250862783490234e-01
1.000037151660274182e+00
-3.995981176090885878e+00
-1.311363497094875444e-02
-2.881496883551124336e-02
4.785441012188145216e-01
7.707895082451161617e-01
-1.659981399532973523e+00
2.627767892778719805e+00
-3.842975642132141767e-02
-5.240129418896739555e-01
-3.594908102280835571e+00
1.452157823826562666e+00
1.034491203082372968e+00
3.593366592283899208e-01
-2.355839987185270046e-01
6.462516615755048432e-01
3.388835279521762445e+00
1.854094126107201257e+00
-7.914268420174283003e-01
1.566874821536715784e-02
3.123800411317990910e+00
1.514700685875965513e+00
-2.811236278912729314e-01
-3.836851664155508601e+00
-3.108578082928820097e-01
2.476318236766324787e+00
8.903982116537514369e-01
2.100121582087382865e+00
-2.452335564139942470e+00
1.130840230388543421e-01
-9.490974003317895757e-01
-7.239906547310102913e-02
1.493736167860272079e+00
1.587687586811490581e+00
8.395576861257193491e-01
2.727241782027733485e+00
-1.552367212396826845e+00
-7.834578375518979065e-01
-1.376605334101751454e+00
1.708817231557469229e+00
1.804486786927778530e+00
4.123954955349372398e+00
-6.303286125315015198e-01
4.813391856599169016e-01
1.736082468926885003e+00
-9.419411659869937337e-01
1.874969071805032028e+00
-1.585131941160220492e+00
1.933691634541490068e+00
1.117228178037761754e+00
1.507934523635954926e+00
-3.401998356182613370e-01
-9.417086878283253970e-01
-1.451589107101244336e+00
-1.468708368731437952e+00
1.747742867507303455e+00
-1.637468909616598411e+00
1.528243517967257548e+00
-3.415560186424939637e+00
-2.259018622570568291e-01
-5.785453376487404986e-01
-3.254708239706461392e-01
-1.373661659993639095e-01
-2.073433897208076804e-01
-6.481612664842519855e-01
7.730709827608908125e-01
1.703044550014995995e+00
4.441893641703683060e-01
1.499235893745780590e+00
4.914086144559253189e-01
-9.457775918033318741e-01
1.507698763173078493e+00
2.689083445385759497e+00
1.752611912471026878e+00
2.560658286439253306e+00
-9.517723898706252905e-01
4.716648018780915663e-01
4.005775049233845309e+00
5.374216393190730523e-01
-2.331725573446564170e-01
-9.346176592528367966e-01
4.776430067343677144e-01
-1.369993431389661787e+00
6.682357073715291529e-01
2.101325297263149317e+00
-2.568523804042286862e+00
2.662837281140964518e-01
-9.582071804061541576e-01
-1.572992634529670974e+00
-1.913549442781848908e+00
1.843433170018019762e+00
-8.472604013447796456e-01
-1.894527271415317848e+00
4.190749228755950018e-01
-1.648901822140916296e-01
1.630484328368080549e+00
6.314559368229176739e-01
3.793243044058605129e-01
1.030830870882748912e-01
1.768386886038479378e-01
-1.233773126355115490e+00
1.263843196551845405e-01
2.147302270958979520e+00
1.385317877580462265e-01
-2.067724253735255591e+00
-5.407490175644917851e-01
-3.106184538452292920e-01
2.510305791099171735e+00
5.530161231113945863e-01
-2.174859708536361069e-01
-2.321817815851300093e+00
1.642364188562470684e+00
-2.555351718033205710e+00
4.618453254897000315e-01
1.688430030841044927e+00
-1.509007820140485734e+00
-4.897227120350137741e-01
5.554714588707287959e-01
-2.495356065879340779e+00
5.176926231413845336e-01
-1.097070043188751454e+00
2.721510403392020994e+00
5.702814781435712188e-01
3.187837303726065219e+00
1.928904246625533947e+00
3.001056762211735673e-01
-3.177793712389223479e+00
-2.173400804206667980e-01
2.426792678423631777e+00
8.534427222637972488e-01
-5.676878457627304586e-01
7.314687740392239457e-01
1.673151151822579674e+00
-2.744601061243694406e+00
-8.476738693580945228e-01
-7.986551636486024508e-01
-9.850568973110557236e-02
7.093895043115722165e-01
3.364132111510110601e+00
-1.549725883097189616e+00
3.119872716587491990e+00
-2.721964272642605653e+00
-7.461843976643780518e-01
8.309578669676114249e-01
-5.186867886984668274e+00
3.900052929917531053e+00
3.404651050135855672e-01
4.120851376801873411e-01
1.606073547337061314e+00
7.893826847667242408e-01
1.182655759942695894e+00
-1.595358563000886520e-01
-2.293347232861899343e+00
1.509107764964979781e+00
2.028152181253184860e+00
-2.294017439495534827e+00
1.387136321271950745e+00
3.032329510613157364e+00
2.202898540345641809e+00
-1.068508420456643515e+00
1.510437267497743985e+00
-7.959857474856657511e-02
-1.524957261642723161e+00
1.064322820670771774e+00
2.946858235616081512e+00
5.974465099170078730e-01
1.397292314454963824e+00
-9.529305313086524620e-01
-8.197045412640194817e-01
-3.947344705810426291e+00
1.208037706826087687e+00
1.500394400387091487e+00
7.626237873239181120e-01
-2.857534518457484629e-01
5.755843942359276655e-01
-1.380896524737162678e-01
-5.535414334226019806e-01
5.920130884714229769e-01
8.963165971418995959e-01
-8.084516413897776532e-01
-3.314541737791638187e+00
-8.595321464170569969e-01
2.562411661409246477e+00
1.341140381703600060e+00
-2.084513752845405854e+00
5.231389129484562694e-01
-1.226598945327529888e+00
-3.212958443772437334e-01
-2.704025900091006629e-01
1.647507733253510409e-01
-5.159492159502299113e-01
7.159082777122409702e-01
-2.223090420189406835e+00
1.072762086469794651e+00
1.841970271608670107e+00
1.113791866787654072e+00
-2.038054841770382097e+00
-1.306587758021651446e-01
1.321381633717822357e+00
-5.978226470644625312e-01
-5.014025251153556711e-02
-1.075628214751855216e+00
-2.527213233355241506e+00
-4.392998224993119871e-01
-2.006975184502138632e+00
-8.751378829776822466e-01
-3.272817200611978450e+00
-3.954927179984727981e-01
9.992506321452612195e-01
2.452348850940040403e+00
-1.872546677806617765e+00
-2.467387401810000380e+00
-2.062206200098311015e+00
-2.722819406620233806e-01
-1.086572823005736765e+00
3.023452126728420897e-01
-2.185123997997814982e+00
1.902417892369254515e+00
-2.006089901222606997e+00
-1.812794953384636365e+00
-5.803310076945408236e-01
1.825416791000932792e-01
1.971154011520531990e-01
1.024239113431522519e+00
1.182873602856896023e+00
-8.132556181174719345e-01
2.014393172077737493e+00
-1.719532345634084081e+00
-1.844035726659092100e+00
-1.845578788422695515e+00
4.740463407642403482e+00
-2.266987151315410731e+00
-4.889673001198265312e-01
-3.839353753674479730e+00
-4.011121573724669709e+00
-6.039759819332849583e-02
-5.603500611648788432e-01
6.599347545386392566e-01
-1.171192688402693749e+00
9.718365290856832983e-01
1.290663974522070045e+00
3.368228627690577515e+00
2.282314553269150004e+00
2.960042795373833080e+00
1.715195965910431761e-02
9.786594493486086010e-01
-1.396125286170567525e+00
5.771869059019613113e-01
-6.634098737183318217e-01
2.915706886225799543e+00
2.366753127811899449e-01
-1.835676336750585058e+00
-3.496873175056199212e+00
-1.903311851875318927e+00
-3.554187790675939485e-01
-5.433055647652083042e-01
-1.034800870074282092e-01
-4.305457846442791725e-01
-3.841130735502374521e-02
1.370705495010216657e+00
-1.837384924211995729e+00
-1.340654288560038099e+00
9.281545803948094697e-01
2.086165691711139025e-01
-2.116953165571451301e-01
2.831158706174600859e+00
1.918074804757666119e+00
-5.942196337858373090e-01
1.203471059130918119e+00
9.601662412433241700e-01
-2.367846814801228827e+00
8.724527850707619603e-01
-3.424247999187306490e-01
-1.079116193571532989e+00
-1.519573884719382706e+00
-2.055329886567760056e+00
1.031274780890601095e+00
2.305709820596853366e+00
-4.918449333885961949e-01
6.946190528557203425e-01
8.313822711833153134e-01
-1.759896409044841903e+00
-1.965331789707249976e+00
-3.012631379512061169e+00
2.416172457361921655e+00
1.098241551940115635e+00
-2.301247403749868692e-01
1.312342434391151391e+00
-5.918449610032731900e-02
-7.795742217227278337e-01
-4.010985782276139666e-01
-1.043393697055791991e+00
-2.247191318699530427e-01
1.818969720668883072e+00
-1.256688536490320862e+00
4.664120181756204464e-01
-1.252468544678113638e+00
-7.763734817273302280e-01
-2.119383486077770051e+00
1.260294456361398918e+00
2.619998273503675534e+00
8.649970466922399792e-01
1.683765110204938686e+00
-4.893664786593538985e-01
-1.510972021561318268e+00
2.132742359188068537e+00
-1.908724788911733972e-01
3.130974003743780543e-01
-1.194785975908479347e+00
-4.860159530537414341e+00
-1.249924846989423521e+00
-2.999484700327085918e+00
-7.353388845848155553e-01
-1.561923729406683004e+00
1.155183863063230287e+00
1.491932957330466047e+00
2.853688674387063973e+00
2.322088755996716269e+00
-6.774511402968271812e-01
2.668100434706566659e+00
-7.431009774501416976e-01
-7.977635582379221102e-01
8.829249638512394194e-01
3.851634249029058932e+00
-5.753325074236339542e-01
-2.480525057089763841e-01
3.366140238996455647e-01
5.428007670664143358e-01
1.497829809065478912e+00
-2.137700493781069966e+00
-2.256547278917820698e+00
2.804401678271294163e+00
6.797255872008040045e-01
-9.604306341575347128e-01
-1.310054076489181707e+00
-7.372062435705530881e-01
-3.297926934645186048e+00
5.019164365714300358e-01
-5.159211798181874142e-01
-1.116578660832106412e-01
8.776315388663759043e-01
1.033385907590181452e+00
2.054445631732042532e-01
-2.708191417802557233e+00
3.760739306307440133e-01
-1.487232558896515178e+00
3.916692025171050057e-02
1.192329478320321323e+00
3.737885205694270185e-01
-1.707419446662468809e+00
-8.936162605161368511e-02
-1.434122094132000091e+00
-1.033756098440593796e+00
4.970753515027701019e-01
-1.956908491343862577e+00
2.812848850270327494e-01
2.132482501048162504e+00
-9.475630217428356039e-02
1.819585218199107013e+00
6.738581050555694230e-01
1.053039982561610799e+00
-9.202354492514348561e-01
-7.987207486167008375e-01
1.307293363746413917e+00
-1.186316465421221711e+00
1.814839435296103254e+00
2.048538768344894401e-02
-7.536536925586864166e-01
-1.019049773554936644e+00
-3.377690112507526765e-02
3.096678485786223956e-01
-2.753554254557674774e+00
1.993893046178828676e+00
8.078345287209149905e-01
-7.843187469521950561e-03
-9.022152684827217106e-01
4.750260868933184888e-01
6.293069320386065479e-01
2.048574773706835217e-01
-1.451186046626612880e+00
-7.573930839108992119e-01
-4.379830294808037539e-01
-2.154073362488462262e+00
3.021960072212022563e+00
-1.334590848204689539e+00
1.135436405147250527e+00
-5.757611935903404754e-02
-9.773865171896106707e-01
1.419810246661581399e+00
-1.773431102020375683e+00
3.224518096706999959e+00
2.949176826604273494e+00
-1.757409029919950516e+00
-4.481195671408164105e-01
-3.246227090141633909e+00
-1.456781446845027306e+00
-1.223228408511739751e+00
-1.959027388966627425e+00
2.486697052710031830e+00
-1.482383558191040063e+00
1.696011281290094042e+00
1.338856467462015809e+00
-4.875847006224679481e-01
-2.007725122912999705e-01
3.063510335701043807e+00
-1.090801803355690769e+00
-1.216984468361376859e+00
-1.959975755760073213e+00
-2.701370321485127568e-01
-2.745640653975335299e-01
-1.414690939328491215e+00
8.890466712227677037e-01
-1.921832528026593101e+00
9.662621814958971544e-01
3.429318954206404424e+00
5.791675530759088364e-01
1.892218366454180956e+00
2.745700480384637987e-01
-4.800317465368156844e-01
-4.128987290476272776e+00
1.882902432105604706e+00
1.508825066555833094e-01
-1.830006404243471607e+00
-8.543212977409948561e-01
-9.529442721491359070e-01
5.257164178506029684e-01
-1.854791485222542891e+00
-8.970858258152741849e-01
5.051573920450973254e-02
-2.318825681129129457e+00
-7.375909339328077241e-01
-6.423217349591550107e-01
-1.861134962812100557e+00
-3.085374983092829204e+00
-1.891716991688144667e+00
-2.556077272165720338e+00
3.557246161214006053e-01
1.855291516213374570e-01
1.691592804902592118e+00
4.375266034200709364e-01
-1.251317444784441513e+00
1.216477374213873031e+00
-1.691136212877523359e+00
1.078364903976141820e+00
3.165507474682801803e+00
-5.375741852208628657e-01
-4.521185276680457221e+00
-2.983410255903549579e+00
2.924060670899325753e+00
2.392752038944754744e+00
-7.189113453319410096e-01
8.053056275625696259e-01
-1.431451960354349351e-01
-1.999848372767135674e+00
1.901103718278312593e+00
1.655453575626901541e+00
2.072983001038747997e+00
-3.068282235085594500e+00
-1.053069777533718110e+00
1.353173217112777715e+00
-1.088484571051162142e+00
9.665997419660117274e-01
-5.243995907086217434e-01
-1.381169899063124262e+00
1.000857758203576447e-01
-3.066459366518300644e+00
1.242861493674149997e+00
3.114589834417762493e+00
-2.491617756589172838e+00
-3.249298118671300362e+00
5.625539185466585934e-01
3.243952845843574906e+00
-2.847979538945204503e+00
-5.956319778831405953e-01
4.633015035058746789e-01
6.777402553126282703e-01
-1.847653938521635286e+00
5.417902094543527447e-01
1.829196327155126811e+00
-1.803592278724550413e+00
-3.406626249970489129e-01
-1.827032490796206332e+00
-1.569368765020034528e+00
-3.350553188553776707e+00
-3.476350535700076239e-01
-2.160823643665079619e+00
1.708439498734659612e+00
1.472455320054446570e+00
-3.100785624122862849e+00
-6.263108029745980687e-01
-2.148575308575557674e+00
-1.592570210997117375e+00
1.150376726070467148e+00
-6.043771616092777910e-01
-9.874376567261657911e-01
9.260254385220111073e-02
1.064382421366872666e+00
-1.570397326884636069e+00
-7.879408473183946438e-01
-1.621198378523684758e+00
-1.649891462937230768e-01
-1.018134244757447959e+00
-3.420952385790949180e+00
-3.288128187208089859e+00
-1.168870857364258775e+00
-4.701206731459334209e-01
2.461282167806928989e+00
3.791288599309144303e+00
1.189996434007565496e+00
-3.261452335717258122e-01
7.214881538744993827e-01
2.103458697995271187e+00
9.766728835050118018e-01
3.721847152219221466e-01
-1.792977956743972756e+00
3.140142923348582915e+00
-3.556497491526119603e+00
3.411372293710306369e+00
9.869652283568297602e-02
-7.946136663328966232e-02
-3.394526258853635348e+00
-3.103580237681878851e-01
6.105968721404733124e-01
-5.638182531414586141e-01
-4.147016932963421887e+00
1.376331232845824593e+00
-4.753928190360762751e-01
-7.634655698835126625e-01
-2.244158594048045963e+00
-2.832376226290618249e+00
7.149970940996136504e-01
4.351192830480875573e-01
-1.180339763108551931e+00
-3.738973539363259907e-02
1.780502943825566842e+00
-4.972048384057023429e-01
2.995219324483837209e+00
-4.711590631648268079e+00
3.046929269469310420e+00
6.120794169732781675e-01
1.145086163614759123e+00
5.116442162589522891e-01
-2.543154984483562142e-01
3.061304505876706994e+00
1.689911537886918946e+00
2.172199611940798386e-02
3.618754694388774062e+00
2.869910032646121323e+00
-1.444750059326237457e-01
1.978754361661354322e+00
-7.335793928315526014e-01
-1.024359948249138785e+00
1.669186309457312722e+00
-1.195913441512100883e+00
3.972205481127812354e-01
9.414440005693914815e-01
4.147757191775716556e+00
3.064550351456743371e+00
1.133332837711109820e+00
7.581734612172874588e-01
7.721929492039639742e-01
1.118464623081304676e+00
-2.116074420841016934e+00
-1.403776386239854457e+00
-1.377037059096347438e+00
-3.619707468949766582e-01
2.793167430685127850e-01
9.445620240429294379e-01
-1.109762643209155186e+00
1.511393361253861034e+00
9.061956491518516899e-01
1.885890017350785541e+00
4.099028960221094975e-01
-5.335068892924734740e-01
-7.559431835216396944e-01
-8.588098721114696410e-01
1.632856350649908972e+00
-5.370073371337730217e-01
-5.884739066186304157e-01
-1.409334124129908217e+00
6.075353727192330799e-01
1.468231596140246342e+00
2.038862217204755467e+00
2.144271670873009850e+00
-2.573245453098236268e+00
-4.214255736678432784e-01
6.194288602233075647e-01
-5.430112635806541022e-01
6.063156275674126405e-01
-1.139579224611196206e+00
-2.382570051898137642e+00
1.937331075028267957e+00
-4.221681361029878121e-01
-1.678352463217175794e+00
-1.859976836694160029e+00
-1.890076025258272230e+00
-8.006552990549283821e-01
1.386192050042064916e-01
-1.199729993690396679e+00
-5.086938603856460794e+00
8.907953724035361232e-01
-8.069579309167886905e-01
-1.074785187658067187e+00
-9.578532739078372549e-01
-2.048460811966920314e+00
-4.755668235646270947e-01
1.043208250529901182e+00
-1.607884084374045175e+00
-3.001619487061537139e+00
2.828378378348235245e+00
-6.547340330407155906e-02
4.515124423599889414e-01
-2.869812096387293732e+00
-9.675678100634422796e-01
8.828227169417381948e-01
-1.613879432118769497e+00
5.321241107882646038e-01
-8.948404904624519540e-01
-1.570867701507139058e+00
-1.101999694891727444e+00
2.495940621425889017e+00
-3.596740479523103495e+00
1.312667724260693447e+00
-3.651565026368836619e+00
-8.910729250233175858e-01
-5.995254410331188888e-01
1.990601604579254724e+00
5.124937860510967447e-01
1.103832967359607009e+00
5.453125457676908372e-01
-3.450050974609855103e+00
-1.246556725061953586e+00
-5.447791693570529503e-01
-9.639858896135062860e-01
3.764387006642288536e-01
-9.185214159578078963e-01
-1.390384247302763443e+00
1.260576586873599858e+00
-2.572812321588341167e+00
1.526108645411244913e+00
2.133727758881496683e+00
3.722167833033191986e+00
-1.095394295203666379e+00
2.951968108529432033e+00
5.943481420313957431e-01
-1.342531542139766554e+00
1.033640892549263279e+00
-8.420134290153075129e-01
-3.014375764057203311e-01
1.040033129969321735e+00
1.002620894504324678e+00
6.477528410705041262e-01
8.644920582876390869e-01
-4.711361284440164887e+00
-1.496008382260277436e+00
2.010313540448779523e+00
1.518774265823811032e+00
-5.935187930564237435e-01
1.906263476606800067e+00
3.613444913993920427e+00
6.363777077442733798e-01
5.952397748711314440e-01
-2.030817340614035973e-02
7.634870806527447318e-01
-7.015346790485494921e-01
4.154927238141019608e-01
-1.195453204899909361e+00
-1.811992101968457725e+00
-1.807123393105676046e+00
7.369319180421547433e-01
-6.177632643078957708e-02
1.889629383878743907e+00
-1.273888481584674270e+00
5.028910166991388264e-01
-3.642261788953248036e+00
1.268024683350294612e+00
1.110132208717138358e+00
-3.272289133130482641e-01
-2.393303101217259865e+00
-7.749140306744712881e-01
-1.381970741075045472e+00
2.370298148484567824e-01
2.845225084235043500e-01
-4.431363959448748169e+00
1.185738384161464376e+00
5.997657440639518889e-01
3.006210086937981085e+00
1.807676499728120056e+00
3.694514036835891080e+00
1.930440674564013026e+00
3.835487324331189996e+00
-1.138045164507449858e+00
-6.010460344643376862e-01
-1.094316026847213408e+00
-1.542553938121802970e+00
-3.412618096687530800e-01
3.427656659987625254e+00
-2.596330860814672903e+00
2.078111082030518197e-01
-1.094702369940194986e+00
-7.166029504534560113e-01
1.897071988820113297e+00
-1.972989968394451399e+00
1.022408329305783070e+00
-2.965625995433684436e-01
6.021878611128577141e-01
1.742027107424608257e-02
-2.614117896040414335e-01
4.226269826845249433e+00
2.171627820153227084e+00
2.682229487400943579e+00
1.232049395225283339e+00
-3.147688849112312504e+00
-2.637759402132974218e-01
2.439063280309943682e+00
1.473026463497712824e+00
-2.003932900508026416e-01
-2.584352895649931203e-01
-9.523188629261640781e-01
5.441525116700410836e-01
-3.294897006483535229e+00
-2.289621905069322061e+00
-1.008058367185554971e+00
-3.686422881585781769e-02
-1.838808598514104276e+00
-9.353829483124120880e-01
1.968621942740985675e+00
-1.579990098927421815e+00
-8.007737957670623130e-01
-3.372191004844374840e-01
1.108343143138156295e+00
-1.312390733185633929e+00
1.629227137349294141e+00
-3.872136496935751904e-01
-8.027656886574762174e-01
1.977256502744742850e+00
9.594691144929594628e-01
-2.408836825137146143e+00
1.269868931725279149e+00
-6.192317267318249163e-01
8.279890998735626173e-01
8.070365721415380389e-02
2.014374790736987109e+00
-1.168908115865719077e+00
-8.506328742586182212e-01
-1.424981199693513556e+00
2.472300621343381521e-01
3.237617114133047647e+00
-2.150422257774984747e+00
-2.487564307148465992e-01
7.459767644904817807e-01
-1.196783406145039086e+00
-1.632529890464316402e+00
-3.369617149288085898e-03
1.173880260701464895e+00
-3.790245324440602026e+00
1.191699993845762640e+00
5.199432241999574211e-01
3.608164536672214262e-01
9.473970275909766592e-01
2.027111833177401845e+00
-1.112952910468251622e+00
-9.352452990918579401e-01
-1.121037145267808954e+00
1.241752958742803781e+00
-2.093802301939008181e+00
-1.165845567793772464e+00
4.120769022046148478e-01
9.483143265322518944e-01
4.532159435984404183e+00
-8.198483494103959990e-02
-4.802266312266855741e-01
-3.106759227729379291e-01
3.388219004007680724e+00
-8.544743268202923403e-01
-2.681979912275136435e+00
1.719630247261313416e+00
-9.194228620267057561e-01
3.936812339770125457e-01
-1.174749125026697927e+00
2.076182931184625602e+00
-1.470045650105457735e+00
1.397023011402298912e-02
-7.878949202372316218e-01
5.677590599457729148e-01
-2.582925161928730784e-01
-1.021128507622601989e+00
-3.024038640579003179e+00
1.035559959332459812e+00
1.969247901444194149e+00
2.750704944499609006e+00
1.229573850404693580e+00
5.261221218909311048e-01
3.988174901143944684e+00
2.839782731417677675e-01
1.282978766104677648e+00
4.777286716328288385e-01
1.774176879718734501e+00
6.978555333564437912e-01
-5.551595630135278903e+00
1.714401215164185865e+00
-3.286598278378983107e+00
-1.696265815991846171e-01
1.398873025474058618e-01
1.159628716332985254e+00
3.066158134893275822e+00
-3.526539133238977830e-01
2.311750135769503611e+00
-1.959048038656062418e-01
-7.468568360557910069e-01
-4.398864633113780398e-02
-1.790886371866465543e-01
-3.164847368833630714e+00
1.427541358003767469e+00
6.127030218647100401e-01
-2.669474944052446119e+00
8.575784879560882645e-01
-6.029370711850947639e-01
-1.397249366151048111e+00
8.353898429269842607e-01
2.480415798244753223e+00
-2.063860254073442757e+00
7.738661879601245186e-01
-2.261944596390025985e+00
-1.705248373795294814e+00
-3.455616252731287474e+00
4.704903534539638388e-01
-3.081391979619391153e-01
1.253385447349437687e+00
1.218167822328740241e-01
2.979717362819696812e-03
1.075548408473392170e+00
-1.330764503539868214e-02
1.380058927297849625e+00
2.291015524299832240e+00
1.726895054854564959e+00
-1.622766982865640140e+00
-3.875907846395076906e+00
-1.782085805113979848e+00
1.041105202595526746e+00
2.216696234312359071e+00
-4.679167358001208310e-01
5.826973245312855321e-01
1.044550810888465575e+00
3.176064952390321716e-01
2.085783962691738935e+00
2.231440720559863422e+00
-2.019708759999410130e+00
-6.328723926995637461e-01
3.086239975564613047e-01
4.842576562634284265e+00
-1.488376977896862075e+00
-1.834361084758264093e+00
8.546641810251748295e-01
1.342392700840042696e+00
8.773104091802524929e-01
4.394660927692243924e+00
2.574536285078298237e-01
-1.104148518464689033e-01
2.439248075281110317e+00
-1.006969965100882547e+00
-1.380840882820092652e+00
2.265914444186037269e+00
7.886534396030204785e-01
6.086953616833192804e-01
7.382747079433714665e-01
1.604564071593192753e-01
4.717742860078536493e-01
-3.777754582205941625e-01
8.711051974731929270e-01
-5.770159141634944033e-01
-2.702193371545841050e+00
3.008294675105756877e+00
2.548231452599426294e+00
-1.501887279682403653e+00
1.842307392663882437e+00
-1.425296554533704629e+00
-5.810448392737882495e-01
3.129795440763150527e+00
7.268225113416489913e-01
1.964788524858638974e+00
1.436982996021606285e+00
-4.110025256921189807e-01
-9.263834105973058897e-01
3.497436780138956092e-01
3.005978908588584186e+00
1.865194970079423753e-01
-1.138912212997973405e+00
-2.480968234434270059e+00
-5.928543784986636811e-02
2.214280162414377084e+00
9.608768252496818763e-01
-6.560405167437879381e-01
-8.982557947069548243e-01
1.119260157079540630e+00
-2.053477719522981193e+00
2.537613070416407934e-01
-9.970059937873514133e-02
2.834380330864356701e+00
-7.793272081295968823e-01
-2.828214478944593768e+00
-4.883730684705402392e-01
3.744513178439742851e-02
-5.389523418397326043e-02
-3.027022963570546565e+00
2.187904688487815275e+00
1.342610199493675882e+00
4.980601428835661482e-01
-2.653626904252593399e-01
-1.225393085388523540e+00
5.141474615888398381e-01
-4.861115483559407480e+00
1.189142879769165440e+00
1.839084597889165451e+00
-1.229465311761339885e+00
8.355186803427737396e-02
3.514357644541508119e-01
-4.553735592764900364e-01
7.110627512272141848e-01
-2.215951930407962511e-01
-1.306970810958022033e+00
-1.561876964240509036e+00
-1.694637926643755010e+00
8.763592274990951170e-01
-8.959104215692551554e-01
2.273205953714944716e+00
1.620156426872849442e+00
8.470401086999367335e-01
-1.975161843973484987e-01
-7.956238807943371016e-01
-9.187650909891087458e-01
2.287803558749071708e+00
2.720631029782485832e+00
9.713028791604816359e-01
2.034124941524992625e-01
1.284530398746012159e+00
5.726172041777788380e-01
3.277026351575043961e+00
6.377516038399470844e-03
-1.601219132864344141e+00
-1.909922460380768294e+00
1.938366419678010821e+00
3.758500899381517879e+00
2.011564890879480760e+00
1.237010195087384190e+00
1.499943861088409269e+00
1.280831846104192318e+00
2.773607517658460253e+00
-1.920239296717493938e+00
-1.843256577080830683e+00
1.205672490649584594e+00
-2.409954609904786382e-01
-1.097692938671924301e+00
-1.437833168222470315e+00
5.499268475515031174e-01
1.478312628518941407e+00
-1.101279633686235604e+00
8.456914654235054840e-01
1.934042475565034280e+00
4.142723774812927529e-01
-3.307562165285694356e+00
4.340542941827454371e-01
9.665093690641042290e-01
2.722463275702374563e+00
-7.154201445471124465e-01
2.042861580476418748e+00
2.029081841970308719e+00
9.108934777028830920e-01
7.393187626007117208e-01
-1.465299528154650144e+00
-1.783832432850331440e+00
-1.371854764512680180e+00
-3.362517401414560902e-01
-2.872462688427470656e+00
1.167092363446817993e+00
-1.071572659826217855e+00
-1.166337867415210061e+00
1.852870946007780517e-01
-2.260587894697758671e+00
3.644906252041844930e+00
2.394990069843224045e+00
1.842018033574300273e-01
-8.019822909235693187e-01
1.586825381207617736e-01
-4.251699774153681055e-01
5.628146232775355084e-01
-1.580896879611263461e+00
-2.288201960734931539e+00
1.260777497612463494e+00
-1.199388869641837330e+00
-2.318475049669576293e+00
-2.702102350501080497e-01
-1.815444634362304077e+00
6.686241709565193814e-01
-3.695805277266005717e+00
1.481095011529528049e+00
-6.099956941851749637e-01
5.492428991015474438e-01
2.961979197595988045e-01
4.234387943255844000e+00
-1.963889772475029272e+00
3.754997825143332690e+00
2.452469797152861286e+00
-5.856368911533921945e-02
5.778057540870663589e-01
-1.519901866534815182e+00
1.110070166472486353e+00
-1.366102584969449474e+00
-6.402062663405088117e-01
-3.602373628741438960e+00
2.790854623742027751e+00
-8.262713937325708580e-01
8.516655166380711073e-01
1.652016864672364527e+00
2.597628834589249092e+00
-6.773326101089235385e-01
-4.652392366453345640e-01
1.467235767980917815e+00
4.376731847585725310e-01
1.021123062688118699e+00
2.884351716254264009e+00
1.981068802603143997e+00
1.405897162346609885e+00
1.277717223721371198e+00
-8.504845627057613378e-01
4.385332078655441723e-01
-4.045226397209783498e-02
2.694829958104219436e+00
1.924806818255859531e+00
-1.601933416401853716e+00
1.514934752658478212e+00
-7.634471079054198084e-01
-1.811717626023673366e+00
-3.285838785573271664e-02
1.557777579032057158e+00
8.237065897755816435e-01
9.185879022681665562e-01
-2.427038380648588178e-01
2.589741022156996753e+00
2.555102214391429261e+00
1.483835403924145480e+00
9.249723694867900692e-01
-3.103885530494190803e+00
1.053736122773672790e+00
-1.722033681089421009e+00
7.480678079919542700e-01
-2.109833011862033647e+00
-2.929050319440637651e+00
1.975767093516426876e+00
7.280839728432700886e-01
-4.860619261146087999e-01
3.646042753001539904e-01
-6.674881224590409889e-01
-6.976095247187055204e-01
-2.241918095057151561e+00
-2.745332762764918777e-01
-6.773452965922731606e-01
-2.512934802516638477e+00
-1.042914826870511069e+00
-1.847437657866300320e+00
-2.598292042185758044e-01
3.195970821071287826e+00
5.986344489187936935e-01
5.766940810879882529e-01
-2.243177045207055631e+00
-1.977724686048754954e+00
2.231265729123134811e+00
1.420348949790103177e+00
-1.329924990135600948e+00
-3.198640827851291224e+00
-3.845609873715295085e-02
-2.015411517434293476e+00
-1.620280318007088383e+00
-6.821909750375403370e-01
1.787905984823325189e+00
4.113150090032281270e+00
8.975203091944166101e-01
9.558238719518880044e-01
8.619927757596832496e-01
-1.842691606550641847e-01
-2.985914902231396439e+00
-1.199196526711507199e-01
7.431904990474540451e-01
1.360337300549740336e+00
1.603313764118696083e+00
-1.343996537288488113e+00
-1.544256727802984508e-01
1.341406466879229820e+00
-3.574469697985851901e+00
-5.766905441873977356e-01
2.458362538309138756e+00
2.304031677565662392e-02
1.367111149002725234e+00
-7.209685104074063933e-01
9.980986942484942892e-01
1.190134153775210368e+00
-2.043367793746184713e+00
1.642418475054225002e+00
-3.958761859428370666e+00
-1.441542499848437853e+00
8.157087633874910981e-01
