4.176287571533151555e-01
8.201490776304292130e-01
6.987553063634890926e-02
4.129160861081297429e-01
-3.786754386870251343e-01
3.962590458139923499e-01
6.769810560754726536e-01
-7.339049661464335239e-01
1.196702634894280193e+00
6.279100439624435426e-01
6.845828160369583637e-01
-4.142639647622350929e-01
-3.426071061207900947e-01
-9.396398443278987378e-02
2.179445290921254719e-01
8.122965285453175310e-01
-8.813176049140807045e-02
7.003783363006651497e-01
3.903387421686497771e-01
1.996232270038416634e-01
9.010863909646303904e-01
-1.032345050813388232e+00
-1.876597158460693859e-01
1.938194197053165480e-01
-5.414251327631313705e-03
-3.770823740743154961e-01
-2.859557228809725959e-01
-7.435943136158640332e-01
-1.091480773971248985e-01
-2.178509649026328376e-01
3.680087218985820807e-01
1.004470795806657879e-01
-8.231980859275309093e-02
4.672462684943518574e-01
1.098141915023927717e-01
5.720241620579468167e-01
-3.468730307353425912e-01
6.236777660951269286e-01
3.970671049999414670e-01
2.791549851205715194e-01
-7.594893542347310733e-01
-5.942150371351943017e-01
