-3.494872852386765594e-01
-2.576622413862211136e+00
7.759166571152770198e-01
4.935378995267191149e-01
5.910616193221557291e-01
-2.474865638549534064e-01
2.079656974401194791e+00
-5.175939492934066299e-01
1.308406980454796198e+00
2.504657718036015890e+00
1.136048139918616195e+00
-1.872498076723443816e+00
-2.065723880343456553e+00
3.498275714513701562e+00
1.712645067125575515e+00
2.865282894011863313e+00
1.246408830419403646e+00
1.930174932749003869e+00
-1.303609356039524769e+00
-9.425064235210897090e-01
-8.645300409695304555e-01
2.578206803415556525e+00
-5.282388225348463306e-01
1.788062969405160407e+00
-1.485211510961970571e+00
-1.017607024251281800e+00
2.160783624564382333e+00
-1.758165840606505270e+00
8.866288607111721953e-01
-9.359499460792710668e-01
-7.766603619375944678e-01
4.596656756488556005e-04
-2.563671432145245288e-01
1.907265653727661325e+00
-1.540888232001447422e+00
1.663157860793006981e-01
1.507884224492116176e-01
-1.992336701658689480e+00
1.394992554238747573e+00
-3.050591885948205739e+00
-2.084953304850744704e+00
1.488111353542971305e+00
1.074518367584700762e+00
1.429142276661016231e-01
1.848095510435405320e+00
3.497027225237154813e+00
9.056266672469073797e-03
3.520614610750816276e+00
2.764096275256815449e+00
-2.821760703893326228e-01
-3.253331073898327652e+00
-1.929481752283684015e+00
3.637656522923955471e-01
7.183095257813653101e-01
3.935439472195171984e+00
1.573556293567354158e+00
-3.714018766819849215e+00
1.521046583217719128e+00
-1.924951146122744872e+00
3.740541815184559304e-01
1.431116003850493590e-01
1.215015155587158446e+00
-2.010280954172809498e+00
1.843931978041285724e+00
6.009205728185189610e-01
-2.054984915105800169e+00
1.101480245092178345e+00
-8.951877897378844873e-01
-3.724057213458382698e-01
9.255776865605593873e-01
-5.309229356978811820e-01
7.897074239759140912e-01
-1.083378191376848765e+00
3.870424564700367664e-01
-1.840110030502547067e+00
-6.989804641283613520e-03
1.176135860817538514e+00
-1.301376565398712604e+00
-7.572260568757172017e-01
1.838200967407478625e+00
-3.955243823084267363e-01
-1.186332166988141479e+00
-1.749115875477984805e-01
-1.856744294330668010e+00
-1.335623758201542000e+00
-1.469526161652376484e+00
-3.189471341497635559e-01
-9.209130717336497240e-02
1.451917447728971744e-01
-5.112043161159189886e-01
9.965488090504412977e-01
-1.339963192959578775e+00
1.055301830333619933e-01
-9.606165658630442250e-01
1.105806982179140308e+00
-2.219197444777250006e+00
-6.140994729347717396e-01
-2.073633809656165727e-01
-1.175123221884882163e+00
1.887721594036802619e+00
-7.060488588307386459e-01
-1.581992617096582343e+00
-1.265289503659831283e+00
1.643469764141608058e+00
2.236746313691605703e+00
-1.658356440946476384e+00
3.469155574493992145e+00
9.923009554136198451e-01
6.003324848703686101e-01
5.639982656453419452e-01
7.810187840884502686e-01
-1.454907251307198779e+00
8.884927905904910217e-01
-1.030090770761753038e+00
2.019978975682128475e+00
-2.775458285202445641e+00
6.155945197735275265e-01
6.274338542414517050e-01
2.861466150670530784e+00
-2.236380701730187770e+00
-2.671322878016521019e-01
1.269857101025882118e+00
-1.914692949121789001e+00
-4.935635025956873756e-01
3.679783454994141612e-01
1.434698336209992098e+00
2.025305014224371369e+00
-1.109399275268527219e-01
-3.748241968269431460e-03
1.255922028551288872e+00
-7.844298772056632618e-01
3.321651941593826152e-01
1.601466826234053120e-01
-4.405734812143191625e-01
-5.201930087577563144e-01
6.521191363024574361e-01
7.021258316545704635e-04
-9.666628499807059516e-01
1.039520674175882509e-01
-6.189437036711036288e-01
7.315380844031168506e-01
-1.155937595056678369e+00
2.039161622722739375e-01
1.575099108019005101e+00
1.702289144830731571e+00
-2.561772189458747295e+00
4.468372417970442600e-01
-5.963330789445964175e-01
-7.347225337562709457e-01
2.885023542099244054e+00
-3.413345260842846951e+00
-1.880071899963287330e-01
-2.761874937666845664e+00
1.448538980591943748e+00
-1.209122500880513096e+00
-2.570175199750164285e+00
-2.698284733432064209e-01
-1.135073016558157954e+00
2.706415839362935394e+00
-1.686153290801339688e+00
7.440111642908426859e-01
7.377330769966724544e-01
4.358759564859268076e-01
-2.903840422600160398e+00
-1.442462558119628757e-01
-3.925267333391516122e-01
-1.571403763136882126e-01
3.115130303539402679e+00
3.679260420467789228e+00
-2.314170088985864293e+00
-1.472621004220736163e+00
4.896850966634962998e-01
-7.262065196605159700e-01
1.436156527747279643e+00
-1.140321355958341831e+00
-5.418846426623786794e-01
1.869938142197940190e+00
-2.365975031118721983e+00
-1.399094475649165448e+00
1.065394732097026731e+00
2.303828359898536071e+00
2.133673556182720699e+00
-9.219619944577047699e-01
1.478497183574678797e-01
-4.916498833521709688e-01
1.806140106379034771e+00
4.235313017556942228e+00
2.086439824620327954e+00
-3.306000101475783826e+00
-5.862873813277148516e-01
-5.374700443420753482e-01
5.475586662347167177e-01
-1.190309520186076719e+00
1.239713968986196346e-01
-1.645977209298093769e+00
7.174543574340931373e-01
7.782376774917177942e-01
-2.624354304877684618e-01
-1.738675142592420286e+00
-1.908572144984829189e+00
-1.597166099181547061e+00
-1.404124415670283454e+00
-1.945975117199238769e+00
-1.828541965368585709e+00
8.265776050372455330e-01
9.173759438723886328e-01
3.706445497486471896e-01
-2.477510881828113853e-01
-2.525661832892306946e-01
-4.422043557983320383e+00
1.405884468861221981e+00
2.929221643794601260e+00
1.026905772842569897e+00
-3.043043965908245330e-01
1.211934293094516946e+00
-2.100016732543515674e-01
-1.539517925100085671e+00
-1.284523513147004081e+00
-1.172118227465708706e+00
-3.780182103885917577e+00
1.522732482708400115e+00
-4.389064242200995114e-01
-2.432794435532931732e-01
4.428835328061319077e-01
9.791610352761044300e-01
-1.368470349850023471e+00
4.874157915773069227e+00
1.983425823040638747e+00
2.318361284379804044e-01
1.020818828330369188e+00
9.963424235335215373e-01
-3.237626500568645316e+00
3.735824379401587070e+00
-1.285392158670678686e+00
9.701144213735004573e-01
-7.649672458729319668e-01
5.417134475735807531e-01
-1.043188228557981656e+00
-1.375753573730493562e+00
2.283243781553616181e+00
-2.171735690352927239e+00
2.193160495618375894e+00
6.603559303655889834e-02
-2.963570031998751020e+00
-1.120326090852438394e+00
-4.957460667790273945e+00
1.859428701096453640e+00
1.480792987960200202e+00
-1.586882167768638441e+00
-2.382238559768578234e+00
-2.984097118311985763e-01
-8.305487352364885334e-01
8.777784461868702870e-01
-1.865273122999681954e+00
-1.341405286823174503e+00
-1.420985292931049360e+00
-4.668958824887296105e-02
-4.931120631949586830e+00
-2.079230828450602697e+00
3.667121566155351786e+00
9.073911695039220682e-01
4.913543376460176026e-01
1.319621007980927629e+00
-3.125349900631031047e-02
-1.309046943470361102e+00
1.790104755763742395e+00
2.522238794473535162e+00
-2.270628737073251191e+00
4.288919380504838674e-01
-2.312044666117575087e+00
-1.567818274560732972e+00
7.199131306259090035e-01
-8.003753998080317955e-02
4.585390669591185575e-01
4.648961446712381651e+00
-1.857457992809930847e+00
2.178541909708002322e+00
-1.619628437486009265e+00
-1.385802253768403380e-01
7.033993717530350187e-01
-8.769046677701394232e-01
1.334248066210340922e-01
1.700269896277946113e+00
-4.433365808724953006e+00
1.431265328590322072e+00
5.339098507323526421e-01
6.674821824117560531e-01
2.882089033744214546e-01
-1.636365481085556572e+00
-6.751452273189209041e-01
1.224610816676432457e+00
-1.536115344801848304e+00
3.017306712063730356e-01
-2.384680637439759110e+00
-1.888903954774227678e+00
3.229784983153808908e-01
1.332845484923351476e-01
1.267573746529688794e+00
-1.243230607519180575e+00
-8.383247514111714926e-02
3.123090592304670121e+00
-1.449501909466098137e+00
-1.022334810026659602e+00
-1.932345084617816733e+00
4.070794458239516272e-02
3.183252953195129020e+00
-1.077537333603956426e+00
3.747874985412031901e+00
-4.058624157563105461e-01
1.224333318440876672e+00
-3.111039682088227565e+00
1.457257380174443062e+00
2.414038434019317947e+00
-3.434195998138739880e-01
-1.949753270389238846e+00
-1.174086328276387592e+00
1.747707005518670309e+00
1.164672622638898147e-01
-1.362027104860834836e-01
7.913642549393063996e-01
1.936447034481196594e+00
-6.984549184266063415e-01
1.723052704576017558e+00
1.673131666494935610e+00
3.191111487403445413e+00
9.762155375638855714e-01
-2.969259287782167078e+00
-1.355135774577536534e+00
-6.425818118376577792e-02
4.115395735575109737e-01
-2.718872663166910009e+00
-1.065759754219940847e+00
-6.394453651366326374e-01
1.990823922239983945e+00
-8.687764601407521603e-02
-3.748077197884373213e+00
1.700791061954904926e+00
-8.345891581038835660e-01
9.836680080413205962e-01
-2.056740665374470201e+00
2.144914068146976938e+00
2.960580123826629162e+00
-6.280922222283711331e-01
1.279397609939604274e+00
-1.055803161553148684e+00
-4.322498950097279358e-01
2.174111995971458544e+00
-6.023578477423293664e-01
-3.449966916609029433e+00
1.769362677681342699e+00
-7.946425867153472655e-01
1.452969220375574244e-01
-1.910129448546893816e+00
-4.617073848255140445e-01
8.049234907143247852e-01
1.258930369370973024e+00
-8.423622365492684505e-01
-4.165667744481924561e-01
3.231357395285358258e+00
-2.175350265198852107e+00
-1.779289728837953888e+00
8.988093720319562108e-01
8.463296865443767913e-01
3.251166384291944489e+00
-2.625636043572827649e+00
1.220088151116122788e+00
-1.417974948207497254e+00
2.181037205520668376e+00
1.374086152150919116e+00
-1.995523198654857167e-01
-2.470925396307213084e+00
1.586823939661276883e+00
2.064452273692597151e-01
1.759789870900386077e+00
-7.387611671882841069e-01
-5.980739016939142783e-01
3.009193293329043062e+00
4.955194318579435597e-01
-4.929062403430552464e-01
2.097426170057796302e+00
6.960368942677228610e-01
1.536855975989492418e+00
-2.198481029456736291e+00
1.001501937109909202e+00
-5.095493869763175754e-01
1.439809380897620228e+00
5.706172777922039474e-01
-1.036089061490055530e+00
7.684870267308393510e-01
1.147140172521831786e-01
-1.066131114073371744e-01
2.212282534920654298e-01
2.146936883765875770e+00
-2.400277180580983938e+00
-1.017416222485519661e+00
-1.126787537980834086e+00
-1.329489029761129260e+00
-9.153069414982171192e-01
-2.081165054665653005e-02
-2.265482978531913050e-01
-1.168291942631336955e+00
-2.527273803344418646e+00
-6.677224286461574954e-01
-3.195719157382878595e-01
1.205795867250036402e+00
4.744316167875298196e-01
1.462380516392903118e+00
-4.036645392346688843e-01
-1.911353236814012257e+00
6.335451102294387127e-01
-3.161255011784142033e-01
8.896376782768592451e-01
1.267796207896148886e+00
-2.818023484801763789e-01
3.358344360783840354e-01
-1.945386634564713058e-01
-3.694957036928742777e+00
-3.368535143939399124e+00
3.112711414271756016e+00
1.977596613253370439e+00
3.484319342642978601e-01
-7.347258565055613255e-01
-2.953051114736366500e+00
1.199746179335424934e+00
-1.224396391406255669e+00
-2.122938922226019098e+00
4.807689753845548530e+00
-2.576875806413873704e+00
2.005470718820478448e-01
-1.347368675591791520e+00
-5.265972930162080567e-01
-7.044105600454916294e-01
1.792209630442491708e+00
1.514206109949766343e+00
-1.226816342243042701e+00
-7.582710869910641582e-01
-9.393505740036628415e-01
-9.093775333871249034e-01
-1.708423508494008036e+00
-7.522738042981189643e-01
-5.877816780200798563e-01
7.351305659271513138e-01
5.250442343714935012e-01
1.755519437741665634e+00
-9.251960783776732589e-01
-1.623763581769198661e+00
-7.969928594191980631e-01
-1.505363111219667704e+00
-5.082724268249761562e-02
2.132353594153340470e+00
1.982667226470168576e+00
-1.806308545032974333e+00
2.848519884016322390e+00
1.283170163427637789e+00
-2.049232444387810936e+00
-3.489598867636953261e-01
-1.846269471925740868e+00
1.294079632617020525e+00
-2.582980775577540911e+00
-2.183391743857526990e+00
3.236263200217307290e+00
2.793236068827727792e+00
-1.353525517724400107e+00
8.625147619529935916e-01
-1.117248806510971582e+00
-1.984294317619477388e+00
2.416796278766719208e+00
-4.411562492206720365e-01
-1.284611844016354310e+00
-2.981606000481171193e-01
-2.554372281904484510e+00
-2.161736778317649155e-01
-1.238263517360213672e+00
-2.641682844853646128e-01
1.840650926807046311e-02
7.325146850565982248e-01
2.156960430405093110e+00
1.943181517540422953e-01
2.544867949171433774e-01
-1.310032712369791630e-01
2.368001468203545734e+00
2.123370403285173680e+00
2.021649873902554295e-01
2.051873936973651169e+00
-9.963777208680129061e-01
-3.338564971630736400e-01
2.248636815102266873e+00
-1.242020333393212050e+00
1.638025750999548835e+00
-1.395287299082254018e+00
-3.764817038199899546e+00
-1.228653834052177762e+00
-2.381790788719465812e+00
5.357227072766925779e-01
2.412276899298989807e+00
7.189570677377528085e-01
-1.341594995235628973e+00
-2.681518547396400942e-01
1.657801810763432915e-01
4.788923813334278190e-01
8.712811472861349271e-01
1.311483963862477342e+00
5.670933438496204015e-01
6.748435747501568827e-01
-1.708848261024962234e-01
8.562949075745195371e-01
1.540390962597351754e+00
2.395476079631107869e+00
2.139367618359889534e+00
-1.594139228207769543e+00
-3.549708483176418738e+00
-1.101564305887721140e+00
1.857731711076884951e+00
7.524363881327859049e-01
4.880264031517637102e-01
7.805455317855666264e-01
-3.697578984638903776e+00
6.030929077362755519e-01
-4.002793273609796532e-01
-2.822195943804941098e+00
-5.799836519680994229e-01
-4.600999404131949633e-01
-2.087642301455518989e+00
-2.807785237158129998e+00
-1.477135301572691795e+00
-1.552051760910202916e+00
-2.013015056083796939e+00
-7.530481543205307382e-01
2.259251257523915868e+00
1.093040735925100426e+00
1.651121394057313729e+00
7.346964599590902756e-01
-2.506421069424493719e-01
5.902485189536360366e+00
-1.861581392709400040e+00
1.542832391533801806e+00
-3.409845687407686121e+00
1.383042613030104118e+00
-1.013026516212661710e+00
-1.114477528054238498e+00
2.072541748750493795e+00
-3.116640674169004033e+00
2.827591907515119463e+00
1.026977125494218102e-01
-1.417406434441003560e+00
-1.581399439917167804e+00
2.911738331334921437e+00
-4.202518276481996828e+00
7.746821417068466831e-01
-9.363657996637607672e-01
-1.620094451945482961e+00
2.977828616296818165e+00
-1.595517747651922669e+00
-7.552152837656721240e-02
1.743700698825370266e+00
-3.117872698853008107e+00
2.830331156235602053e-01
-1.817377191605479503e+00
-5.871772558951369181e-01
-1.893521926941984734e+00
-9.018674047270108796e-01
-7.061982075540343962e-01
-3.922582894514061169e-01
4.693539610165407439e+00
-1.703293652406292769e-01
-1.478183552496266095e+00
5.822298975965291001e-01
1.283213401594497372e+00
4.867215516908045991e+00
