8.218683228556019627e-01
4.994789002177382198e-01
-2.120284707606265306e-01
-7.317592163183702647e-01
-1.239520612180228465e+00
-3.649841220724172053e-01
-9.015230136316467746e-01
-2.392893402566325101e-01
-7.020469403404361319e-01
-4.887334007208741227e-01
-4.351017633566739429e-01
8.227816196992761011e-01
4.359860213328403677e-01
-4.288373345915498236e-01
-2.902244145926649588e-01
-2.267914517538800745e-01
-4.948273797869638391e-01
2.352778600850531088e-01
3.626804434732375793e-01
-6.820931071904845489e-01
1.398241630599534602e-01
-4.448012839453264200e-01
-1.117049771536557518e-01
1.361186083834262373e-01
-2.867632303366002833e-01
-1.794213977915999625e-01
-2.333820015060421027e-01
-1.288546165621655692e+00
-5.006910115895764068e-01
-5.327752156449788723e-01
-3.817725500904161490e-02
6.618731873482531780e-01
6.430619276961896391e-01
5.568900703217887216e-01
6.039782756106770734e-01
-3.321806558997453807e-01
-1.192233136783362735e-01
1.397009870189695468e-01
4.864065908165295937e-01
-5.226498831751098528e-01
5.882508857291903759e-01
-6.305875935005187706e-03
