5.000000000000000000e-01 -5.000000000000000000e-01
3.024004370000000219e-01 -6.692524050000000502e-01
5.762220299999999684e-02 -7.778057350000000536e-01
-2.105484950000000022e-01 -8.054078959999999565e-01
-4.720309999999999784e-01 -7.361386210000000485e-01
-6.934668099999999891e-01 -5.680715800000000204e-01
-8.442733590000000010e-01 -3.200018629999999975e-01
-9.031804979999999983e-01 -2.683187880000000025e-02
-8.614675219999999856e-01 2.739236310000000008e-01
-7.218444579999999666e-01 5.525765500000000552e-01
-4.955224160000000211e-01 7.873399159999999730e-01
-2.006692499999999935e-01 9.571461909999999795e-01
1.366308039999999946e-01 1.035381160000000023e+00
4.806751349999999756e-01 9.929861469999999857e-01
7.877344630000000514e-01 8.147186619999999824e-01
1.014078129999999911e+00 5.179419389999999623e-01
1.127562670000000100e+00 1.518082460000000078e-01
1.114584739999999963e+00 -2.272881270000000065e-01
9.781497569999999531e-01 -5.790911479999999445e-01
7.314404909999999704e-01 -8.818170929999999963e-01
3.936846909999999755e-01 -1.118351010000000034e+00
-8.661701259999999777e-03 -1.260696449999999968e+00
-4.370924219999999805e-01 -1.266081669999999937e+00
-8.386922730000000437e-01 -1.096994269999999938e+00
-1.154229790000000033e+00 -7.593545550000000421e-01
-1.336540709999999965e+00 -3.170845330000000017e-01
-1.364921419999999941e+00 1.452084720000000051e-01
-1.243453670000000066e+00 5.697851000000000443e-01
-9.892047550000000466e-01 9.350276779999999732e-01
-6.233681340000000182e-01 1.233179819999999927e+00
-1.713167569999999862e-01 1.443090640000000091e+00
3.297522849999999783e-01 1.514678490000000100e+00
8.224589509999999937e-01 1.383974459999999906e+00
1.233225440000000006e+00 1.029933650000000034e+00
1.496210260000000014e+00 5.215177130000000494e-01
1.579432039999999926e+00 -2.237467019999999848e-02
1.487007699999999932e+00 -5.165366300000000521e-01
1.241263610000000073e+00 -9.356742620000000343e-01
8.669722229999999863e-01 -1.283473960000000025e+00
3.884936319999999776e-01 -1.552818379999999943e+00
-1.614792439999999940e-01 -1.698090150000000076e+00
-7.279252830000000341e-01 -1.636147140000000055e+00
-1.229184789999999916e+00 -1.306829119999999955e+00
-1.580369789999999997e+00 -7.611909289999999606e-01
-1.732455840000000080e+00 -1.464615160000000138e-01
-1.685098989999999963e+00 4.140325289999999825e-01
-1.465159670000000025e+00 8.816600279999999845e-01
-1.102425310000000103e+00 1.268273980000000023e+00
-6.218134210000000328e-01 1.583366269999999965e+00
-5.094640369999999668e-02 1.796412640000000005e+00
5.629122890000000101e-01 1.821638050000000009e+00
1.139366450000000031e+00 1.562163160000000106e+00
1.579605099999999984e+00 1.024786250000000010e+00
1.813019740000000102e+00 3.614428190000000263e-01
1.827131789999999922e+00 -2.617055240000000227e-01
1.649630820000000053e+00 -7.780235089999999465e-01
1.315683160000000074e+00 -1.198851300000000064e+00
8.529083020000000070e-01 -1.548073690000000058e+00
2.856371999999999800e-01 -1.815268050000000022e+00
-3.483598050000000224e-01 -1.928251900000000019e+00
-9.779919980000000290e-01 -1.770624390000000048e+00
-1.500036240000000021e+00 -1.292090079999999919e+00
-1.822528680000000012e+00 -6.141488830000000343e-01
-1.912652969999999897e+00 6.379446229999999329e-02
-1.792395359999999993e+00 6.322616170000000535e-01
-1.500935839999999910e+00 1.088933689999999954e+00
-1.070338220000000007e+00 1.466340219999999972e+00
-5.244063270000000054e-01 1.773861560000000059e+00
1.071332620000000069e-01 1.962272709999999920e+00
7.664400350000000195e-01 1.917223909999999920e+00
1.355939840000000007e+00 1.539279569999999930e+00
1.768383330000000031e+00 8.889430740000000553e-01
1.945389849999999976e+00 1.723198720000000128e-01
1.895041109999999973e+00 -4.508370239999999751e-01
1.657057030000000042e+00 -9.487276559999999748e-01
1.268643299999999918e+00 -1.353884719999999930e+00
7.557247980000000309e-01 -1.691955490000000006e+00
1.429864289999999982e-01 -1.939048710000000009e+00
-5.249311629999999784e-01 -1.999297510000000111e+00
-1.163309949999999926e+00 -1.746028769999999897e+00
-1.659402679999999908e+00 -1.166497260000000091e+00
-1.929372110000000085e+00 -4.372911019999999871e-01
-1.959469799999999928e+00 2.382890789999999870e-01
-1.784372599999999975e+00 7.837833539999999877e-01
-1.445675169999999898e+00 1.220233759999999945e+00
-9.734048410000000207e-01 1.584046639999999950e+00
-3.904743900000000045e-01 1.874690830000000030e+00
2.691504160000000034e-01 2.023118279999999825e+00
9.367547179999999862e-01 1.899662050000000102e+00
1.504183609999999893e+00 1.427052790000000071e+00
1.867781149999999890e+00 7.198212210000000111e-01
1.986552819999999997e+00 1.866501150000000062e-03
1.882970470000000063e+00 -5.961429209999999923e-01
1.600512380000000068e+00 -1.069796860000000072e+00
1.174353229999999915e+00 -1.458899350000000039e+00
6.285223399999999572e-01 -1.782183379999999984e+00
-1.016370670000000045e-02 -1.999174229999999941e+00
-6.886466119999999913e-01 -1.995839499999999989e+00
-1.311046160000000071e+00 -1.653119629999999951e+00
-1.763311999999999991e+00 -1.006358899999999945e+00
-1.976112850000000032e+00 -2.655731000000000064e-01
-1.952145060000000099e+00 3.859505830000000137e-01
-1.732345999999999941e+00 9.035936909999999767e-01
-1.356909249999999956e+00 1.320891599999999944e+00
-8.532241680000000050e-01 1.670592630000000023e+00
-2.445491049999999889e-01 1.938612489999999910e+00
4.291319559999999811e-01 2.037082579999999865e+00
1.088295049999999931e+00 1.831733190000000011e+00
1.618985050000000037e+00 1.281465569999999943e+00
1.927466909999999922e+00 5.467034619999999734e-01
1.990408249999999990e+00 -1.529607289999999897e-01
1.840010209999999979e+00 -7.206617170000000350e-01
1.519896350000000007e+00 -1.171415319999999927e+00
1.062269300000000083e+00 -1.545538389999999929e+00
4.900196689999999911e-01 -1.851249230000000079e+00
-1.663266150000000110e-01 -2.030380829999999914e+00
-8.442355000000000276e-01 -1.955917770000000111e+00
-1.438827999999999996e+00 -1.529288779999999903e+00
-1.840143269999999998e+00 -8.360258310000000526e-01
-1.995751459999999922e+00 -1.020844020000000046e-01
-1.921840640000000100e+00 5.191180340000000060e-01
-1.662134339999999932e+00 1.009908849999999969e+00
-1.254134309999999974e+00 1.409938670000000061e+00
-7.229550510000000152e-01 1.744733029999999907e+00
-9.346414449999999874e-02 1.984747210000000095e+00
5.868949449999999457e-01 2.024897399999999958e+00
1.228174230000000033e+00 1.735871149999999918e+00
1.714584939999999946e+00 1.121067789999999897e+00
1.966041539999999976e+00 3.761908380000000274e-01
1.975696469999999927e+00 -2.970707269999999789e-01
1.782197789999999893e+00 -8.345796829999999611e-01
1.427602390000000110e+00 -1.264675620000000000e+00
9.411351669999999947e-01 -1.624388869999999985e+00
3.454997679999999849e-01 -1.909255780000000069e+00
-3.236194139999999941e-01 -2.043020240000000154e+00
-9.935227890000000173e-01 -1.891475500000000087e+00
-1.552705309999999894e+00 -1.387156049999999974e+00
-1.899513709999999911e+00 -6.630967119999999770e-01
-1.999092630000000037e+00 5.355176689999999878e-02
-1.878304509999999983e+00 6.429810849999999522e-01
-1.581470560000000081e+00 1.109122179999999958e+00
-1.142978250000000084e+00 1.493402619999999903e+00
-5.863223330000000288e-01 1.811771089999999917e+00
6.073128349999999676e-02 2.017869670000000060e+00
7.420513410000000309e-01 1.991991939999999905e+00
1.358164460000000018e+00 1.619547770000000053e+00
1.795316240000000008e+00 9.528211269999999899e-01
1.989437160000000038e+00 2.104696329999999893e-01
1.948287040000000081e+00 -4.325863300000000189e-01
1.714363990000000060e+00 -9.415614839999999486e-01
