6.799247499618832347e-01 4.379697541858558196e+00
-8.766205950186226614e-01 4.131847099720419969e+00
5.416972157186068781e-02 -2.539771554972519163e-01
6.692226744515942238e-01 5.116328010795988535e-01
-2.396872314979501706e+00 -1.876683440635201983e+00
-4.911083402714094270e-01 -1.282712807699484037e+00
-1.110752418415415388e+00 -9.350260042220068790e-01
-1.458618317651529273e+00 -1.898372517201680487e-01
-1.046644212676995922e+00 2.089812341108777671e-01
1.863792362873046615e+00 -1.333875486565331281e+00
-9.867096604810701166e-01 4.702768201003914683e+00
-1.488389167097263488e-01 -2.051183089241139346e+00
2.348271217602580840e+00 -1.529030311361239347e+00
6.935652618433120198e-01 1.424306679738372328e+00
-1.376377210033276621e-01 -7.532170415715286893e-01
-3.237157367019122045e+00 1.704336235003478972e+00
2.237662438693206024e+00 2.076760750257288457e+00
4.905895861286210247e-01 -8.760860673391006603e-01
2.293097873244855922e+00 5.618919793629455484e-01
-2.482902164898760144e+00 -3.045822601244066341e+00
-2.442232137859273067e+00 1.788275579639901025e+00
-2.039964695041884823e+00 6.093138837145446463e-01
-9.348770994350578123e-01 -3.677948810842633365e-01
1.349877199814454976e+00 -5.274839050629356763e+00
-1.133758432744524924e+00 1.088157909289584335e+00
-2.939566097528326871e+00 1.411278450755770075e+00
1.881251030651398537e+00 -5.551447646558208548e-01
-6.183156661995539594e+00 1.936086755249893265e+00
-1.793179559748961704e+00 -2.256250750970964614e+00
-1.156262119788519227e-01 2.304295942233240524e+00
2.095121360674167654e+00 -8.292699689073900204e-01
1.793682541590045698e+00 2.828422573362231685e+00
1.202746623668776049e+00 4.542134390235704089e+00
2.135606683972164355e+00 -6.259870373194298399e-01
-4.115476014647089231e-01 -4.364111761003892198e+00
1.499507795919042152e+00 2.210016723033254027e-01
-1.910373740037121459e+00 -2.261243974295009895e+00
-1.366583972338497599e+00 2.778222826500085230e+00
1.886328926991905908e-01 -2.422264887313114734e+00
8.129282101090802293e-01 2.531930346638455287e+00
