0.000000000000000000e+00 0.000000000000000000e+00 0.000000000000000000e+00 0.000000000000000000e+00 0.000000000000000000e+00 0.000000000000000000e+00 0.000000000000000000e+00 0.000000000000000000e+00 0.000000000000000000e+00 0.000000000000000000e+00 0.000000000000000000e+00 0.000000000000000000e+00 0.000000000000000000e+00 0.000000000000000000e+00 0.000000000000000000e+00 0.000000000000000000e+00 0.000000000000000000e+00 0.000000000000000000e+00 0.000000000000000000e+00 0.000000000000000000e+00 0.000000000000000000e+00 0.000000000000000000e+00 0.000000000000000000e+00
1.270645211810726427e-01 -1.461021068982335080e+00 -5.197411698245324452e-01 -4.071836479569139189e-01 8.072983592670361919e-01 3.297847591602163675e+00 4.090234954182048743e-01 3.594627113590366907e+00 4.068845774012356031e+00 -9.610302891248259094e-01 -4.042693552812202995e+00 -2.605666603660267366e+00 -7.896969133853584122e-01 1.386565313478180350e+00 3.615010454581880417e+00 1.758297626131584357e+00 -2.660744682155012697e+00 1.833173078568940850e+00 -2.662846210599845165e+00 1.900183029595556017e-01 -1.116058781721114945e+00 2.061956104891625063e+00 -1.975430141659677119e+00
2.833595084133674558e+00 -5.020876657736881438e-02 3.712920525104503322e-01 3.151607285057169250e+00 6.758003213659913300e-01 9.469246375915838509e-01 2.916651204952469101e+00 9.795790807638405928e-01 2.331249501880223285e+00 -8.458740364359040864e-02 1.398813231161722070e+00 -3.305358500733733829e-01 -7.412825830331589705e-01 2.169675064644645879e+00 -2.931917559114370353e-01 -1.673065538667230623e+00 2.866945261554943336e+00 -4.096098074938813172e-01 -1.356011645786650455e+00 1.386642823875350761e+00 -1.571404088516475506e+00 -8.173910922527596323e-01 -8.235903550406751261e-01
0.000000000000000000e+00 0.000000000000000000e+00 0.000000000000000000e+00 -1.934968096311982633e+00 2.127679471732555427e+01 -1.450143290791264761e+01 1.207707069887305096e+01 -2.846602931150624127e-02 3.768608647358714148e+00 -2.128158286237158858e+00 1.084391180051641790e+01 6.189068255685824527e-01 1.546214580247233705e+01 -1.409934037103149151e+01 1.898187377011154098e+01 -1.418087361559295623e+01 7.885386308713608905e+00 6.035266961134353458e-01 -1.653885183010353543e+01 -7.847912868154746313e+00 5.422362425639563055e-01 -2.286555287971372696e-01 -2.465246930645279733e+01
0.000000000000000000e+00 0.000000000000000000e+00 0.000000000000000000e+00 -3.960256162972127125e+00 -2.368383638805385161e+01 -1.208629474706391171e+01 3.349681151183097505e+00 5.626225655833555273e+00 4.977677476816192836e+01 1.031029346366618027e+00 1.043707046772490044e+00 1.084528347428590639e-01 -5.529648511360429453e+00 -1.086740660353864851e-01 -4.150724412153931731e+00 7.559419034626158052e+00 -1.201250112704344097e+01 -1.358026623355815810e-01 5.892153724791779901e-01 4.468114537576117762e+00 -4.239587246519794239e-01 -4.997620789503691441e+01 3.796316958569605760e+01
0.000000000000000000e+00 0.000000000000000000e+00 0.000000000000000000e+00 -1.469990157862549163e+00 -3.106688051091351355e+01 -5.587929841045365720e+01 -1.350112992255573463e+00 1.303720497862228811e+01 8.434748657361564028e+01 9.227531109769473439e-01 -4.024088244999061814e+00 9.646853216232657013e-01 1.696750169532807817e+01 9.574020752590034489e-01 -4.377858391997034637e+00 9.526199009960071962e+00 3.316396391070141725e+00 1.561986163266764482e-01 5.810426530107863918e+00 -1.535812299711434292e-01 -9.483999361558749230e-01 -6.876918654733889014e+01 2.649105202174296991e+01
0.000000000000000000e+00 0.000000000000000000e+00 0.000000000000000000e+00 -5.620856368795333902e-01 1.276532738834245428e+01 8.460390758194138883e+00 4.794364958206146277e+00 -3.575918758582907753e+00 -2.635552981962411323e+01 -1.395031794454752783e+00 7.510180818247915724e+00 1.553548442838709853e+00 3.677629510096808385e+00 -8.518034213390928144e+00 1.645856787988397940e+01 -1.516304308472293094e+01 1.414442810774100057e+00 -1.880290626278826802e-02 -1.008532183864216059e+01 -1.891411278305569432e+00 -3.420119748772629947e-02 1.908803272811729457e+01 -1.105504368635498658e+01
0.000000000000000000e+00 0.000000000000000000e+00 0.000000000000000000e+00 3.698046490532183928e+00 2.075548358593175635e+01 -1.394566514801672383e+02 -1.304130433242449172e+01 3.074247066366686454e+01 2.506657744273165633e+02 1.061876460536436806e+00 -1.482725356012056928e+01 3.424473048808906572e+00 4.008784478466971990e+01 8.581266249236875865e+00 -7.186346725246234080e+00 1.294310996459781293e+01 1.449611737646025489e+01 1.137202971355087078e+00 1.644421565640098493e+01 -1.065048919097438329e+01 -2.378971719330285062e+00 -1.984162128880338400e+02 -3.087686123064389676e+01
0.000000000000000000e+00 0.000000000000000000e+00 0.000000000000000000e+00 -1.312323821487040520e+00 -1.949296805753743911e+01 3.695390843039074169e-01 2.219879694208210630e+00 -2.586409202484777833e-02 -1.102417129236790494e+01 3.122630968981821575e-01 1.015147960723623788e+00 2.752538947148417403e-01 1.420416782195389693e+00 -1.560455958807033916e+00 -1.647779087616584537e+00 4.540127471320293928e+00 -1.727056080598006638e+00 -7.545985224506372713e-02 -8.045642002189961062e-01 3.392852989139583553e+00 -1.814823931639635290e-01 3.342970011371131811e+00 2.602343749205280687e+01
0.000000000000000000e+00 0.000000000000000000e+00 0.000000000000000000e+00 -8.305207649193180330e+00 -3.121632340448442022e+01 -6.708300201386419914e+00 8.965593350260739669e+00 3.646458958148640406e+00 1.661161688270591341e+01 2.496529433494452377e+01 -3.115950077020612774e-01 -7.334547200417648405e+00 -3.084761385852319848e-01 1.515508455970174140e+00 -2.458458725200247841e+01 8.289015701597717722e+00 -1.758678682870039722e+01 -6.194428288499771035e-02 5.288278267404142419e+00 -1.008085227409712958e+00 -1.476499710713244484e+00 -9.830947590754794518e+00 3.740193937968697924e+01
0.000000000000000000e+00 0.000000000000000000e+00 0.000000000000000000e+00 5.524609899688268655e+00 1.878546203313295848e+01 -4.397602407353345910e+01 8.043074788972992550e+00 6.308715843975838844e+00 6.561851128933274424e+01 1.625964049359367891e+00 -1.636826190828126304e+00 4.207244898103057906e+00 2.158568346778683633e+01 -1.613048306521998043e+01 1.233382907932093531e+01 -1.050987612035518737e+01 1.086730668240077513e+01 3.245436765117721389e+00 -9.967674659236120505e+00 -8.842283207654327626e+00 -2.099661740325407866e+00 -5.148965320267014079e+01 -2.255057995301861951e+01
0.000000000000000000e+00 0.000000000000000000e+00 0.000000000000000000e+00 9.271366803991800687e-01 -3.495143090361082017e+01 4.708777325503934463e+00 -3.539417691640035724e+00 3.612105947643838577e-02 -7.102179341005711244e+00 1.251433084486743752e+01 4.503521214759650393e-01 3.484359206494417105e+00 -2.432071573917892415e+00 3.357157453995531782e+00 -1.586313855695684261e+01 3.346608111871501201e+00 -1.634722454238921330e+01 2.638196594597811973e-01 -5.793534891417737587e-01 1.570038374644856072e+00 -2.123521414770968896e+00 4.049059165784076875e+00 4.518056830293002690e+01
0.000000000000000000e+00 0.000000000000000000e+00 0.000000000000000000e+00 2.404805317501225836e+00 2.772293488388890381e+01 -1.236798505085854174e+02 -9.506561709440521923e+00 2.959374109689835208e+01 2.457770554305822372e+02 6.904033246355861797e-01 -1.329360422698633215e+01 2.708622435073937851e+00 2.300108006172382247e+01 2.614740298147997688e+00 -3.568028208665595891e+00 7.081476432020074263e+00 1.753938764506307635e+01 7.051550918736322338e-01 1.565149357074164449e+01 3.820438955452835739e+00 -2.130489813060346904e+00 -2.085268907404989704e+02 -2.874679216692909378e+01
0.000000000000000000e+00 0.000000000000000000e+00 0.000000000000000000e+00 1.864014967813873991e+00 2.001448103457095229e+01 -5.087760361404153109e+00 3.001959838159956595e-01 -1.023998391243253536e+00 2.037127166511939080e+01 -2.286779121174627782e+00 3.000829115153001325e+00 -7.624526930229583721e-01 4.897102411855493997e+00 -3.710540876400298949e+00 1.770818701864994793e+01 -1.352544208112199087e+01 -3.177164576735647117e+00 -8.769139773019191120e-02 -5.125045741484322015e+00 -3.408915521570353491e+00 9.559538677338509371e-01 -2.085350485709225410e+01 -1.532438724927026641e+01
0.000000000000000000e+00 0.000000000000000000e+00 0.000000000000000000e+00 -5.346543834143727025e+00 3.102027776904486345e+01 -3.854080029226740756e-01 1.004671572695960258e+01 2.295681431380387050e+00 8.456739007299878708e+00 6.116742854385708306e+00 2.237353180706886935e+00 -4.143849190441937225e+00 -5.021556819783524972e+00 -1.335653855117126554e+01 1.319237722969891102e+01 -9.228295731158308257e+00 9.522348612157779613e+00 -1.155289823364469975e-01 -6.436442678730929234e-01 3.853314902894741323e+00 -3.488101211479119335e-01 -1.107996713922345755e+01 -3.763236125430887569e+01
0.000000000000000000e+00 0.000000000000000000e+00 0.000000000000000000e+00 6.868591459057221682e-01 4.014023489243647447e+01 9.224260904454027354e+00 4.396786216607867281e+00 -5.132966239221612881e+00 -3.104736609218601728e+01 -7.438908950187422819e-01 2.249595507251286985e+00 -3.277532586710857121e+00 4.858292726913331805e+00 -8.822475876182739540e+00 1.218185218768938327e+01 2.976752092641513081e-01 1.724251005728039488e+01 -6.645195397006391225e-02 -3.795738380111577825e+00 -3.353135360945646237e+00 1.400682605843933226e+00 2.708868979302529922e+01 -5.550580299461330469e+01
0.000000000000000000e+00 0.000000000000000000e+00 0.000000000000000000e+00 -2.095693860190337876e+00 -8.682864940790406649e+01 -1.343691054256283213e+00 -2.725415151890254517e+00 5.288029766683719046e+00 1.137605473512393139e+01 1.583757890470012031e+00 -2.522552667213834976e+00 1.067869177500793798e+00 -9.465437848116073027e+00 6.437756301932702208e+00 -7.972747230180325495e+00 1.224841424550670155e+01 -2.362042192111014671e+01 9.823637762365435011e-02 4.789770092458552675e+00 7.200270454440754975e+00 -9.881638178859855071e-01 -1.200157328918148281e+01 9.301783215909554769e+01
0.000000000000000000e+00 0.000000000000000000e+00 0.000000000000000000e+00 5.646112128486575443e+01 3.090824439808556789e+01 -1.316718911503063083e+01 -4.625624865879580483e+01 -5.557444112305464756e+00 -4.793636862142882649e+00 7.754389774312214989e+00 -7.086354496228223354e+01 1.904180426553543981e+01 1.811305412866513009e+01 4.065068452722125691e+00 -8.448128716600518118e+00 -1.991457256596021637e-03 1.502715099632582785e+01 1.246952875233100677e+01 3.834875796100249090e+01 -4.754867590463376814e+00 -1.110904218431032042e+01 5.859234006470843248e+00 -3.907319290496161557e+01
0.000000000000000000e+00 0.000000000000000000e+00 0.000000000000000000e+00 -2.395245269769831431e+00 4.428496844564209667e+00 -1.038915539247089725e+01 1.271872915317619857e+01 1.798580716903386501e+00 -2.234909246834050123e+00 2.812326152477387264e+00 7.144062437794818976e+00 2.321973115183836089e+00 8.168595437127113001e+00 -1.543909336289597611e+01 1.013992149455843084e+01 -9.598976860682812529e+00 6.534554916745292985e+00 1.517484619161100667e+00 -1.311154021230693267e+01 -2.384293906574065591e+00 -1.350336700908837395e+00 3.254208149772790382e+00 -7.738614286312333945e+00
0.000000000000000000e+00 0.000000000000000000e+00 0.000000000000000000e+00 1.359242198178653993e+00 5.888426903592014838e+01 -7.530948131495935627e+01 -5.416661949188927849e+00 2.010888625801787910e+01 1.625624975682818274e+02 -5.417542023502362747e-02 -8.143675039526046433e+00 1.534457931518705687e+00 4.669842179843312735e+00 -4.324013747439802713e-01 1.317643024438437671e-01 1.700521866212984845e+00 1.849500713729764101e+01 3.499756323781937351e-01 9.738248544253147898e+00 1.215514765778093320e+01 -1.205676834939942932e+00 -1.455204432605108309e+02 -5.222045862754418977e+01
0.000000000000000000e+00 0.000000000000000000e+00 0.000000000000000000e+00 -1.812915017531807171e+00 -6.047254980963334958e+01 1.468691791254287793e+01 1.958250954887509332e+00 -4.576158478150133213e+00 -4.642488110434754844e+01 1.616802478408253663e+01 4.372980867327926013e+00 -3.604531279769212393e+00 3.649213351239227521e+00 8.009406494830233925e+00 -2.476135866109641981e+01 8.439652183202085212e+00 -2.400737704785166926e+01 3.437535749358862636e-01 -5.188720189780410053e+00 -3.591125224755015832e+00 1.380164173222921509e+00 4.321875103232058990e+01 7.122794286375147976e+01
0.000000000000000000e+00 0.000000000000000000e+00 0.000000000000000000e+00 -7.279489484702563740e-01 9.769379002751532592e-02 4.059549409405925680e+00 1.566248182437701253e+00 -1.018554967421328561e+00 -1.018412453755555980e+01 1.589879597213205709e-01 1.008005400220250980e+00 2.661022066020835020e-01 -3.783305155449580570e-01 -1.158962653538213150e+00 -1.025468591718536882e+00 2.848224748766712278e+00 -5.882412734527897591e-01 -5.557265955627538334e-02 -1.038923946031391488e+00 2.942137940688194231e+00 -1.125562804038924836e-01 1.387766401539887617e+00 9.640636675985733817e+00
0.000000000000000000e+00 0.000000000000000000e+00 0.000000000000000000e+00 -4.310321799817169897e+00 -5.889289792267528867e+01 -1.048009685241824762e+01 2.746899257106965919e+00 6.694772841546714481e+00 4.441468510688346782e+01 1.391044774256286809e+00 2.208209725617259755e-01 3.314958036916156869e-01 -8.276735344384126947e+00 1.171488549472140983e+00 -5.911513932803551974e+00 1.042212826459524422e+01 -1.917399203001694019e+01 -8.698353155913809975e-02 1.846936642487139180e+00 6.354921064892928406e+00 -6.491492288067211014e-01 -4.379521902151972057e+01 7.134014202154484963e+01
