8.046181358009034668e-01 -1.160623053676898275e-01
7.789636962146438970e-01 3.949360501170200433e+00
2.472902634268442590e+00 1.913991816062681206e+00
2.462752751529444784e-01 1.436331318118338807e+00
1.953166178577683709e+00 -1.546097225257648256e-01
1.654607133770288341e+00 2.221597282450942512e-01
5.235857668347508875e-01 2.599228729762916412e+00
-1.107902845350587029e+00 8.312476758918556641e-01
7.830935518826588615e-02 5.809452120486353621e-01
-6.827806498346795649e-01 -9.835733610134962390e-01
1.170525516890894985e-01 1.545936491345619945e+00
-1.047586810744379537e+00 4.847922827736038665e-01
-1.224169469620715711e+00 -6.374044540045600282e-01
1.192700315094411989e+00 1.323340718567846963e+00
-4.329732229076375671e-01 2.238877360817810747e+00
1.556180445273963250e-02 -4.927475164879487335e-01
-1.095515898128712529e+00 9.392019970337421586e-02
4.209095163919373661e+00 -1.910933537622972578e+00
1.456933382262956878e+00 -5.076599918935841282e-01
2.495603684883188400e+00 1.476628051769614647e+00
6.901212832946957976e-01 -2.464392937247672055e+00
1.000741298990062561e-01 1.117652266595358546e+00
1.820834115472011128e+00 5.792980558600234753e-01
3.221792296543886991e+00 5.107156606350332639e-01
1.184738054382055594e+00 -4.481584052205858981e+00
1.105576823005935294e+00 1.051940092679794825e+00
2.237374877362789505e+00 1.294309199905975261e+00
-6.713931072050359772e-01 2.045504364228905470e+00
9.200873874447748069e-01 -4.627353715916083798e-01
-3.780343220850344021e+00 7.878259010807944218e-01
