-9.886272338565728068e-01 -6.440121931004447742e-01
1.725352857969748577e+00 2.737682885206577321e+00
-1.754717503599635631e+00 1.987794517179692910e+00
-6.098256466019730260e-02 -7.181424947519060575e-01
-2.245860070562759603e+00 1.400036763613179858e+00
-9.617663621225432946e-01 2.650951543955408329e+00
1.820076564328863222e+00 -2.504436610639692251e+00
-1.634154171681686973e+00 -1.086824184086540690e+00
4.875213859910569325e-01 -1.949294031148546491e+00
-2.667646672524851770e+00 2.184306709044460337e+00
1.019393164441445121e+00 -4.205517281055482504e-01
2.053228281032148939e+00 -1.294418722171313041e+00
3.293520980097589756e+00 -4.649601083710066529e-01
9.451654660495761862e-01 1.704694870047871458e+00
-3.354148409561620525e+00 -1.547838625986148964e+00
-1.149443503619175910e+00 -1.161021920508901628e+00
-3.208947411593685128e+00 3.032933235056497701e+00
-1.948300057596898116e-02 -2.491883942386337036e+00
-6.533583458089338158e-01 2.994395342131309423e+00
1.567840136584093935e+00 2.288592890874347585e+00
