-4.000000000000000000e+00 -4.000000000000000000e+00
-4.000000000000000000e+00 -3.799999999999999822e+00
-4.000000000000000000e+00 -3.600000000000000089e+00
-4.000000000000000000e+00 -3.399999999999999911e+00
-4.000000000000000000e+00 -3.200000000000000178e+00
-4.000000000000000000e+00 -3.000000000000000000e+00
-4.000000000000000000e+00 -2.799999999999999822e+00
-4.000000000000000000e+00 -2.599999999999999645e+00
-4.000000000000000000e+00 -2.399999999999999911e+00
-4.000000000000000000e+00 -2.200000000000000178e+00
-4.000000000000000000e+00 -2.000000000000000000e+00
-4.000000000000000000e+00 -1.799999999999999822e+00
-4.000000000000000000e+00 -1.599999999999999645e+00
-4.000000000000000000e+00 -1.399999999999999911e+00
-4.000000000000000000e+00 -1.199999999999999734e+00
-4.000000000000000000e+00 -1.000000000000000000e+00
-4.000000000000000000e+00 -7.999999999999998224e-01
-4.000000000000000000e+00 -5.999999999999996447e-01
-4.000000000000000000e+00 -3.999999999999999112e-01
-4.000000000000000000e+00 -1.999999999999997335e-01
-4.000000000000000000e+00 0.000000000000000000e+00
-4.000000000000000000e+00 2.000000000000001776e-01
-4.000000000000000000e+00 4.000000000000003553e-01
-4.000000000000000000e+00 6.000000000000005329e-01
-4.000000000000000000e+00 8.000000000000007105e-01
-4.000000000000000000e+00 1.000000000000000000e+00
-4.000000000000000000e+00 1.200000000000000178e+00
-4.000000000000000000e+00 1.400000000000000355e+00
-4.000000000000000000e+00 1.600000000000000533e+00
-4.000000000000000000e+00 1.800000000000000711e+00
-4.000000000000000000e+00 2.000000000000000000e+00
-4.000000000000000000e+00 2.200000000000000178e+00
-4.000000000000000000e+00 2.400000000000000355e+00
-4.000000000000000000e+00 2.600000000000000533e+00
-4.000000000000000000e+00 2.800000000000000711e+00
-4.000000000000000000e+00 3.000000000000000000e+00
-4.000000000000000000e+00 3.200000000000000178e+00
-4.000000000000000000e+00 3.400000000000000355e+00
-4.000000000000000000e+00 3.600000000000000533e+00
-4.000000000000000000e+00 3.800000000000000711e+00
-3.799999999999999822e+00 -4.000000000000000000e+00
-3.799999999999999822e+00 -3.799999999999999822e+00
-3.799999999999999822e+00 -3.600000000000000089e+00
-3.799999999999999822e+00 -3.399999999999999911e+00
-3.799999999999999822e+00 -3.200000000000000178e+00
-3.799999999999999822e+00 -3.000000000000000000e+00
-3.799999999999999822e+00 -2.799999999999999822e+00
-3.799999999999999822e+00 -2.599999999999999645e+00
-3.799999999999999822e+00 -2.399999999999999911e+00
-3.799999999999999822e+00 -2.200000000000000178e+00
-3.799999999999999822e+00 -2.000000000000000000e+00
-3.799999999999999822e+00 -1.799999999999999822e+00
-3.799999999999999822e+00 -1.599999999999999645e+00
-3.799999999999999822e+00 -1.399999999999999911e+00
-3.799999999999999822e+00 -1.199999999999999734e+00
-3.799999999999999822e+00 -1.000000000000000000e+00
-3.799999999999999822e+00 -7.999999999999998224e-01
-3.799999999999999822e+00 -5.999999999999996447e-01
-3.799999999999999822e+00 -3.999999999999999112e-01
-3.799999999999999822e+00 -1.999999999999997335e-01
-3.799999999999999822e+00 0.000000000000000000e+00
-3.799999999999999822e+00 2.000000000000001776e-01
-3.799999999999999822e+00 4.000000000000003553e-01
-3.799999999999999822e+00 6.000000000000005329e-01
-3.799999999999999822e+00 8.000000000000007105e-01
-3.799999999999999822e+00 1.000000000000000000e+00
-3.799999999999999822e+00 1.200000000000000178e+00
-3.799999999999999822e+00 1.400000000000000355e+00
-3.799999999999999822e+00 1.600000000000000533e+00
-3.799999999999999822e+00 1.800000000000000711e+00
-3.799999999999999822e+00 2.000000000000000000e+00
-3.799999999999999822e+00 2.200000000000000178e+00
-3.799999999999999822e+00 2.400000000000000355e+00
-3.799999999999999822e+00 2.600000000000000533e+00
-3.799999999999999822e+00 2.800000000000000711e+00
-3.799999999999999822e+00 3.000000000000000000e+00
-3.799999999999999822e+00 3.200000000000000178e+00
-3.799999999999999822e+00 3.400000000000000355e+00
-3.799999999999999822e+00 3.600000000000000533e+00
-3.799999999999999822e+00 3.800000000000000711e+00
-3.600000000000000089e+00 -4.000000000000000000e+00
-3.600000000000000089e+00 -3.799999999999999822e+00
-3.600000000000000089e+00 -3.600000000000000089e+00
-3.600000000000000089e+00 -3.399999999999999911e+00
-3.600000000000000089e+00 -3.200000000000000178e+00
-3.600000000000000089e+00 -3.000000000000000000e+00
-3.600000000000000089e+00 -2.799999999999999822e+00
-3.600000000000000089e+00 -2.599999999999999645e+00
-3.600000000000000089e+00 -2.399999999999999911e+00
-3.600000000000000089e+00 -2.200000000000000178e+00
-3.600000000000000089e+00 -2.000000000000000000e+00
-3.600000000000000089e+00 -1.799999999999999822e+00
-3.600000000000000089e+00 -1.599999999999999645e+00
-3.600000000000000089e+00 -1.399999999999999911e+00
-3.600000000000000089e+00 -1.199999999999999734e+00
-3.600000000000000089e+00 -1.000000000000000000e+00
-3.600000000000000089e+00 -7.999999999999998224e-01
-3.600000000000000089e+00 -5.999999999999996447e-01
-3.600000000000000089e+00 -3.999999999999999112e-01
-3.600000000000000089e+00 -1.999999999999997335e-01
-3.600000000000000089e+00 0.000000000000000000e+00
-3.600000000000000089e+00 2.000000000000001776e-01
-3.600000000000000089e+00 4.000000000000003553e-01
-3.600000000000000089e+00 6.000000000000005329e-01
-3.600000000000000089e+00 8.000000000000007105e-01
-3.600000000000000089e+00 1.000000000000000000e+00
-3.600000000000000089e+00 1.200000000000000178e+00
-3.600000000000000089e+00 1.400000000000000355e+00
-3.600000000000000089e+00 1.600000000000000533e+00
-3.600000000000000089e+00 1.800000000000000711e+00
-3.600000000000000089e+00 2.000000000000000000e+00
-3.600000000000000089e+00 2.200000000000000178e+00
-3.600000000000000089e+00 2.400000000000000355e+00
-3.600000000000000089e+00 2.600000000000000533e+00
-3.600000000000000089e+00 2.800000000000000711e+00
-3.600000000000000089e+00 3.000000000000000000e+00
-3.600000000000000089e+00 3.200000000000000178e+00
-3.600000000000000089e+00 3.400000000000000355e+00
-3.600000000000000089e+00 3.600000000000000533e+00
-3.600000000000000089e+00 3.800000000000000711e+00
-3.399999999999999911e+00 -4.000000000000000000e+00
-3.399999999999999911e+00 -3.799999999999999822e+00
-3.399999999999999911e+00 -3.600000000000000089e+00
-3.399999999999999911e+00 -3.399999999999999911e+00
-3.399999999999999911e+00 -3.200000000000000178e+00
-3.399999999999999911e+00 -3.000000000000000000e+00
-3.399999999999999911e+00 -2.799999999999999822e+00
-3.399999999999999911e+00 -2.599999999999999645e+00
-3.399999999999999911e+00 -2.399999999999999911e+00
-3.399999999999999911e+00 -2.200000000000000178e+00
-3.399999999999999911e+00 -2.000000000000000000e+00
-3.399999999999999911e+00 -1.799999999999999822e+00
-3.399999999999999911e+00 -1.599999999999999645e+00
-3.399999999999999911e+00 -1.399999999999999911e+00
-3.399999999999999911e+00 -1.199999999999999734e+00
-3.399999999999999911e+00 -1.000000000000000000e+00
-3.399999999999999911e+00 -7.999999999999998224e-01
-3.399999999999999911e+00 -5.999999999999996447e-01
-3.399999999999999911e+00 -3.999999999999999112e-01
-3.399999999999999911e+00 -1.999999999999997335e-01
-3.399999999999999911e+00 0.000000000000000000e+00
-3.399999999999999911e+00 2.000000000000001776e-01
-3.399999999999999911e+00 4.000000000000003553e-01
-3.399999999999999911e+00 6.000000000000005329e-01
-3.399999999999999911e+00 8.000000000000007105e-01
-3.399999999999999911e+00 1.000000000000000000e+00
-3.399999999999999911e+00 1.200000000000000178e+00
-3.399999999999999911e+00 1.400000000000000355e+00
-3.399999999999999911e+00 1.600000000000000533e+00
-3.399999999999999911e+00 1.800000000000000711e+00
-3.399999999999999911e+00 2.000000000000000000e+00
-3.399999999999999911e+00 2.200000000000000178e+00
-3.399999999999999911e+00 2.400000000000000355e+00
-3.399999999999999911e+00 2.600000000000000533e+00
-3.399999999999999911e+00 2.800000000000000711e+00
-3.399999999999999911e+00 3.000000000000000000e+00
-3.399999999999999911e+00 3.200000000000000178e+00
-3.399999999999999911e+00 3.400000000000000355e+00
-3.399999999999999911e+00 3.600000000000000533e+00
-3.399999999999999911e+00 3.800000000000000711e+00
-3.200000000000000178e+00 -4.000000000000000000e+00
-3.200000000000000178e+00 -3.799999999999999822e+00
-3.200000000000000178e+00 -3.600000000000000089e+00
-3.200000000000000178e+00 -3.399999999999999911e+00
-3.200000000000000178e+00 -3.200000000000000178e+00
-3.200000000000000178e+00 -3.000000000000000000e+00
-3.200000000000000178e+00 -2.799999999999999822e+00
-3.200000000000000178e+00 -2.599999999999999645e+00
-3.200000000000000178e+00 -2.399999999999999911e+00
-3.200000000000000178e+00 -2.200000000000000178e+00
-3.200000000000000178e+00 -2.000000000000000000e+00
-3.200000000000000178e+00 -1.799999999999999822e+00
-3.200000000000000178e+00 -1.599999999999999645e+00
-3.200000000000000178e+00 -1.399999999999999911e+00
-3.200000000000000178e+00 -1.199999999999999734e+00
-3.200000000000000178e+00 -1.000000000000000000e+00
-3.200000000000000178e+00 -7.999999999999998224e-01
-3.200000000000000178e+00 -5.999999999999996447e-01
-3.200000000000000178e+00 -3.999999999999999112e-01
-3.200000000000000178e+00 -1.999999999999997335e-01
-3.200000000000000178e+00 0.000000000000000000e+00
-3.200000000000000178e+00 2.000000000000001776e-01
-3.200000000000000178e+00 4.000000000000003553e-01
-3.200000000000000178e+00 6.000000000000005329e-01
-3.200000000000000178e+00 8.000000000000007105e-01
-3.200000000000000178e+00 1.000000000000000000e+00
-3.200000000000000178e+00 1.200000000000000178e+00
-3.200000000000000178e+00 1.400000000000000355e+00
-3.200000000000000178e+00 1.600000000000000533e+00
-3.200000000000000178e+00 1.800000000000000711e+00
-3.200000000000000178e+00 2.000000000000000000e+00
-3.200000000000000178e+00 2.200000000000000178e+00
-3.200000000000000178e+00 2.400000000000000355e+00
-3.200000000000000178e+00 2.600000000000000533e+00
-3.200000000000000178e+00 2.800000000000000711e+00
-3.200000000000000178e+00 3.000000000000000000e+00
-3.200000000000000178e+00 3.200000000000000178e+00
-3.200000000000000178e+00 3.400000000000000355e+00
-3.200000000000000178e+00 3.600000000000000533e+00
-3.200000000000000178e+00 3.800000000000000711e+00
-3.000000000000000000e+00 -4.000000000000000000e+00
-3.000000000000000000e+00 -3.799999999999999822e+00
-3.000000000000000000e+00 -3.600000000000000089e+00
-3.000000000000000000e+00 -3.399999999999999911e+00
-3.000000000000000000e+00 -3.200000000000000178e+00
-3.000000000000000000e+00 -3.000000000000000000e+00
-3.000000000000000000e+00 -2.799999999999999822e+00
-3.000000000000000000e+00 -2.599999999999999645e+00
-3.000000000000000000e+00 -2.399999999999999911e+00
-3.000000000000000000e+00 -2.200000000000000178e+00
-3.000000000000000000e+00 -2.000000000000000000e+00
-3.000000000000000000e+00 -1.799999999999999822e+00
-3.000000000000000000e+00 -1.599999999999999645e+00
-3.000000000000000000e+00 -1.399999999999999911e+00
-3.000000000000000000e+00 -1.199999999999999734e+00
-3.000000000000000000e+00 -1.000000000000000000e+00
-3.000000000000000000e+00 -7.999999999999998224e-01
-3.000000000000000000e+00 -5.999999999999996447e-01
-3.000000000000000000e+00 -3.999999999999999112e-01
-3.000000000000000000e+00 -1.999999999999997335e-01
-3.000000000000000000e+00 0.000000000000000000e+00
-3.000000000000000000e+00 2.000000000000001776e-01
-3.000000000000000000e+00 4.000000000000003553e-01
-3.000000000000000000e+00 6.000000000000005329e-01
-3.000000000000000000e+00 8.000000000000007105e-01
-3.000000000000000000e+00 1.000000000000000000e+00
-3.000000000000000000e+00 1.200000000000000178e+00
-3.000000000000000000e+00 1.400000000000000355e+00
-3.000000000000000000e+00 1.600000000000000533e+00
-3.000000000000000000e+00 1.800000000000000711e+00
-3.000000000000000000e+00 2.000000000000000000e+00
-3.000000000000000000e+00 2.200000000000000178e+00
-3.000000000000000000e+00 2.400000000000000355e+00
-3.000000000000000000e+00 2.600000000000000533e+00
-3.000000000000000000e+00 2.800000000000000711e+00
-3.000000000000000000e+00 3.000000000000000000e+00
-3.000000000000000000e+00 3.200000000000000178e+00
-3.000000000000000000e+00 3.400000000000000355e+00
-3.000000000000000000e+00 3.600000000000000533e+00
-3.000000000000000000e+00 3.800000000000000711e+00
-2.799999999999999822e+00 -4.000000000000000000e+00
-2.799999999999999822e+00 -3.799999999999999822e+00
-2.799999999999999822e+00 -3.600000000000000089e+00
-2.799999999999999822e+00 -3.399999999999999911e+00
-2.799999999999999822e+00 -3.200000000000000178e+00
-2.799999999999999822e+00 -3.000000000000000000e+00
-2.799999999999999822e+00 -2.799999999999999822e+00
-2.799999999999999822e+00 -2.599999999999999645e+00
-2.799999999999999822e+00 -2.399999999999999911e+00
-2.799999999999999822e+00 -2.200000000000000178e+00
-2.799999999999999822e+00 -2.000000000000000000e+00
-2.799999999999999822e+00 -1.799999999999999822e+00
-2.799999999999999822e+00 -1.599999999999999645e+00
-2.799999999999999822e+00 -1.399999999999999911e+00
-2.799999999999999822e+00 -1.199999999999999734e+00
-2.799999999999999822e+00 -1.000000000000000000e+00
-2.799999999999999822e+00 -7.999999999999998224e-01
-2.799999999999999822e+00 -5.999999999999996447e-01
-2.799999999999999822e+00 -3.999999999999999112e-01
-2.799999999999999822e+00 -1.999999999999997335e-01
-2.799999999999999822e+00 0.000000000000000000e+00
-2.799999999999999822e+00 2.000000000000001776e-01
-2.799999999999999822e+00 4.000000000000003553e-01
-2.799999999999999822e+00 6.000000000000005329e-01
-2.799999999999999822e+00 8.000000000000007105e-01
-2.799999999999999822e+00 1.000000000000000000e+00
-2.799999999999999822e+00 1.200000000000000178e+00
-2.799999999999999822e+00 1.400000000000000355e+00
-2.799999999999999822e+00 1.600000000000000533e+00
-2.799999999999999822e+00 1.800000000000000711e+00
-2.799999999999999822e+00 2.000000000000000000e+00
-2.799999999999999822e+00 2.200000000000000178e+00
-2.799999999999999822e+00 2.400000000000000355e+00
-2.799999999999999822e+00 2.600000000000000533e+00
-2.799999999999999822e+00 2.800000000000000711e+00
-2.799999999999999822e+00 3.000000000000000000e+00
-2.799999999999999822e+00 3.200000000000000178e+00
-2.799999999999999822e+00 3.400000000000000355e+00
-2.799999999999999822e+00 3.600000000000000533e+00
-2.799999999999999822e+00 3.800000000000000711e+00
-2.599999999999999645e+00 -4.000000000000000000e+00
-2.599999999999999645e+00 -3.799999999999999822e+00
-2.599999999999999645e+00 -3.600000000000000089e+00
-2.599999999999999645e+00 -3.399999999999999911e+00
-2.599999999999999645e+00 -3.200000000000000178e+00
-2.599999999999999645e+00 -3.000000000000000000e+00
-2.599999999999999645e+00 -2.799999999999999822e+00
-2.599999999999999645e+00 -2.599999999999999645e+00
-2.599999999999999645e+00 -2.399999999999999911e+00
-2.599999999999999645e+00 -2.200000000000000178e+00
-2.599999999999999645e+00 -2.000000000000000000e+00
-2.599999999999999645e+00 -1.799999999999999822e+00
-2.599999999999999645e+00 -1.599999999999999645e+00
-2.599999999999999645e+00 -1.399999999999999911e+00
-2.599999999999999645e+00 -1.199999999999999734e+00
-2.599999999999999645e+00 -1.000000000000000000e+00
-2.599999999999999645e+00 -7.999999999999998224e-01
-2.599999999999999645e+00 -5.999999999999996447e-01
-2.599999999999999645e+00 -3.999999999999999112e-01
-2.599999999999999645e+00 -1.999999999999997335e-01
-2.599999999999999645e+00 0.000000000000000000e+00
-2.599999999999999645e+00 2.000000000000001776e-01
-2.599999999999999645e+00 4.000000000000003553e-01
-2.599999999999999645e+00 6.000000000000005329e-01
-2.599999999999999645e+00 8.000000000000007105e-01
-2.599999999999999645e+00 1.000000000000000000e+00
-2.599999999999999645e+00 1.200000000000000178e+00
-2.599999999999999645e+00 1.400000000000000355e+00
-2.599999999999999645e+00 1.600000000000000533e+00
-2.599999999999999645e+00 1.800000000000000711e+00
-2.599999999999999645e+00 2.000000000000000000e+00
-2.599999999999999645e+00 2.200000000000000178e+00
-2.599999999999999645e+00 2.400000000000000355e+00
-2.599999999999999645e+00 2.600000000000000533e+00
-2.599999999999999645e+00 2.800000000000000711e+00
-2.599999999999999645e+00 3.000000000000000000e+00
-2.599999999999999645e+00 3.200000000000000178e+00
-2.599999999999999645e+00 3.400000000000000355e+00
-2.599999999999999645e+00 3.600000000000000533e+00
-2.599999999999999645e+00 3.800000000000000711e+00
-2.399999999999999911e+00 -4.000000000000000000e+00
-2.399999999999999911e+00 -3.799999999999999822e+00
-2.399999999999999911e+00 -3.600000000000000089e+00
-2.399999999999999911e+00 -3.399999999999999911e+00
-2.399999999999999911e+00 -3.200000000000000178e+00
-2.399999999999999911e+00 -3.000000000000000000e+00
-2.399999999999999911e+00 -2.799999999999999822e+00
-2.399999999999999911e+00 -2.599999999999999645e+00
-2.399999999999999911e+00 -2.399999999999999911e+00
-2.399999999999999911e+00 -2.200000000000000178e+00
-2.399999999999999911e+00 -2.000000000000000000e+00
-2.399999999999999911e+00 -1.799999999999999822e+00
-2.399999999999999911e+00 -1.599999999999999645e+00
-2.399999999999999911e+00 -1.399999999999999911e+00
-2.399999999999999911e+00 -1.199999999999999734e+00
-2.399999999999999911e+00 -1.000000000000000000e+00
-2.399999999999999911e+00 -7.999999999999998224e-01
-2.399999999999999911e+00 -5.999999999999996447e-01
-2.399999999999999911e+00 -3.999999999999999112e-01
-2.399999999999999911e+00 -1.999999999999997335e-01
-2.399999999999999911e+00 0.000000000000000000e+00
-2.399999999999999911e+00 2.000000000000001776e-01
-2.399999999999999911e+00 4.000000000000003553e-01
-2.399999999999999911e+00 6.000000000000005329e-01
-2.399999999999999911e+00 8.000000000000007105e-01
-2.399999999999999911e+00 1.000000000000000000e+00
-2.399999999999999911e+00 1.200000000000000178e+00
-2.399999999999999911e+00 1.400000000000000355e+00
-2.399999999999999911e+00 1.600000000000000533e+00
-2.399999999999999911e+00 1.800000000000000711e+00
-2.399999999999999911e+00 2.000000000000000000e+00
-2.399999999999999911e+00 2.200000000000000178e+00
-2.399999999999999911e+00 2.400000000000000355e+00
-2.399999999999999911e+00 2.600000000000000533e+00
-2.399999999999999911e+00 2.800000000000000711e+00
-2.399999999999999911e+00 3.000000000000000000e+00
-2.399999999999999911e+00 3.200000000000000178e+00
-2.399999999999999911e+00 3.400000000000000355e+00
-2.399999999999999911e+00 3.600000000000000533e+00
-2.399999999999999911e+00 3.800000000000000711e+00
-2.200000000000000178e+00 -4.000000000000000000e+00
-2.200000000000000178e+00 -3.799999999999999822e+00
-2.200000000000000178e+00 -3.600000000000000089e+00
-2.200000000000000178e+00 -3.399999999999999911e+00
-2.200000000000000178e+00 -3.200000000000000178e+00
-2.200000000000000178e+00 -3.000000000000000000e+00
-2.200000000000000178e+00 -2.799999999999999822e+00
-2.200000000000000178e+00 -2.599999999999999645e+00
-2.200000000000000178e+00 -2.399999999999999911e+00
-2.200000000000000178e+00 -2.200000000000000178e+00
-2.200000000000000178e+00 -2.000000000000000000e+00
-2.200000000000000178e+00 -1.799999999999999822e+00
-2.200000000000000178e+00 -1.599999999999999645e+00
-2.200000000000000178e+00 -1.399999999999999911e+00
-2.200000000000000178e+00 -1.199999999999999734e+00
-2.200000000000000178e+00 -1.000000000000000000e+00
-2.200000000000000178e+00 -7.999999999999998224e-01
-2.200000000000000178e+00 -5.999999999999996447e-01
-2.200000000000000178e+00 -3.999999999999999112e-01
-2.200000000000000178e+00 -1.999999999999997335e-01
-2.200000000000000178e+00 0.000000000000000000e+00
-2.200000000000000178e+00 2.000000000000001776e-01
-2.200000000000000178e+00 4.000000000000003553e-01
-2.200000000000000178e+00 6.000000000000005329e-01
-2.200000000000000178e+00 8.000000000000007105e-01
-2.200000000000000178e+00 1.000000000000000000e+00
-2.200000000000000178e+00 1.200000000000000178e+00
-2.200000000000000178e+00 1.400000000000000355e+00
-2.200000000000000178e+00 1.600000000000000533e+00
-2.200000000000000178e+00 1.800000000000000711e+00
-2.200000000000000178e+00 2.000000000000000000e+00
-2.200000000000000178e+00 2.200000000000000178e+00
-2.200000000000000178e+00 2.400000000000000355e+00
-2.200000000000000178e+00 2.600000000000000533e+00
-2.200000000000000178e+00 2.800000000000000711e+00
-2.200000000000000178e+00 3.000000000000000000e+00
-2.200000000000000178e+00 3.200000000000000178e+00
-2.200000000000000178e+00 3.400000000000000355e+00
-2.200000000000000178e+00 3.600000000000000533e+00
-2.200000000000000178e+00 3.800000000000000711e+00
-2.000000000000000000e+00 -4.000000000000000000e+00
-2.000000000000000000e+00 -3.799999999999999822e+00
-2.000000000000000000e+00 -3.600000000000000089e+00
-2.000000000000000000e+00 -3.399999999999999911e+00
-2.000000000000000000e+00 -3.200000000000000178e+00
-2.000000000000000000e+00 -3.000000000000000000e+00
-2.000000000000000000e+00 -2.799999999999999822e+00
-2.000000000000000000e+00 -2.599999999999999645e+00
-2.000000000000000000e+00 -2.399999999999999911e+00
-2.000000000000000000e+00 -2.200000000000000178e+00
-2.000000000000000000e+00 -2.000000000000000000e+00
-2.000000000000000000e+00 -1.799999999999999822e+00
-2.000000000000000000e+00 -1.599999999999999645e+00
-2.000000000000000000e+00 -1.399999999999999911e+00
-2.000000000000000000e+00 -1.199999999999999734e+00
-2.000000000000000000e+00 -1.000000000000000000e+00
-2.000000000000000000e+00 -7.999999999999998224e-01
-2.000000000000000000e+00 -5.999999999999996447e-01
-2.000000000000000000e+00 -3.999999999999999112e-01
-2.000000000000000000e+00 -1.999999999999997335e-01
-2.000000000000000000e+00 0.000000000000000000e+00
-2.000000000000000000e+00 2.000000000000001776e-01
-2.000000000000000000e+00 4.000000000000003553e-01
-2.000000000000000000e+00 6.000000000000005329e-01
-2.000000000000000000e+00 8.000000000000007105e-01
-2.000000000000000000e+00 1.000000000000000000e+00
-2.000000000000000000e+00 1.200000000000000178e+00
-2.000000000000000000e+00 1.400000000000000355e+00
-2.000000000000000000e+00 1.600000000000000533e+00
-2.000000000000000000e+00 1.800000000000000711e+00
-2.000000000000000000e+00 2.000000000000000000e+00
-2.000000000000000000e+00 2.200000000000000178e+00
-2.000000000000000000e+00 2.400000000000000355e+00
-2.000000000000000000e+00 2.600000000000000533e+00
-2.000000000000000000e+00 2.800000000000000711e+00
-2.000000000000000000e+00 3.000000000000000000e+00
-2.000000000000000000e+00 3.200000000000000178e+00
-2.000000000000000000e+00 3.400000000000000355e+00
-2.000000000000000000e+00 3.600000000000000533e+00
-2.000000000000000000e+00 3.800000000000000711e+00
-1.799999999999999822e+00 -4.000000000000000000e+00
-1.799999999999999822e+00 -3.799999999999999822e+00
-1.799999999999999822e+00 -3.600000000000000089e+00
-1.799999999999999822e+00 -3.399999999999999911e+00
-1.799999999999999822e+00 -3.200000000000000178e+00
-1.799999999999999822e+00 -3.000000000000000000e+00
-1.799999999999999822e+00 -2.799999999999999822e+00
-1.799999999999999822e+00 -2.599999999999999645e+00
-1.799999999999999822e+00 -2.399999999999999911e+00
-1.799999999999999822e+00 -2.200000000000000178e+00
-1.799999999999999822e+00 -2.000000000000000000e+00
-1.799999999999999822e+00 -1.799999999999999822e+00
-1.799999999999999822e+00 -1.599999999999999645e+00
-1.799999999999999822e+00 -1.399999999999999911e+00
-1.799999999999999822e+00 -1.199999999999999734e+00
-1.799999999999999822e+00 -1.000000000000000000e+00
-1.799999999999999822e+00 -7.999999999999998224e-01
-1.799999999999999822e+00 -5.999999999999996447e-01
-1.799999999999999822e+00 -3.999999999999999112e-01
-1.799999999999999822e+00 -1.999999999999997335e-01
-1.799999999999999822e+00 0.000000000000000000e+00
-1.799999999999999822e+00 2.000000000000001776e-01
-1.799999999999999822e+00 4.000000000000003553e-01
-1.799999999999999822e+00 6.000000000000005329e-01
-1.799999999999999822e+00 8.000000000000007105e-01
-1.799999999999999822e+00 1.000000000000000000e+00
-1.799999999999999822e+00 1.200000000000000178e+00
-1.799999999999999822e+00 1.400000000000000355e+00
-1.799999999999999822e+00 1.600000000000000533e+00
-1.799999999999999822e+00 1.800000000000000711e+00
-1.799999999999999822e+00 2.000000000000000000e+00
-1.799999999999999822e+00 2.200000000000000178e+00
-1.799999999999999822e+00 2.400000000000000355e+00
-1.799999999999999822e+00 2.600000000000000533e+00
-1.799999999999999822e+00 2.800000000000000711e+00
-1.799999999999999822e+00 3.000000000000000000e+00
-1.799999999999999822e+00 3.200000000000000178e+00
-1.799999999999999822e+00 3.400000000000000355e+00
-1.799999999999999822e+00 3.600000000000000533e+00
-1.799999999999999822e+00 3.800000000000000711e+00
-1.599999999999999645e+00 -4.000000000000000000e+00
-1.599999999999999645e+00 -3.799999999999999822e+00
-1.599999999999999645e+00 -3.600000000000000089e+00
-1.599999999999999645e+00 -3.399999999999999911e+00
-1.599999999999999645e+00 -3.200000000000000178e+00
-1.599999999999999645e+00 -3.000000000000000000e+00
-1.599999999999999645e+00 -2.799999999999999822e+00
-1.599999999999999645e+00 -2.599999999999999645e+00
-1.599999999999999645e+00 -2.399999999999999911e+00
-1.599999999999999645e+00 -2.200000000000000178e+00
-1.599999999999999645e+00 -2.000000000000000000e+00
-1.599999999999999645e+00 -1.799999999999999822e+00
-1.599999999999999645e+00 -1.599999999999999645e+00
-1.599999999999999645e+00 -1.399999999999999911e+00
-1.599999999999999645e+00 -1.199999999999999734e+00
-1.599999999999999645e+00 -1.000000000000000000e+00
-1.599999999999999645e+00 -7.999999999999998224e-01
-1.599999999999999645e+00 -5.999999999999996447e-01
-1.599999999999999645e+00 -3.999999999999999112e-01
-1.599999999999999645e+00 -1.999999999999997335e-01
-1.599999999999999645e+00 0.000000000000000000e+00
-1.599999999999999645e+00 2.000000000000001776e-01
-1.599999999999999645e+00 4.000000000000003553e-01
-1.599999999999999645e+00 6.000000000000005329e-01
-1.599999999999999645e+00 8.000000000000007105e-01
-1.599999999999999645e+00 1.000000000000000000e+00
-1.599999999999999645e+00 1.200000000000000178e+00
-1.599999999999999645e+00 1.400000000000000355e+00
-1.599999999999999645e+00 1.600000000000000533e+00
-1.599999999999999645e+00 1.800000000000000711e+00
-1.599999999999999645e+00 2.000000000000000000e+00
-1.599999999999999645e+00 2.200000000000000178e+00
-1.599999999999999645e+00 2.400000000000000355e+00
-1.599999999999999645e+00 2.600000000000000533e+00
-1.599999999999999645e+00 2.800000000000000711e+00
-1.599999999999999645e+00 3.000000000000000000e+00
-1.599999999999999645e+00 3.200000000000000178e+00
-1.599999999999999645e+00 3.400000000000000355e+00
-1.599999999999999645e+00 3.600000000000000533e+00
-1.599999999999999645e+00 3.800000000000000711e+00
-1.399999999999999911e+00 -4.000000000000000000e+00
-1.399999999999999911e+00 -3.799999999999999822e+00
-1.399999999999999911e+00 -3.600000000000000089e+00
-1.399999999999999911e+00 -3.399999999999999911e+00
-1.399999999999999911e+00 -3.200000000000000178e+00
-1.399999999999999911e+00 -3.000000000000000000e+00
-1.399999999999999911e+00 -2.799999999999999822e+00
-1.399999999999999911e+00 -2.599999999999999645e+00
-1.399999999999999911e+00 -2.399999999999999911e+00
-1.399999999999999911e+00 -2.200000000000000178e+00
-1.399999999999999911e+00 -2.000000000000000000e+00
-1.399999999999999911e+00 -1.799999999999999822e+00
-1.399999999999999911e+00 -1.599999999999999645e+00
-1.399999999999999911e+00 -1.399999999999999911e+00
-1.399999999999999911e+00 -1.199999999999999734e+00
-1.399999999999999911e+00 -1.000000000000000000e+00
-1.399999999999999911e+00 -7.999999999999998224e-01
-1.399999999999999911e+00 -5.999999999999996447e-01
-1.399999999999999911e+00 -3.999999999999999112e-01
-1.399999999999999911e+00 -1.999999999999997335e-01
-1.399999999999999911e+00 0.000000000000000000e+00
-1.399999999999999911e+00 2.000000000000001776e-01
-1.399999999999999911e+00 4.000000000000003553e-01
-1.399999999999999911e+00 6.000000000000005329e-01
-1.399999999999999911e+00 8.000000000000007105e-01
-1.399999999999999911e+00 1.000000000000000000e+00
-1.399999999999999911e+00 1.200000000000000178e+00
-1.399999999999999911e+00 1.400000000000000355e+00
-1.399999999999999911e+00 1.600000000000000533e+00
-1.399999999999999911e+00 1.800000000000000711e+00
-1.399999999999999911e+00 2.000000000000000000e+00
-1.399999999999999911e+00 2.200000000000000178e+00
-1.399999999999999911e+00 2.400000000000000355e+00
-1.399999999999999911e+00 2.600000000000000533e+00
-1.399999999999999911e+00 2.800000000000000711e+00
-1.399999999999999911e+00 3.000000000000000000e+00
-1.399999999999999911e+00 3.200000000000000178e+00
-1.399999999999999911e+00 3.400000000000000355e+00
-1.399999999999999911e+00 3.600000000000000533e+00
-1.399999999999999911e+00 3.800000000000000711e+00
-1.199999999999999734e+00 -4.000000000000000000e+00
-1.199999999999999734e+00 -3.799999999999999822e+00
-1.199999999999999734e+00 -3.600000000000000089e+00
-1.199999999999999734e+00 -3.399999999999999911e+00
-1.199999999999999734e+00 -3.200000000000000178e+00
-1.199999999999999734e+00 -3.000000000000000000e+00
-1.199999999999999734e+00 -2.799999999999999822e+00
-1.199999999999999734e+00 -2.599999999999999645e+00
-1.199999999999999734e+00 -2.399999999999999911e+00
-1.199999999999999734e+00 -2.200000000000000178e+00
-1.199999999999999734e+00 -2.000000000000000000e+00
-1.199999999999999734e+00 -1.799999999999999822e+00
-1.199999999999999734e+00 -1.599999999999999645e+00
-1.199999999999999734e+00 -1.399999999999999911e+00
-1.199999999999999734e+00 -1.199999999999999734e+00
-1.199999999999999734e+00 -1.000000000000000000e+00
-1.199999999999999734e+00 -7.999999999999998224e-01
-1.199999999999999734e+00 -5.999999999999996447e-01
-1.199999999999999734e+00 -3.999999999999999112e-01
-1.199999999999999734e+00 -1.999999999999997335e-01
-1.199999999999999734e+00 0.000000000000000000e+00
-1.199999999999999734e+00 2.000000000000001776e-01
-1.199999999999999734e+00 4.000000000000003553e-01
-1.199999999999999734e+00 6.000000000000005329e-01
-1.199999999999999734e+00 8.000000000000007105e-01
-1.199999999999999734e+00 1.000000000000000000e+00
-1.199999999999999734e+00 1.200000000000000178e+00
-1.199999999999999734e+00 1.400000000000000355e+00
-1.199999999999999734e+00 1.600000000000000533e+00
-1.199999999999999734e+00 1.800000000000000711e+00
-1.199999999999999734e+00 2.000000000000000000e+00
-1.199999999999999734e+00 2.200000000000000178e+00
-1.199999999999999734e+00 2.400000000000000355e+00
-1.199999999999999734e+00 2.600000000000000533e+00
-1.199999999999999734e+00 2.800000000000000711e+00
-1.199999999999999734e+00 3.000000000000000000e+00
-1.199999999999999734e+00 3.200000000000000178e+00
-1.199999999999999734e+00 3.400000000000000355e+00
-1.199999999999999734e+00 3.600000000000000533e+00
-1.199999999999999734e+00 3.800000000000000711e+00
-1.000000000000000000e+00 -4.000000000000000000e+00
-1.000000000000000000e+00 -3.799999999999999822e+00
-1.000000000000000000e+00 -3.600000000000000089e+00
-1.000000000000000000e+00 -3.399999999999999911e+00
-1.000000000000000000e+00 -3.200000000000000178e+00
-1.000000000000000000e+00 -3.000000000000000000e+00
-1.000000000000000000e+00 -2.799999999999999822e+00
-1.000000000000000000e+00 -2.599999999999999645e+00
-1.000000000000000000e+00 -2.399999999999999911e+00
-1.000000000000000000e+00 -2.200000000000000178e+00
-1.000000000000000000e+00 -2.000000000000000000e+00
-1.000000000000000000e+00 -1.799999999999999822e+00
-1.000000000000000000e+00 -1.599999999999999645e+00
-1.000000000000000000e+00 -1.399999999999999911e+00
-1.000000000000000000e+00 -1.199999999999999734e+00
-1.000000000000000000e+00 -1.000000000000000000e+00
-1.000000000000000000e+00 -7.999999999999998224e-01
-1.000000000000000000e+00 -5.999999999999996447e-01
-1.000000000000000000e+00 -3.999999999999999112e-01
-1.000000000000000000e+00 -1.999999999999997335e-01
-1.000000000000000000e+00 0.000000000000000000e+00
-1.000000000000000000e+00 2.000000000000001776e-01
-1.000000000000000000e+00 4.000000000000003553e-01
-1.000000000000000000e+00 6.000000000000005329e-01
-1.000000000000000000e+00 8.000000000000007105e-01
-1.000000000000000000e+00 1.000000000000000000e+00
-1.000000000000000000e+00 1.200000000000000178e+00
-1.000000000000000000e+00 1.400000000000000355e+00
-1.000000000000000000e+00 1.600000000000000533e+00
-1.000000000000000000e+00 1.800000000000000711e+00
-1.000000000000000000e+00 2.000000000000000000e+00
-1.000000000000000000e+00 2.200000000000000178e+00
-1.000000000000000000e+00 2.400000000000000355e+00
-1.000000000000000000e+00 2.600000000000000533e+00
-1.000000000000000000e+00 2.800000000000000711e+00
-1.000000000000000000e+00 3.000000000000000000e+00
-1.000000000000000000e+00 3.200000000000000178e+00
-1.000000000000000000e+00 3.400000000000000355e+00
-1.000000000000000000e+00 3.600000000000000533e+00
-1.000000000000000000e+00 3.800000000000000711e+00
-7.999999999999998224e-01 -4.000000000000000000e+00
-7.999999999999998224e-01 -3.799999999999999822e+00
-7.999999999999998224e-01 -3.600000000000000089e+00
-7.999999999999998224e-01 -3.399999999999999911e+00
-7.999999999999998224e-01 -3.200000000000000178e+00
-7.999999999999998224e-01 -3.000000000000000000e+00
-7.999999999999998224e-01 -2.799999999999999822e+00
-7.999999999999998224e-01 -2.599999999999999645e+00
-7.999999999999998224e-01 -2.399999999999999911e+00
-7.999999999999998224e-01 -2.200000000000000178e+00
-7.999999999999998224e-01 -2.000000000000000000e+00
-7.999999999999998224e-01 -1.799999999999999822e+00
-7.999999999999998224e-01 -1.599999999999999645e+00
-7.999999999999998224e-01 -1.399999999999999911e+00
-7.999999999999998224e-01 -1.199999999999999734e+00
-7.999999999999998224e-01 -1.000000000000000000e+00
-7.999999999999998224e-01 -7.999999999999998224e-01
-7.999999999999998224e-01 -5.999999999999996447e-01
-7.999999999999998224e-01 -3.999999999999999112e-01
-7.999999999999998224e-01 -1.999999999999997335e-01
-7.999999999999998224e-01 0.000000000000000000e+00
-7.999999999999998224e-01 2.000000000000001776e-01
-7.999999999999998224e-01 4.000000000000003553e-01
-7.999999999999998224e-01 6.000000000000005329e-01
-7.999999999999998224e-01 8.000000000000007105e-01
-7.999999999999998224e-01 1.000000000000000000e+00
-7.999999999999998224e-01 1.200000000000000178e+00
-7.999999999999998224e-01 1.400000000000000355e+00
-7.999999999999998224e-01 1.600000000000000533e+00
-7.999999999999998224e-01 1.800000000000000711e+00
-7.999999999999998224e-01 2.000000000000000000e+00
-7.999999999999998224e-01 2.200000000000000178e+00
-7.999999999999998224e-01 2.400000000000000355e+00
-7.999999999999998224e-01 2.600000000000000533e+00
-7.999999999999998224e-01 2.800000000000000711e+00
-7.999999999999998224e-01 3.000000000000000000e+00
-7.999999999999998224e-01 3.200000000000000178e+00
-7.999999999999998224e-01 3.400000000000000355e+00
-7.999999999999998224e-01 3.600000000000000533e+00
-7.999999999999998224e-01 3.800000000000000711e+00
-5.999999999999996447e-01 -4.000000000000000000e+00
-5.999999999999996447e-01 -3.799999999999999822e+00
-5.999999999999996447e-01 -3.600000000000000089e+00
-5.999999999999996447e-01 -3.399999999999999911e+00
-5.999999999999996447e-01 -3.200000000000000178e+00
-5.999999999999996447e-01 -3.000000000000000000e+00
-5.999999999999996447e-01 -2.799999999999999822e+00
-5.999999999999996447e-01 -2.599999999999999645e+00
-5.999999999999996447e-01 -2.399999999999999911e+00
-5.999999999999996447e-01 -2.200000000000000178e+00
-5.999999999999996447e-01 -2.000000000000000000e+00
-5.999999999999996447e-01 -1.799999999999999822e+00
-5.999999999999996447e-01 -1.599999999999999645e+00
-5.999999999999996447e-01 -1.399999999999999911e+00
-5.999999999999996447e-01 -1.199999999999999734e+00
-5.999999999999996447e-01 -1.000000000000000000e+00
-5.999999999999996447e-01 -7.999999999999998224e-01
-5.999999999999996447e-01 -5.999999999999996447e-01
-5.999999999999996447e-01 -3.999999999999999112e-01
-5.999999999999996447e-01 -1.999999999999997335e-01
-5.999999999999996447e-01 0.000000000000000000e+00
-5.999999999999996447e-01 2.000000000000001776e-01
-5.999999999999996447e-01 4.000000000000003553e-01
-5.999999999999996447e-01 6.000000000000005329e-01
-5.999999999999996447e-01 8.000000000000007105e-01
-5.999999999999996447e-01 1.000000000000000000e+00
-5.999999999999996447e-01 1.200000000000000178e+00
-5.999999999999996447e-01 1.400000000000000355e+00
-5.999999999999996447e-01 1.600000000000000533e+00
-5.999999999999996447e-01 1.800000000000000711e+00
-5.999999999999996447e-01 2.000000000000000000e+00
-5.999999999999996447e-01 2.200000000000000178e+00
-5.999999999999996447e-01 2.400000000000000355e+00
-5.999999999999996447e-01 2.600000000000000533e+00
-5.999999999999996447e-01 2.800000000000000711e+00
-5.999999999999996447e-01 3.000000000000000000e+00
-5.999999999999996447e-01 3.200000000000000178e+00
-5.999999999999996447e-01 3.400000000000000355e+00
-5.999999999999996447e-01 3.600000000000000533e+00
-5.999999999999996447e-01 3.800000000000000711e+00
-3.999999999999999112e-01 -4.000000000000000000e+00
-3.999999999999999112e-01 -3.799999999999999822e+00
-3.999999999999999112e-01 -3.600000000000000089e+00
-3.999999999999999112e-01 -3.399999999999999911e+00
-3.999999999999999112e-01 -3.200000000000000178e+00
-3.999999999999999112e-01 -3.000000000000000000e+00
-3.999999999999999112e-01 -2.799999999999999822e+00
-3.999999999999999112e-01 -2.599999999999999645e+00
-3.999999999999999112e-01 -2.399999999999999911e+00
-3.999999999999999112e-01 -2.200000000000000178e+00
-3.999999999999999112e-01 -2.000000000000000000e+00
-3.999999999999999112e-01 -1.799999999999999822e+00
-3.999999999999999112e-01 -1.599999999999999645e+00
-3.999999999999999112e-01 -1.399999999999999911e+00
-3.999999999999999112e-01 -1.199999999999999734e+00
-3.999999999999999112e-01 -1.000000000000000000e+00
-3.999999999999999112e-01 -7.999999999999998224e-01
-3.999999999999999112e-01 -5.999999999999996447e-01
-3.999999999999999112e-01 -3.999999999999999112e-01
-3.999999999999999112e-01 -1.999999999999997335e-01
-3.999999999999999112e-01 0.000000000000000000e+00
-3.999999999999999112e-01 2.000000000000001776e-01
-3.999999999999999112e-01 4.000000000000003553e-01
-3.999999999999999112e-01 6.000000000000005329e-01
-3.999999999999999112e-01 8.000000000000007105e-01
-3.999999999999999112e-01 1.000000000000000000e+00
-3.999999999999999112e-01 1.200000000000000178e+00
-3.999999999999999112e-01 1.400000000000000355e+00
-3.999999999999999112e-01 1.600000000000000533e+00
-3.999999999999999112e-01 1.800000000000000711e+00
-3.999999999999999112e-01 2.000000000000000000e+00
-3.999999999999999112e-01 2.200000000000000178e+00
-3.999999999999999112e-01 2.400000000000000355e+00
-3.999999999999999112e-01 2.600000000000000533e+00
-3.999999999999999112e-01 2.800000000000000711e+00
-3.999999999999999112e-01 3.000000000000000000e+00
-3.999999999999999112e-01 3.200000000000000178e+00
-3.999999999999999112e-01 3.400000000000000355e+00
-3.999999999999999112e-01 3.600000000000000533e+00
-3.999999999999999112e-01 3.800000000000000711e+00
-1.999999999999997335e-01 -4.000000000000000000e+00
-1.999999999999997335e-01 -3.799999999999999822e+00
-1.999999999999997335e-01 -3.600000000000000089e+00
-1.999999999999997335e-01 -3.399999999999999911e+00
-1.999999999999997335e-01 -3.200000000000000178e+00
-1.999999999999997335e-01 -3.000000000000000000e+00
-1.999999999999997335e-01 -2.799999999999999822e+00
-1.999999999999997335e-01 -2.599999999999999645e+00
-1.999999999999997335e-01 -2.399999999999999911e+00
-1.999999999999997335e-01 -2.200000000000000178e+00
-1.999999999999997335e-01 -2.000000000000000000e+00
-1.999999999999997335e-01 -1.799999999999999822e+00
-1.999999999999997335e-01 -1.599999999999999645e+00
-1.999999999999997335e-01 -1.399999999999999911e+00
-1.999999999999997335e-01 -1.199999999999999734e+00
-1.999999999999997335e-01 -1.000000000000000000e+00
-1.999999999999997335e-01 -7.999999999999998224e-01
-1.999999999999997335e-01 -5.999999999999996447e-01
-1.999999999999997335e-01 -3.999999999999999112e-01
-1.999999999999997335e-01 -1.999999999999997335e-01
-1.999999999999997335e-01 0.000000000000000000e+00
-1.999999999999997335e-01 2.000000000000001776e-01
-1.999999999999997335e-01 4.000000000000003553e-01
-1.999999999999997335e-01 6.000000000000005329e-01
-1.999999999999997335e-01 8.000000000000007105e-01
-1.999999999999997335e-01 1.000000000000000000e+00
-1.999999999999997335e-01 1.200000000000000178e+00
-1.999999999999997335e-01 1.400000000000000355e+00
-1.999999999999997335e-01 1.600000000000000533e+00
-1.999999999999997335e-01 1.800000000000000711e+00
-1.999999999999997335e-01 2.000000000000000000e+00
-1.999999999999997335e-01 2.200000000000000178e+00
-1.999999999999997335e-01 2.400000000000000355e+00
-1.999999999999997335e-01 2.600000000000000533e+00
-1.999999999999997335e-01 2.800000000000000711e+00
-1.999999999999997335e-01 3.000000000000000000e+00
-1.999999999999997335e-01 3.200000000000000178e+00
-1.999999999999997335e-01 3.400000000000000355e+00
-1.999999999999997335e-01 3.600000000000000533e+00
-1.999999999999997335e-01 3.800000000000000711e+00
0.000000000000000000e+00 -4.000000000000000000e+00
0.000000000000000000e+00 -3.799999999999999822e+00
0.000000000000000000e+00 -3.600000000000000089e+00
0.000000000000000000e+00 -3.399999999999999911e+00
0.000000000000000000e+00 -3.200000000000000178e+00
0.000000000000000000e+00 -3.000000000000000000e+00
0.000000000000000000e+00 -2.799999999999999822e+00
0.000000000000000000e+00 -2.599999999999999645e+00
0.000000000000000000e+00 -2.399999999999999911e+00
0.000000000000000000e+00 -2.200000000000000178e+00
0.000000000000000000e+00 -2.000000000000000000e+00
0.000000000000000000e+00 -1.799999999999999822e+00
0.000000000000000000e+00 -1.599999999999999645e+00
0.000000000000000000e+00 -1.399999999999999911e+00
0.000000000000000000e+00 -1.199999999999999734e+00
0.000000000000000000e+00 -1.000000000000000000e+00
0.000000000000000000e+00 -7.999999999999998224e-01
0.000000000000000000e+00 -5.999999999999996447e-01
0.000000000000000000e+00 -3.999999999999999112e-01
0.000000000000000000e+00 -1.999999999999997335e-01
0.000000000000000000e+00 0.000000000000000000e+00
0.000000000000000000e+00 2.000000000000001776e-01
0.000000000000000000e+00 4.000000000000003553e-01
0.000000000000000000e+00 6.000000000000005329e-01
0.000000000000000000e+00 8.000000000000007105e-01
0.000000000000000000e+00 1.000000000000000000e+00
0.000000000000000000e+00 1.200000000000000178e+00
0.000000000000000000e+00 1.400000000000000355e+00
0.000000000000000000e+00 1.600000000000000533e+00
0.000000000000000000e+00 1.800000000000000711e+00
0.000000000000000000e+00 2.000000000000000000e+00
0.000000000000000000e+00 2.200000000000000178e+00
0.000000000000000000e+00 2.400000000000000355e+00
0.000000000000000000e+00 2.600000000000000533e+00
0.000000000000000000e+00 2.800000000000000711e+00
0.000000000000000000e+00 3.000000000000000000e+00
0.000000000000000000e+00 3.200000000000000178e+00
0.000000000000000000e+00 3.400000000000000355e+00
0.000000000000000000e+00 3.600000000000000533e+00
0.000000000000000000e+00 3.800000000000000711e+00
2.000000000000001776e-01 -4.000000000000000000e+00
2.000000000000001776e-01 -3.799999999999999822e+00
2.000000000000001776e-01 -3.600000000000000089e+00
2.000000000000001776e-01 -3.399999999999999911e+00
2.000000000000001776e-01 -3.200000000000000178e+00
2.000000000000001776e-01 -3.000000000000000000e+00
2.000000000000001776e-01 -2.799999999999999822e+00
2.000000000000001776e-01 -2.599999999999999645e+00
2.000000000000001776e-01 -2.399999999999999911e+00
2.000000000000001776e-01 -2.200000000000000178e+00
2.000000000000001776e-01 -2.000000000000000000e+00
2.000000000000001776e-01 -1.799999999999999822e+00
2.000000000000001776e-01 -1.599999999999999645e+00
2.000000000000001776e-01 -1.399999999999999911e+00
2.000000000000001776e-01 -1.199999999999999734e+00
2.000000000000001776e-01 -1.000000000000000000e+00
2.000000000000001776e-01 -7.999999999999998224e-01
2.000000000000001776e-01 -5.999999999999996447e-01
2.000000000000001776e-01 -3.999999999999999112e-01
2.000000000000001776e-01 -1.999999999999997335e-01
2.000000000000001776e-01 0.000000000000000000e+00
2.000000000000001776e-01 2.000000000000001776e-01
2.000000000000001776e-01 4.000000000000003553e-01
2.000000000000001776e-01 6.000000000000005329e-01
2.000000000000001776e-01 8.000000000000007105e-01
2.000000000000001776e-01 1.000000000000000000e+00
2.000000000000001776e-01 1.200000000000000178e+00
2.000000000000001776e-01 1.400000000000000355e+00
2.000000000000001776e-01 1.600000000000000533e+00
2.000000000000001776e-01 1.800000000000000711e+00
2.000000000000001776e-01 2.000000000000000000e+00
2.000000000000001776e-01 2.200000000000000178e+00
2.000000000000001776e-01 2.400000000000000355e+00
2.000000000000001776e-01 2.600000000000000533e+00
2.000000000000001776e-01 2.800000000000000711e+00
2.000000000000001776e-01 3.000000000000000000e+00
2.000000000000001776e-01 3.200000000000000178e+00
2.000000000000001776e-01 3.400000000000000355e+00
2.000000000000001776e-01 3.600000000000000533e+00
2.000000000000001776e-01 3.800000000000000711e+00
4.000000000000003553e-01 -4.000000000000000000e+00
4.000000000000003553e-01 -3.799999999999999822e+00
4.000000000000003553e-01 -3.600000000000000089e+00
4.000000000000003553e-01 -3.399999999999999911e+00
4.000000000000003553e-01 -3.200000000000000178e+00
4.000000000000003553e-01 -3.000000000000000000e+00
4.000000000000003553e-01 -2.799999999999999822e+00
4.000000000000003553e-01 -2.599999999999999645e+00
4.000000000000003553e-01 -2.399999999999999911e+00
4.000000000000003553e-01 -2.200000000000000178e+00
4.000000000000003553e-01 -2.000000000000000000e+00
4.000000000000003553e-01 -1.799999999999999822e+00
4.000000000000003553e-01 -1.599999999999999645e+00
4.000000000000003553e-01 -1.399999999999999911e+00
4.000000000000003553e-01 -1.199999999999999734e+00
4.000000000000003553e-01 -1.000000000000000000e+00
4.000000000000003553e-01 -7.999999999999998224e-01
4.000000000000003553e-01 -5.999999999999996447e-01
4.000000000000003553e-01 -3.999999999999999112e-01
4.000000000000003553e-01 -1.999999999999997335e-01
4.000000000000003553e-01 0.000000000000000000e+00
4.000000000000003553e-01 2.000000000000001776e-01
4.000000000000003553e-01 4.000000000000003553e-01
4.000000000000003553e-01 6.000000000000005329e-01
4.000000000000003553e-01 8.000000000000007105e-01
4.000000000000003553e-01 1.000000000000000000e+00
4.000000000000003553e-01 1.200000000000000178e+00
4.000000000000003553e-01 1.400000000000000355e+00
4.000000000000003553e-01 1.600000000000000533e+00
4.000000000000003553e-01 1.800000000000000711e+00
4.000000000000003553e-01 2.000000000000000000e+00
4.000000000000003553e-01 2.200000000000000178e+00
4.000000000000003553e-01 2.400000000000000355e+00
4.000000000000003553e-01 2.600000000000000533e+00
4.000000000000003553e-01 2.800000000000000711e+00
4.000000000000003553e-01 3.000000000000000000e+00
4.000000000000003553e-01 3.200000000000000178e+00
4.000000000000003553e-01 3.400000000000000355e+00
4.000000000000003553e-01 3.600000000000000533e+00
4.000000000000003553e-01 3.800000000000000711e+00
6.000000000000005329e-01 -4.000000000000000000e+00
6.000000000000005329e-01 -3.799999999999999822e+00
6.000000000000005329e-01 -3.600000000000000089e+00
6.000000000000005329e-01 -3.399999999999999911e+00
6.000000000000005329e-01 -3.200000000000000178e+00
6.000000000000005329e-01 -3.000000000000000000e+00
6.000000000000005329e-01 -2.799999999999999822e+00
6.000000000000005329e-01 -2.599999999999999645e+00
6.000000000000005329e-01 -2.399999999999999911e+00
6.000000000000005329e-01 -2.200000000000000178e+00
6.000000000000005329e-01 -2.000000000000000000e+00
6.000000000000005329e-01 -1.799999999999999822e+00
6.000000000000005329e-01 -1.599999999999999645e+00
6.000000000000005329e-01 -1.399999999999999911e+00
6.000000000000005329e-01 -1.199999999999999734e+00
6.000000000000005329e-01 -1.000000000000000000e+00
6.000000000000005329e-01 -7.999999999999998224e-01
6.000000000000005329e-01 -5.999999999999996447e-01
6.000000000000005329e-01 -3.999999999999999112e-01
6.000000000000005329e-01 -1.999999999999997335e-01
6.000000000000005329e-01 0.000000000000000000e+00
6.000000000000005329e-01 2.000000000000001776e-01
6.000000000000005329e-01 4.000000000000003553e-01
6.000000000000005329e-01 6.000000000000005329e-01
6.000000000000005329e-01 8.000000000000007105e-01
6.000000000000005329e-01 1.000000000000000000e+00
6.000000000000005329e-01 1.200000000000000178e+00
6.000000000000005329e-01 1.400000000000000355e+00
6.000000000000005329e-01 1.600000000000000533e+00
6.000000000000005329e-01 1.800000000000000711e+00
6.000000000000005329e-01 2.000000000000000000e+00
6.000000000000005329e-01 2.200000000000000178e+00
6.000000000000005329e-01 2.400000000000000355e+00
6.000000000000005329e-01 2.600000000000000533e+00
6.000000000000005329e-01 2.800000000000000711e+00
6.000000000000005329e-01 3.000000000000000000e+00
6.000000000000005329e-01 3.200000000000000178e+00
6.000000000000005329e-01 3.400000000000000355e+00
6.000000000000005329e-01 3.600000000000000533e+00
6.000000000000005329e-01 3.800000000000000711e+00
8.000000000000007105e-01 -4.000000000000000000e+00
8.000000000000007105e-01 -3.799999999999999822e+00
8.000000000000007105e-01 -3.600000000000000089e+00
8.000000000000007105e-01 -3.399999999999999911e+00
8.000000000000007105e-01 -3.200000000000000178e+00
8.000000000000007105e-01 -3.000000000000000000e+00
8.000000000000007105e-01 -2.799999999999999822e+00
8.000000000000007105e-01 -2.599999999999999645e+00
8.000000000000007105e-01 -2.399999999999999911e+00
8.000000000000007105e-01 -2.200000000000000178e+00
8.000000000000007105e-01 -2.000000000000000000e+00
8.000000000000007105e-01 -1.799999999999999822e+00
8.000000000000007105e-01 -1.599999999999999645e+00
8.000000000000007105e-01 -1.399999999999999911e+00
8.000000000000007105e-01 -1.199999999999999734e+00
8.000000000000007105e-01 -1.000000000000000000e+00
8.000000000000007105e-01 -7.999999999999998224e-01
8.000000000000007105e-01 -5.999999999999996447e-01
8.000000000000007105e-01 -3.999999999999999112e-01
8.000000000000007105e-01 -1.999999999999997335e-01
8.000000000000007105e-01 0.000000000000000000e+00
8.000000000000007105e-01 2.000000000000001776e-01
8.000000000000007105e-01 4.000000000000003553e-01
8.000000000000007105e-01 6.000000000000005329e-01
8.000000000000007105e-01 8.000000000000007105e-01
8.000000000000007105e-01 1.000000000000000000e+00
8.000000000000007105e-01 1.200000000000000178e+00
8.000000000000007105e-01 1.400000000000000355e+00
8.000000000000007105e-01 1.600000000000000533e+00
8.000000000000007105e-01 1.800000000000000711e+00
8.000000000000007105e-01 2.000000000000000000e+00
8.000000000000007105e-01 2.200000000000000178e+00
8.000000000000007105e-01 2.400000000000000355e+00
8.000000000000007105e-01 2.600000000000000533e+00
8.000000000000007105e-01 2.800000000000000711e+00
8.000000000000007105e-01 3.000000000000000000e+00
8.000000000000007105e-01 3.200000000000000178e+00
8.000000000000007105e-01 3.400000000000000355e+00
8.000000000000007105e-01 3.600000000000000533e+00
8.000000000000007105e-01 3.800000000000000711e+00
1.000000000000000000e+00 -4.000000000000000000e+00
1.000000000000000000e+00 -3.799999999999999822e+00
1.000000000000000000e+00 -3.600000000000000089e+00
1.000000000000000000e+00 -3.399999999999999911e+00
1.000000000000000000e+00 -3.200000000000000178e+00
1.000000000000000000e+00 -3.000000000000000000e+00
1.000000000000000000e+00 -2.799999999999999822e+00
1.000000000000000000e+00 -2.599999999999999645e+00
1.000000000000000000e+00 -2.399999999999999911e+00
1.000000000000000000e+00 -2.200000000000000178e+00
1.000000000000000000e+00 -2.000000000000000000e+00
1.000000000000000000e+00 -1.799999999999999822e+00
1.000000000000000000e+00 -1.599999999999999645e+00
1.000000000000000000e+00 -1.399999999999999911e+00
1.000000000000000000e+00 -1.199999999999999734e+00
1.000000000000000000e+00 -1.000000000000000000e+00
1.000000000000000000e+00 -7.999999999999998224e-01
1.000000000000000000e+00 -5.999999999999996447e-01
1.000000000000000000e+00 -3.999999999999999112e-01
1.000000000000000000e+00 -1.999999999999997335e-01
1.000000000000000000e+00 0.000000000000000000e+00
1.000000000000000000e+00 2.000000000000001776e-01
1.000000000000000000e+00 4.000000000000003553e-01
1.000000000000000000e+00 6.000000000000005329e-01
1.000000000000000000e+00 8.000000000000007105e-01
1.000000000000000000e+00 1.000000000000000000e+00
1.000000000000000000e+00 1.200000000000000178e+00
1.000000000000000000e+00 1.400000000000000355e+00
1.000000000000000000e+00 1.600000000000000533e+00
1.000000000000000000e+00 1.800000000000000711e+00
1.000000000000000000e+00 2.000000000000000000e+00
1.000000000000000000e+00 2.200000000000000178e+00
1.000000000000000000e+00 2.400000000000000355e+00
1.000000000000000000e+00 2.600000000000000533e+00
1.000000000000000000e+00 2.800000000000000711e+00
1.000000000000000000e+00 3.000000000000000000e+00
1.000000000000000000e+00 3.200000000000000178e+00
1.000000000000000000e+00 3.400000000000000355e+00
1.000000000000000000e+00 3.600000000000000533e+00
1.000000000000000000e+00 3.800000000000000711e+00
1.200000000000000178e+00 -4.000000000000000000e+00
1.200000000000000178e+00 -3.799999999999999822e+00
1.200000000000000178e+00 -3.600000000000000089e+00
1.200000000000000178e+00 -3.399999999999999911e+00
1.200000000000000178e+00 -3.200000000000000178e+00
1.200000000000000178e+00 -3.000000000000000000e+00
1.200000000000000178e+00 -2.799999999999999822e+00
1.200000000000000178e+00 -2.599999999999999645e+00
1.200000000000000178e+00 -2.399999999999999911e+00
1.200000000000000178e+00 -2.200000000000000178e+00
1.200000000000000178e+00 -2.000000000000000000e+00
1.200000000000000178e+00 -1.799999999999999822e+00
1.200000000000000178e+00 -1.599999999999999645e+00
1.200000000000000178e+00 -1.399999999999999911e+00
1.200000000000000178e+00 -1.199999999999999734e+00
1.200000000000000178e+00 -1.000000000000000000e+00
1.200000000000000178e+00 -7.999999999999998224e-01
1.200000000000000178e+00 -5.999999999999996447e-01
1.200000000000000178e+00 -3.999999999999999112e-01
1.200000000000000178e+00 -1.999999999999997335e-01
1.200000000000000178e+00 0.000000000000000000e+00
1.200000000000000178e+00 2.000000000000001776e-01
1.200000000000000178e+00 4.000000000000003553e-01
1.200000000000000178e+00 6.000000000000005329e-01
1.200000000000000178e+00 8.000000000000007105e-01
1.200000000000000178e+00 1.000000000000000000e+00
1.200000000000000178e+00 1.200000000000000178e+00
1.200000000000000178e+00 1.400000000000000355e+00
1.200000000000000178e+00 1.600000000000000533e+00
1.200000000000000178e+00 1.800000000000000711e+00
1.200000000000000178e+00 2.000000000000000000e+00
1.200000000000000178e+00 2.200000000000000178e+00
1.200000000000000178e+00 2.400000000000000355e+00
1.200000000000000178e+00 2.600000000000000533e+00
1.200000000000000178e+00 2.800000000000000711e+00
1.200000000000000178e+00 3.000000000000000000e+00
1.200000000000000178e+00 3.200000000000000178e+00
1.200000000000000178e+00 3.400000000000000355e+00
1.200000000000000178e+00 3.600000000000000533e+00
1.200000000000000178e+00 3.800000000000000711e+00
1.400000000000000355e+00 -4.000000000000000000e+00
1.400000000000000355e+00 -3.799999999999999822e+00
1.400000000000000355e+00 -3.600000000000000089e+00
1.400000000000000355e+00 -3.399999999999999911e+00
1.400000000000000355e+00 -3.200000000000000178e+00
1.400000000000000355e+00 -3.000000000000000000e+00
1.400000000000000355e+00 -2.799999999999999822e+00
1.400000000000000355e+00 -2.599999999999999645e+00
1.400000000000000355e+00 -2.399999999999999911e+00
1.400000000000000355e+00 -2.200000000000000178e+00
1.400000000000000355e+00 -2.000000000000000000e+00
1.400000000000000355e+00 -1.799999999999999822e+00
1.400000000000000355e+00 -1.599999999999999645e+00
1.400000000000000355e+00 -1.399999999999999911e+00
1.400000000000000355e+00 -1.199999999999999734e+00
1.400000000000000355e+00 -1.000000000000000000e+00
1.400000000000000355e+00 -7.999999999999998224e-01
1.400000000000000355e+00 -5.999999999999996447e-01
1.400000000000000355e+00 -3.999999999999999112e-01
1.400000000000000355e+00 -1.999999999999997335e-01
1.400000000000000355e+00 0.000000000000000000e+00
1.400000000000000355e+00 2.000000000000001776e-01
1.400000000000000355e+00 4.000000000000003553e-01
1.400000000000000355e+00 6.000000000000005329e-01
1.400000000000000355e+00 8.000000000000007105e-01
1.400000000000000355e+00 1.000000000000000000e+00
1.400000000000000355e+00 1.200000000000000178e+00
1.400000000000000355e+00 1.400000000000000355e+00
1.400000000000000355e+00 1.600000000000000533e+00
1.400000000000000355e+00 1.800000000000000711e+00
1.400000000000000355e+00 2.000000000000000000e+00
1.400000000000000355e+00 2.200000000000000178e+00
1.400000000000000355e+00 2.400000000000000355e+00
1.400000000000000355e+00 2.600000000000000533e+00
1.400000000000000355e+00 2.800000000000000711e+00
1.400000000000000355e+00 3.000000000000000000e+00
1.400000000000000355e+00 3.200000000000000178e+00
1.400000000000000355e+00 3.400000000000000355e+00
1.400000000000000355e+00 3.600000000000000533e+00
1.400000000000000355e+00 3.800000000000000711e+00
1.600000000000000533e+00 -4.000000000000000000e+00
1.600000000000000533e+00 -3.799999999999999822e+00
1.600000000000000533e+00 -3.600000000000000089e+00
1.600000000000000533e+00 -3.399999999999999911e+00
1.600000000000000533e+00 -3.200000000000000178e+00
1.600000000000000533e+00 -3.000000000000000000e+00
1.600000000000000533e+00 -2.799999999999999822e+00
1.600000000000000533e+00 -2.599999999999999645e+00
1.600000000000000533e+00 -2.399999999999999911e+00
1.600000000000000533e+00 -2.200000000000000178e+00
1.600000000000000533e+00 -2.000000000000000000e+00
1.600000000000000533e+00 -1.799999999999999822e+00
1.600000000000000533e+00 -1.599999999999999645e+00
1.600000000000000533e+00 -1.399999999999999911e+00
1.600000000000000533e+00 -1.199999999999999734e+00
1.600000000000000533e+00 -1.000000000000000000e+00
1.600000000000000533e+00 -7.999999999999998224e-01
1.600000000000000533e+00 -5.999999999999996447e-01
1.600000000000000533e+00 -3.999999999999999112e-01
1.600000000000000533e+00 -1.999999999999997335e-01
1.600000000000000533e+00 0.000000000000000000e+00
1.600000000000000533e+00 2.000000000000001776e-01
1.600000000000000533e+00 4.000000000000003553e-01
1.600000000000000533e+00 6.000000000000005329e-01
1.600000000000000533e+00 8.000000000000007105e-01
1.600000000000000533e+00 1.000000000000000000e+00
1.600000000000000533e+00 1.200000000000000178e+00
1.600000000000000533e+00 1.400000000000000355e+00
1.600000000000000533e+00 1.600000000000000533e+00
1.600000000000000533e+00 1.800000000000000711e+00
1.600000000000000533e+00 2.000000000000000000e+00
1.600000000000000533e+00 2.200000000000000178e+00
1.600000000000000533e+00 2.400000000000000355e+00
1.600000000000000533e+00 2.600000000000000533e+00
1.600000000000000533e+00 2.800000000000000711e+00
1.600000000000000533e+00 3.000000000000000000e+00
1.600000000000000533e+00 3.200000000000000178e+00
1.600000000000000533e+00 3.400000000000000355e+00
1.600000000000000533e+00 3.600000000000000533e+00
1.600000000000000533e+00 3.800000000000000711e+00
1.800000000000000711e+00 -4.000000000000000000e+00
1.800000000000000711e+00 -3.799999999999999822e+00
1.800000000000000711e+00 -3.600000000000000089e+00
1.800000000000000711e+00 -3.399999999999999911e+00
1.800000000000000711e+00 -3.200000000000000178e+00
1.800000000000000711e+00 -3.000000000000000000e+00
1.800000000000000711e+00 -2.799999999999999822e+00
1.800000000000000711e+00 -2.599999999999999645e+00
1.800000000000000711e+00 -2.399999999999999911e+00
1.800000000000000711e+00 -2.200000000000000178e+00
1.800000000000000711e+00 -2.000000000000000000e+00
1.800000000000000711e+00 -1.799999999999999822e+00
1.800000000000000711e+00 -1.599999999999999645e+00
1.800000000000000711e+00 -1.399999999999999911e+00
1.800000000000000711e+00 -1.199999999999999734e+00
1.800000000000000711e+00 -1.000000000000000000e+00
1.800000000000000711e+00 -7.999999999999998224e-01
1.800000000000000711e+00 -5.999999999999996447e-01
1.800000000000000711e+00 -3.999999999999999112e-01
1.800000000000000711e+00 -1.999999999999997335e-01
1.800000000000000711e+00 0.000000000000000000e+00
1.800000000000000711e+00 2.000000000000001776e-01
1.800000000000000711e+00 4.000000000000003553e-01
1.800000000000000711e+00 6.000000000000005329e-01
1.800000000000000711e+00 8.000000000000007105e-01
1.800000000000000711e+00 1.000000000000000000e+00
1.800000000000000711e+00 1.200000000000000178e+00
1.800000000000000711e+00 1.400000000000000355e+00
1.800000000000000711e+00 1.600000000000000533e+00
1.800000000000000711e+00 1.800000000000000711e+00
1.800000000000000711e+00 2.000000000000000000e+00
1.800000000000000711e+00 2.200000000000000178e+00
1.800000000000000711e+00 2.400000000000000355e+00
1.800000000000000711e+00 2.600000000000000533e+00
1.800000000000000711e+00 2.800000000000000711e+00
1.800000000000000711e+00 3.000000000000000000e+00
1.800000000000000711e+00 3.200000000000000178e+00
1.800000000000000711e+00 3.400000000000000355e+00
1.800000000000000711e+00 3.600000000000000533e+00
1.800000000000000711e+00 3.800000000000000711e+00
2.000000000000000000e+00 -4.000000000000000000e+00
2.000000000000000000e+00 -3.799999999999999822e+00
2.000000000000000000e+00 -3.600000000000000089e+00
2.000000000000000000e+00 -3.399999999999999911e+00
2.000000000000000000e+00 -3.200000000000000178e+00
2.000000000000000000e+00 -3.000000000000000000e+00
2.000000000000000000e+00 -2.799999999999999822e+00
2.000000000000000000e+00 -2.599999999999999645e+00
2.000000000000000000e+00 -2.399999999999999911e+00
2.000000000000000000e+00 -2.200000000000000178e+00
2.000000000000000000e+00 -2.000000000000000000e+00
2.000000000000000000e+00 -1.799999999999999822e+00
2.000000000000000000e+00 -1.599999999999999645e+00
2.000000000000000000e+00 -1.399999999999999911e+00
2.000000000000000000e+00 -1.199999999999999734e+00
2.000000000000000000e+00 -1.000000000000000000e+00
2.000000000000000000e+00 -7.999999999999998224e-01
2.000000000000000000e+00 -5.999999999999996447e-01
2.000000000000000000e+00 -3.999999999999999112e-01
2.000000000000000000e+00 -1.999999999999997335e-01
2.000000000000000000e+00 0.000000000000000000e+00
2.000000000000000000e+00 2.000000000000001776e-01
2.000000000000000000e+00 4.000000000000003553e-01
2.000000000000000000e+00 6.000000000000005329e-01
2.000000000000000000e+00 8.000000000000007105e-01
2.000000000000000000e+00 1.000000000000000000e+00
2.000000000000000000e+00 1.200000000000000178e+00
2.000000000000000000e+00 1.400000000000000355e+00
2.000000000000000000e+00 1.600000000000000533e+00
2.000000000000000000e+00 1.800000000000000711e+00
2.000000000000000000e+00 2.000000000000000000e+00
2.000000000000000000e+00 2.200000000000000178e+00
2.000000000000000000e+00 2.400000000000000355e+00
2.000000000000000000e+00 2.600000000000000533e+00
2.000000000000000000e+00 2.800000000000000711e+00
2.000000000000000000e+00 3.000000000000000000e+00
2.000000000000000000e+00 3.200000000000000178e+00
2.000000000000000000e+00 3.400000000000000355e+00
2.000000000000000000e+00 3.600000000000000533e+00
2.000000000000000000e+00 3.800000000000000711e+00
2.200000000000000178e+00 -4.000000000000000000e+00
2.200000000000000178e+00 -3.799999999999999822e+00
2.200000000000000178e+00 -3.600000000000000089e+00
2.200000000000000178e+00 -3.399999999999999911e+00
2.200000000000000178e+00 -3.200000000000000178e+00
2.200000000000000178e+00 -3.000000000000000000e+00
2.200000000000000178e+00 -2.799999999999999822e+00
2.200000000000000178e+00 -2.599999999999999645e+00
2.200000000000000178e+00 -2.399999999999999911e+00
2.200000000000000178e+00 -2.200000000000000178e+00
2.200000000000000178e+00 -2.000000000000000000e+00
2.200000000000000178e+00 -1.799999999999999822e+00
2.200000000000000178e+00 -1.599999999999999645e+00
2.200000000000000178e+00 -1.399999999999999911e+00
2.200000000000000178e+00 -1.199999999999999734e+00
2.200000000000000178e+00 -1.000000000000000000e+00
2.200000000000000178e+00 -7.999999999999998224e-01
2.200000000000000178e+00 -5.999999999999996447e-01
2.200000000000000178e+00 -3.999999999999999112e-01
2.200000000000000178e+00 -1.999999999999997335e-01
2.200000000000000178e+00 0.000000000000000000e+00
2.200000000000000178e+00 2.000000000000001776e-01
2.200000000000000178e+00 4.000000000000003553e-01
2.200000000000000178e+00 6.000000000000005329e-01
2.200000000000000178e+00 8.000000000000007105e-01
2.200000000000000178e+00 1.000000000000000000e+00
2.200000000000000178e+00 1.200000000000000178e+00
2.200000000000000178e+00 1.400000000000000355e+00
2.200000000000000178e+00 1.600000000000000533e+00
2.200000000000000178e+00 1.800000000000000711e+00
2.200000000000000178e+00 2.000000000000000000e+00
2.200000000000000178e+00 2.200000000000000178e+00
2.200000000000000178e+00 2.400000000000000355e+00
2.200000000000000178e+00 2.600000000000000533e+00
2.200000000000000178e+00 2.800000000000000711e+00
2.200000000000000178e+00 3.000000000000000000e+00
2.200000000000000178e+00 3.200000000000000178e+00
2.200000000000000178e+00 3.400000000000000355e+00
2.200000000000000178e+00 3.600000000000000533e+00
2.200000000000000178e+00 3.800000000000000711e+00
2.400000000000000355e+00 -4.000000000000000000e+00
2.400000000000000355e+00 -3.799999999999999822e+00
2.400000000000000355e+00 -3.600000000000000089e+00
2.400000000000000355e+00 -3.399999999999999911e+00
2.400000000000000355e+00 -3.200000000000000178e+00
2.400000000000000355e+00 -3.000000000000000000e+00
2.400000000000000355e+00 -2.799999999999999822e+00
2.400000000000000355e+00 -2.599999999999999645e+00
2.400000000000000355e+00 -2.399999999999999911e+00
2.400000000000000355e+00 -2.200000000000000178e+00
2.400000000000000355e+00 -2.000000000000000000e+00
2.400000000000000355e+00 -1.799999999999999822e+00
2.400000000000000355e+00 -1.599999999999999645e+00
2.400000000000000355e+00 -1.399999999999999911e+00
2.400000000000000355e+00 -1.199999999999999734e+00
2.400000000000000355e+00 -1.000000000000000000e+00
2.400000000000000355e+00 -7.999999999999998224e-01
2.400000000000000355e+00 -5.999999999999996447e-01
2.400000000000000355e+00 -3.999999999999999112e-01
2.400000000000000355e+00 -1.999999999999997335e-01
2.400000000000000355e+00 0.000000000000000000e+00
2.400000000000000355e+00 2.000000000000001776e-01
2.400000000000000355e+00 4.000000000000003553e-01
2.400000000000000355e+00 6.000000000000005329e-01
2.400000000000000355e+00 8.000000000000007105e-01
2.400000000000000355e+00 1.000000000000000000e+00
2.400000000000000355e+00 1.200000000000000178e+00
2.400000000000000355e+00 1.400000000000000355e+00
2.400000000000000355e+00 1.600000000000000533e+00
2.400000000000000355e+00 1.800000000000000711e+00
2.400000000000000355e+00 2.000000000000000000e+00
2.400000000000000355e+00 2.200000000000000178e+00
2.400000000000000355e+00 2.400000000000000355e+00
2.400000000000000355e+00 2.600000000000000533e+00
2.400000000000000355e+00 2.800000000000000711e+00
2.400000000000000355e+00 3.000000000000000000e+00
2.400000000000000355e+00 3.200000000000000178e+00
2.400000000000000355e+00 3.400000000000000355e+00
2.400000000000000355e+00 3.600000000000000533e+00
2.400000000000000355e+00 3.800000000000000711e+00
2.600000000000000533e+00 -4.000000000000000000e+00
2.600000000000000533e+00 -3.799999999999999822e+00
2.600000000000000533e+00 -3.600000000000000089e+00
2.600000000000000533e+00 -3.399999999999999911e+00
2.600000000000000533e+00 -3.200000000000000178e+00
2.600000000000000533e+00 -3.000000000000000000e+00
2.600000000000000533e+00 -2.799999999999999822e+00
2.600000000000000533e+00 -2.599999999999999645e+00
2.600000000000000533e+00 -2.399999999999999911e+00
2.600000000000000533e+00 -2.200000000000000178e+00
2.600000000000000533e+00 -2.000000000000000000e+00
2.600000000000000533e+00 -1.799999999999999822e+00
2.600000000000000533e+00 -1.599999999999999645e+00
2.600000000000000533e+00 -1.399999999999999911e+00
2.600000000000000533e+00 -1.199999999999999734e+00
2.600000000000000533e+00 -1.000000000000000000e+00
2.600000000000000533e+00 -7.999999999999998224e-01
2.600000000000000533e+00 -5.999999999999996447e-01
2.600000000000000533e+00 -3.999999999999999112e-01
2.600000000000000533e+00 -1.999999999999997335e-01
2.600000000000000533e+00 0.000000000000000000e+00
2.600000000000000533e+00 2.000000000000001776e-01
2.600000000000000533e+00 4.000000000000003553e-01
2.600000000000000533e+00 6.000000000000005329e-01
2.600000000000000533e+00 8.000000000000007105e-01
2.600000000000000533e+00 1.000000000000000000e+00
2.600000000000000533e+00 1.200000000000000178e+00
2.600000000000000533e+00 1.400000000000000355e+00
2.600000000000000533e+00 1.600000000000000533e+00
2.600000000000000533e+00 1.800000000000000711e+00
2.600000000000000533e+00 2.000000000000000000e+00
2.600000000000000533e+00 2.200000000000000178e+00
2.600000000000000533e+00 2.400000000000000355e+00
2.600000000000000533e+00 2.600000000000000533e+00
2.600000000000000533e+00 2.800000000000000711e+00
2.600000000000000533e+00 3.000000000000000000e+00
2.600000000000000533e+00 3.200000000000000178e+00
2.600000000000000533e+00 3.400000000000000355e+00
2.600000000000000533e+00 3.600000000000000533e+00
2.600000000000000533e+00 3.800000000000000711e+00
2.800000000000000711e+00 -4.000000000000000000e+00
2.800000000000000711e+00 -3.799999999999999822e+00
2.800000000000000711e+00 -3.600000000000000089e+00
2.800000000000000711e+00 -3.399999999999999911e+00
2.800000000000000711e+00 -3.200000000000000178e+00
2.800000000000000711e+00 -3.000000000000000000e+00
2.800000000000000711e+00 -2.799999999999999822e+00
2.800000000000000711e+00 -2.599999999999999645e+00
2.800000000000000711e+00 -2.399999999999999911e+00
2.800000000000000711e+00 -2.200000000000000178e+00
2.800000000000000711e+00 -2.000000000000000000e+00
2.800000000000000711e+00 -1.799999999999999822e+00
2.800000000000000711e+00 -1.599999999999999645e+00
2.800000000000000711e+00 -1.399999999999999911e+00
2.800000000000000711e+00 -1.199999999999999734e+00
2.800000000000000711e+00 -1.000000000000000000e+00
2.800000000000000711e+00 -7.999999999999998224e-01
2.800000000000000711e+00 -5.999999999999996447e-01
2.800000000000000711e+00 -3.999999999999999112e-01
2.800000000000000711e+00 -1.999999999999997335e-01
2.800000000000000711e+00 0.000000000000000000e+00
2.800000000000000711e+00 2.000000000000001776e-01
2.800000000000000711e+00 4.000000000000003553e-01
2.800000000000000711e+00 6.000000000000005329e-01
2.800000000000000711e+00 8.000000000000007105e-01
2.800000000000000711e+00 1.000000000000000000e+00
2.800000000000000711e+00 1.200000000000000178e+00
2.800000000000000711e+00 1.400000000000000355e+00
2.800000000000000711e+00 1.600000000000000533e+00
2.800000000000000711e+00 1.800000000000000711e+00
2.800000000000000711e+00 2.000000000000000000e+00
2.800000000000000711e+00 2.200000000000000178e+00
2.800000000000000711e+00 2.400000000000000355e+00
2.800000000000000711e+00 2.600000000000000533e+00
2.800000000000000711e+00 2.800000000000000711e+00
2.800000000000000711e+00 3.000000000000000000e+00
2.800000000000000711e+00 3.200000000000000178e+00
2.800000000000000711e+00 3.400000000000000355e+00
2.800000000000000711e+00 3.600000000000000533e+00
2.800000000000000711e+00 3.800000000000000711e+00
3.000000000000000000e+00 -4.000000000000000000e+00
3.000000000000000000e+00 -3.799999999999999822e+00
3.000000000000000000e+00 -3.600000000000000089e+00
3.000000000000000000e+00 -3.399999999999999911e+00
3.000000000000000000e+00 -3.200000000000000178e+00
3.000000000000000000e+00 -3.000000000000000000e+00
3.000000000000000000e+00 -2.799999999999999822e+00
3.000000000000000000e+00 -2.599999999999999645e+00
3.000000000000000000e+00 -2.399999999999999911e+00
3.000000000000000000e+00 -2.200000000000000178e+00
3.000000000000000000e+00 -2.000000000000000000e+00
3.000000000000000000e+00 -1.799999999999999822e+00
3.000000000000000000e+00 -1.599999999999999645e+00
3.000000000000000000e+00 -1.399999999999999911e+00
3.000000000000000000e+00 -1.199999999999999734e+00
3.000000000000000000e+00 -1.000000000000000000e+00
3.000000000000000000e+00 -7.999999999999998224e-01
3.000000000000000000e+00 -5.999999999999996447e-01
3.000000000000000000e+00 -3.999999999999999112e-01
3.000000000000000000e+00 -1.999999999999997335e-01
3.000000000000000000e+00 0.000000000000000000e+00
3.000000000000000000e+00 2.000000000000001776e-01
3.000000000000000000e+00 4.000000000000003553e-01
3.000000000000000000e+00 6.000000000000005329e-01
3.000000000000000000e+00 8.000000000000007105e-01
3.000000000000000000e+00 1.000000000000000000e+00
3.000000000000000000e+00 1.200000000000000178e+00
3.000000000000000000e+00 1.400000000000000355e+00
3.000000000000000000e+00 1.600000000000000533e+00
3.000000000000000000e+00 1.800000000000000711e+00
3.000000000000000000e+00 2.000000000000000000e+00
3.000000000000000000e+00 2.200000000000000178e+00
3.000000000000000000e+00 2.400000000000000355e+00
3.000000000000000000e+00 2.600000000000000533e+00
3.000000000000000000e+00 2.800000000000000711e+00
3.000000000000000000e+00 3.000000000000000000e+00
3.000000000000000000e+00 3.200000000000000178e+00
3.000000000000000000e+00 3.400000000000000355e+00
3.000000000000000000e+00 3.600000000000000533e+00
3.000000000000000000e+00 3.800000000000000711e+00
3.200000000000000178e+00 -4.000000000000000000e+00
3.200000000000000178e+00 -3.799999999999999822e+00
3.200000000000000178e+00 -3.600000000000000089e+00
3.200000000000000178e+00 -3.399999999999999911e+00
3.200000000000000178e+00 -3.200000000000000178e+00
3.200000000000000178e+00 -3.000000000000000000e+00
3.200000000000000178e+00 -2.799999999999999822e+00
3.200000000000000178e+00 -2.599999999999999645e+00
3.200000000000000178e+00 -2.399999999999999911e+00
3.200000000000000178e+00 -2.200000000000000178e+00
3.200000000000000178e+00 -2.000000000000000000e+00
3.200000000000000178e+00 -1.799999999999999822e+00
3.200000000000000178e+00 -1.599999999999999645e+00
3.200000000000000178e+00 -1.399999999999999911e+00
3.200000000000000178e+00 -1.199999999999999734e+00
3.200000000000000178e+00 -1.000000000000000000e+00
3.200000000000000178e+00 -7.999999999999998224e-01
3.200000000000000178e+00 -5.999999999999996447e-01
3.200000000000000178e+00 -3.999999999999999112e-01
3.200000000000000178e+00 -1.999999999999997335e-01
3.200000000000000178e+00 0.000000000000000000e+00
3.200000000000000178e+00 2.000000000000001776e-01
3.200000000000000178e+00 4.000000000000003553e-01
3.200000000000000178e+00 6.000000000000005329e-01
3.200000000000000178e+00 8.000000000000007105e-01
3.200000000000000178e+00 1.000000000000000000e+00
3.200000000000000178e+00 1.200000000000000178e+00
3.200000000000000178e+00 1.400000000000000355e+00
3.200000000000000178e+00 1.600000000000000533e+00
3.200000000000000178e+00 1.800000000000000711e+00
3.200000000000000178e+00 2.000000000000000000e+00
3.200000000000000178e+00 2.200000000000000178e+00
3.200000000000000178e+00 2.400000000000000355e+00
3.200000000000000178e+00 2.600000000000000533e+00
3.200000000000000178e+00 2.800000000000000711e+00
3.200000000000000178e+00 3.000000000000000000e+00
3.200000000000000178e+00 3.200000000000000178e+00
3.200000000000000178e+00 3.400000000000000355e+00
3.200000000000000178e+00 3.600000000000000533e+00
3.200000000000000178e+00 3.800000000000000711e+00
3.400000000000000355e+00 -4.000000000000000000e+00
3.400000000000000355e+00 -3.799999999999999822e+00
3.400000000000000355e+00 -3.600000000000000089e+00
3.400000000000000355e+00 -3.399999999999999911e+00
3.400000000000000355e+00 -3.200000000000000178e+00
3.400000000000000355e+00 -3.000000000000000000e+00
3.400000000000000355e+00 -2.799999999999999822e+00
3.400000000000000355e+00 -2.599999999999999645e+00
3.400000000000000355e+00 -2.399999999999999911e+00
3.400000000000000355e+00 -2.200000000000000178e+00
3.400000000000000355e+00 -2.000000000000000000e+00
3.400000000000000355e+00 -1.799999999999999822e+00
3.400000000000000355e+00 -1.599999999999999645e+00
3.400000000000000355e+00 -1.399999999999999911e+00
3.400000000000000355e+00 -1.199999999999999734e+00
3.400000000000000355e+00 -1.000000000000000000e+00
3.400000000000000355e+00 -7.999999999999998224e-01
3.400000000000000355e+00 -5.999999999999996447e-01
3.400000000000000355e+00 -3.999999999999999112e-01
3.400000000000000355e+00 -1.999999999999997335e-01
3.400000000000000355e+00 0.000000000000000000e+00
3.400000000000000355e+00 2.000000000000001776e-01
3.400000000000000355e+00 4.000000000000003553e-01
3.400000000000000355e+00 6.000000000000005329e-01
3.400000000000000355e+00 8.000000000000007105e-01
3.400000000000000355e+00 1.000000000000000000e+00
3.400000000000000355e+00 1.200000000000000178e+00
3.400000000000000355e+00 1.400000000000000355e+00
3.400000000000000355e+00 1.600000000000000533e+00
3.400000000000000355e+00 1.800000000000000711e+00
3.400000000000000355e+00 2.000000000000000000e+00
3.400000000000000355e+00 2.200000000000000178e+00
3.400000000000000355e+00 2.400000000000000355e+00
3.400000000000000355e+00 2.600000000000000533e+00
3.400000000000000355e+00 2.800000000000000711e+00
3.400000000000000355e+00 3.000000000000000000e+00
3.400000000000000355e+00 3.200000000000000178e+00
3.400000000000000355e+00 3.400000000000000355e+00
3.400000000000000355e+00 3.600000000000000533e+00
3.400000000000000355e+00 3.800000000000000711e+00
3.600000000000000533e+00 -4.000000000000000000e+00
3.600000000000000533e+00 -3.799999999999999822e+00
3.600000000000000533e+00 -3.600000000000000089e+00
3.600000000000000533e+00 -3.399999999999999911e+00
3.600000000000000533e+00 -3.200000000000000178e+00
3.600000000000000533e+00 -3.000000000000000000e+00
3.600000000000000533e+00 -2.799999999999999822e+00
3.600000000000000533e+00 -2.599999999999999645e+00
3.600000000000000533e+00 -2.399999999999999911e+00
3.600000000000000533e+00 -2.200000000000000178e+00
3.600000000000000533e+00 -2.000000000000000000e+00
3.600000000000000533e+00 -1.799999999999999822e+00
3.600000000000000533e+00 -1.599999999999999645e+00
3.600000000000000533e+00 -1.399999999999999911e+00
3.600000000000000533e+00 -1.199999999999999734e+00
3.600000000000000533e+00 -1.000000000000000000e+00
3.600000000000000533e+00 -7.999999999999998224e-01
3.600000000000000533e+00 -5.999999999999996447e-01
3.600000000000000533e+00 -3.999999999999999112e-01
3.600000000000000533e+00 -1.999999999999997335e-01
3.600000000000000533e+00 0.000000000000000000e+00
3.600000000000000533e+00 2.000000000000001776e-01
3.600000000000000533e+00 4.000000000000003553e-01
3.600000000000000533e+00 6.000000000000005329e-01
3.600000000000000533e+00 8.000000000000007105e-01
3.600000000000000533e+00 1.000000000000000000e+00
3.600000000000000533e+00 1.200000000000000178e+00
3.600000000000000533e+00 1.400000000000000355e+00
3.600000000000000533e+00 1.600000000000000533e+00
3.600000000000000533e+00 1.800000000000000711e+00
3.600000000000000533e+00 2.000000000000000000e+00
3.600000000000000533e+00 2.200000000000000178e+00
3.600000000000000533e+00 2.400000000000000355e+00
3.600000000000000533e+00 2.600000000000000533e+00
3.600000000000000533e+00 2.800000000000000711e+00
3.600000000000000533e+00 3.000000000000000000e+00
3.600000000000000533e+00 3.200000000000000178e+00
3.600000000000000533e+00 3.400000000000000355e+00
3.600000000000000533e+00 3.600000000000000533e+00
3.600000000000000533e+00 3.800000000000000711e+00
3.800000000000000711e+00 -4.000000000000000000e+00
3.800000000000000711e+00 -3.799999999999999822e+00
3.800000000000000711e+00 -3.600000000000000089e+00
3.800000000000000711e+00 -3.399999999999999911e+00
3.800000000000000711e+00 -3.200000000000000178e+00
3.800000000000000711e+00 -3.000000000000000000e+00
3.800000000000000711e+00 -2.799999999999999822e+00
3.800000000000000711e+00 -2.599999999999999645e+00
3.800000000000000711e+00 -2.399999999999999911e+00
3.800000000000000711e+00 -2.200000000000000178e+00
3.800000000000000711e+00 -2.000000000000000000e+00
3.800000000000000711e+00 -1.799999999999999822e+00
3.800000000000000711e+00 -1.599999999999999645e+00
3.800000000000000711e+00 -1.399999999999999911e+00
3.800000000000000711e+00 -1.199999999999999734e+00
3.800000000000000711e+00 -1.000000000000000000e+00
3.800000000000000711e+00 -7.999999999999998224e-01
3.800000000000000711e+00 -5.999999999999996447e-01
3.800000000000000711e+00 -3.999999999999999112e-01
3.800000000000000711e+00 -1.999999999999997335e-01
3.800000000000000711e+00 0.000000000000000000e+00
3.800000000000000711e+00 2.000000000000001776e-01
3.800000000000000711e+00 4.000000000000003553e-01
3.800000000000000711e+00 6.000000000000005329e-01
3.800000000000000711e+00 8.000000000000007105e-01
3.800000000000000711e+00 1.000000000000000000e+00
3.800000000000000711e+00 1.200000000000000178e+00
3.800000000000000711e+00 1.400000000000000355e+00
3.800000000000000711e+00 1.600000000000000533e+00
3.800000000000000711e+00 1.800000000000000711e+00
3.800000000000000711e+00 2.000000000000000000e+00
3.800000000000000711e+00 2.200000000000000178e+00
3.800000000000000711e+00 2.400000000000000355e+00
3.800000000000000711e+00 2.600000000000000533e+00
3.800000000000000711e+00 2.800000000000000711e+00
3.800000000000000711e+00 3.000000000000000000e+00
3.800000000000000711e+00 3.200000000000000178e+00
3.800000000000000711e+00 3.400000000000000355e+00
3.800000000000000711e+00 3.600000000000000533e+00
3.800000000000000711e+00 3.800000000000000711e+00
