-2.200000000000000178e+00 -2.200000000000000178e+00
-2.200000000000000178e+00 -1.450000000000000178e+00
-2.200000000000000178e+00 -7.000000000000001776e-01
-2.200000000000000178e+00 4.999999999999982236e-02
-2.200000000000000178e+00 7.999999999999998224e-01
-2.200000000000000178e+00 1.549999999999999822e+00
-1.450000000000000178e+00 -2.200000000000000178e+00
-1.450000000000000178e+00 -1.450000000000000178e+00
-1.450000000000000178e+00 -7.000000000000001776e-01
-1.450000000000000178e+00 4.999999999999982236e-02
-1.450000000000000178e+00 7.999999999999998224e-01
-1.450000000000000178e+00 1.549999999999999822e+00
-7.000000000000001776e-01 -2.200000000000000178e+00
-7.000000000000001776e-01 -1.450000000000000178e+00
-7.000000000000001776e-01 -7.000000000000001776e-01
-7.000000000000001776e-01 4.999999999999982236e-02
-7.000000000000001776e-01 7.999999999999998224e-01
-7.000000000000001776e-01 1.549999999999999822e+00
4.999999999999982236e-02 -2.200000000000000178e+00
4.999999999999982236e-02 -1.450000000000000178e+00
4.999999999999982236e-02 -7.000000000000001776e-01
4.999999999999982236e-02 4.999999999999982236e-02
4.999999999999982236e-02 7.999999999999998224e-01
4.999999999999982236e-02 1.549999999999999822e+00
7.999999999999998224e-01 -2.200000000000000178e+00
7.999999999999998224e-01 -1.450000000000000178e+00
7.999999999999998224e-01 -7.000000000000001776e-01
7.999999999999998224e-01 4.999999999999982236e-02
7.999999999999998224e-01 7.999999999999998224e-01
7.999999999999998224e-01 1.549999999999999822e+00
1.549999999999999822e+00 -2.200000000000000178e+00
1.549999999999999822e+00 -1.450000000000000178e+00
1.549999999999999822e+00 -7.000000000000001776e-01
1.549999999999999822e+00 4.999999999999982236e-02
1.549999999999999822e+00 7.999999999999998224e-01
1.549999999999999822e+00 1.549999999999999822e+00
