-2.200000000000000178e+00 -2.200000000000000178e+00
-2.200000000000000178e+00 -1.980000000000000204e+00
-2.200000000000000178e+00 -1.760000000000000231e+00
-2.200000000000000178e+00 -1.540000000000000036e+00
-2.200000000000000178e+00 -1.320000000000000284e+00
-2.200000000000000178e+00 -1.100000000000000089e+00
-2.200000000000000178e+00 -8.800000000000001155e-01
-2.200000000000000178e+00 -6.600000000000001421e-01
-2.200000000000000178e+00 -4.400000000000001688e-01
-2.200000000000000178e+00 -2.200000000000001954e-01
-2.200000000000000178e+00 0.000000000000000000e+00
-2.200000000000000178e+00 2.199999999999997513e-01
-2.200000000000000178e+00 4.399999999999999467e-01
-2.200000000000000178e+00 6.599999999999996980e-01
-2.200000000000000178e+00 8.799999999999998934e-01
-2.200000000000000178e+00 1.099999999999999645e+00
-2.200000000000000178e+00 1.319999999999999840e+00
-2.200000000000000178e+00 1.540000000000000036e+00
-2.200000000000000178e+00 1.759999999999999787e+00
-2.200000000000000178e+00 1.979999999999999538e+00
-1.980000000000000204e+00 -2.200000000000000178e+00
-1.980000000000000204e+00 -1.980000000000000204e+00
-1.980000000000000204e+00 -1.760000000000000231e+00
-1.980000000000000204e+00 -1.540000000000000036e+00
-1.980000000000000204e+00 -1.320000000000000284e+00
-1.980000000000000204e+00 -1.100000000000000089e+00
-1.980000000000000204e+00 -8.800000000000001155e-01
-1.980000000000000204e+00 -6.600000000000001421e-01
-1.980000000000000204e+00 -4.400000000000001688e-01
-1.980000000000000204e+00 -2.200000000000001954e-01
-1.980000000000000204e+00 0.000000000000000000e+00
-1.980000000000000204e+00 2.199999999999997513e-01
-1.980000000000000204e+00 4.399999999999999467e-01
-1.980000000000000204e+00 6.599999999999996980e-01
-1.980000000000000204e+00 8.799999999999998934e-01
-1.980000000000000204e+00 1.099999999999999645e+00
-1.980000000000000204e+00 1.319999999999999840e+00
-1.980000000000000204e+00 1.540000000000000036e+00
-1.980000000000000204e+00 1.759999999999999787e+00
-1.980000000000000204e+00 1.979999999999999538e+00
-1.760000000000000231e+00 -2.200000000000000178e+00
-1.760000000000000231e+00 -1.980000000000000204e+00
-1.760000000000000231e+00 -1.760000000000000231e+00
-1.760000000000000231e+00 -1.540000000000000036e+00
-1.760000000000000231e+00 -1.320000000000000284e+00
-1.760000000000000231e+00 -1.100000000000000089e+00
-1.760000000000000231e+00 -8.800000000000001155e-01
-1.760000000000000231e+00 -6.600000000000001421e-01
-1.760000000000000231e+00 -4.400000000000001688e-01
-1.760000000000000231e+00 -2.200000000000001954e-01
-1.760000000000000231e+00 0.000000000000000000e+00
-1.760000000000000231e+00 2.199999999999997513e-01
-1.760000000000000231e+00 4.399999999999999467e-01
-1.760000000000000231e+00 6.599999999999996980e-01
-1.760000000000000231e+00 8.799999999999998934e-01
-1.760000000000000231e+00 1.099999999999999645e+00
-1.760000000000000231e+00 1.319999999999999840e+00
-1.760000000000000231e+00 1.540000000000000036e+00
-1.760000000000000231e+00 1.759999999999999787e+00
-1.760000000000000231e+00 1.979999999999999538e+00
-1.540000000000000036e+00 -2.200000000000000178e+00
-1.540000000000000036e+00 -1.980000000000000204e+00
-1.540000000000000036e+00 -1.760000000000000231e+00
-1.540000000000000036e+00 -1.540000000000000036e+00
-1.540000000000000036e+00 -1.320000000000000284e+00
-1.540000000000000036e+00 -1.100000000000000089e+00
-1.540000000000000036e+00 -8.800000000000001155e-01
-1.540000000000000036e+00 -6.600000000000001421e-01
-1.540000000000000036e+00 -4.400000000000001688e-01
-1.540000000000000036e+00 -2.200000000000001954e-01
-1.540000000000000036e+00 0.000000000000000000e+00
-1.540000000000000036e+00 2.199999999999997513e-01
-1.540000000000000036e+00 4.399999999999999467e-01
-1.540000000000000036e+00 6.599999999999996980e-01
-1.540000000000000036e+00 8.799999999999998934e-01
-1.540000000000000036e+00 1.099999999999999645e+00
-1.540000000000000036e+00 1.319999999999999840e+00
-1.540000000000000036e+00 1.540000000000000036e+00
-1.540000000000000036e+00 1.759999999999999787e+00
-1.540000000000000036e+00 1.979999999999999538e+00
-1.320000000000000284e+00 -2.200000000000000178e+00
-1.320000000000000284e+00 -1.980000000000000204e+00
-1.320000000000000284e+00 -1.760000000000000231e+00
-1.320000000000000284e+00 -1.540000000000000036e+00
-1.320000000000000284e+00 -1.320000000000000284e+00
-1.320000000000000284e+00 -1.100000000000000089e+00
-1.320000000000000284e+00 -8.800000000000001155e-01
-1.320000000000000284e+00 -6.600000000000001421e-01
-1.320000000000000284e+00 -4.400000000000001688e-01
-1.320000000000000284e+00 -2.200000000000001954e-01
-1.320000000000000284e+00 0.000000000000000000e+00
-1.320000000000000284e+00 2.199999999999997513e-01
-1.320000000000000284e+00 4.399999999999999467e-01
-1.320000000000000284e+00 6.599999999999996980e-01
-1.320000000000000284e+00 8.799999999999998934e-01
-1.320000000000000284e+00 1.099999999999999645e+00
-1.320000000000000284e+00 1.319999999999999840e+00
-1.320000000000000284e+00 1.540000000000000036e+00
-1.320000000000000284e+00 1.759999999999999787e+00
-1.320000000000000284e+00 1.979999999999999538e+00
-1.100000000000000089e+00 -2.200000000000000178e+00
-1.100000000000000089e+00 -1.980000000000000204e+00
-1.100000000000000089e+00 -1.760000000000000231e+00
-1.100000000000000089e+00 -1.540000000000000036e+00
-1.100000000000000089e+00 -1.320000000000000284e+00
-1.100000000000000089e+00 -1.100000000000000089e+00
-1.100000000000000089e+00 -8.800000000000001155e-01
-1.100000000000000089e+00 -6.600000000000001421e-01
-1.100000000000000089e+00 -4.400000000000001688e-01
-1.100000000000000089e+00 -2.200000000000001954e-01
-1.100000000000000089e+00 0.000000000000000000e+00
-1.100000000000000089e+00 2.199999999999997513e-01
-1.100000000000000089e+00 4.399999999999999467e-01
-1.100000000000000089e+00 6.599999999999996980e-01
-1.100000000000000089e+00 8.799999999999998934e-01
-1.100000000000000089e+00 1.099999999999999645e+00
-1.100000000000000089e+00 1.319999999999999840e+00
-1.100000000000000089e+00 1.540000000000000036e+00
-1.100000000000000089e+00 1.759999999999999787e+00
-1.100000000000000089e+00 1.979999999999999538e+00
-8.800000000000001155e-01 -2.200000000000000178e+00
-8.800000000000001155e-01 -1.980000000000000204e+00
-8.800000000000001155e-01 -1.760000000000000231e+00
-8.800000000000001155e-01 -1.540000000000000036e+00
-8.800000000000001155e-01 -1.320000000000000284e+00
-8.800000000000001155e-01 -1.100000000000000089e+00
-8.800000000000001155e-01 -8.800000000000001155e-01
-8.800000000000001155e-01 -6.600000000000001421e-01
-8.800000000000001155e-01 -4.400000000000001688e-01
-8.800000000000001155e-01 -2.200000000000001954e-01
-8.800000000000001155e-01 0.000000000000000000e+00
-8.800000000000001155e-01 2.199999999999997513e-01
-8.800000000000001155e-01 4.399999999999999467e-01
-8.800000000000001155e-01 6.599999999999996980e-01
-8.800000000000001155e-01 8.799999999999998934e-01
-8.800000000000001155e-01 1.099999999999999645e+00
-8.800000000000001155e-01 1.319999999999999840e+00
-8.800000000000001155e-01 1.540000000000000036e+00
-8.800000000000001155e-01 1.759999999999999787e+00
-8.800000000000001155e-01 1.979999999999999538e+00
-6.600000000000001421e-01 -2.200000000000000178e+00
-6.600000000000001421e-01 -1.980000000000000204e+00
-6.600000000000001421e-01 -1.760000000000000231e+00
-6.600000000000001421e-01 -1.540000000000000036e+00
-6.600000000000001421e-01 -1.320000000000000284e+00
-6.600000000000001421e-01 -1.100000000000000089e+00
-6.600000000000001421e-01 -8.800000000000001155e-01
-6.600000000000001421e-01 -6.600000000000001421e-01
-6.600000000000001421e-01 -4.400000000000001688e-01
-6.600000000000001421e-01 -2.200000000000001954e-01
-6.600000000000001421e-01 0.000000000000000000e+00
-6.600000000000001421e-01 2.199999999999997513e-01
-6.600000000000001421e-01 4.399999999999999467e-01
-6.600000000000001421e-01 6.599999999999996980e-01
-6.600000000000001421e-01 8.799999999999998934e-01
-6.600000000000001421e-01 1.099999999999999645e+00
-6.600000000000001421e-01 1.319999999999999840e+00
-6.600000000000001421e-01 1.540000000000000036e+00
-6.600000000000001421e-01 1.759999999999999787e+00
-6.600000000000001421e-01 1.979999999999999538e+00
-4.400000000000001688e-01 -2.200000000000000178e+00
-4.400000000000001688e-01 -1.980000000000000204e+00
-4.400000000000001688e-01 -1.760000000000000231e+00
-4.400000000000001688e-01 -1.540000000000000036e+00
-4.400000000000001688e-01 -1.320000000000000284e+00
-4.400000000000001688e-01 -1.100000000000000089e+00
-4.400000000000001688e-01 -8.800000000000001155e-01
-4.400000000000001688e-01 -6.600000000000001421e-01
-4.400000000000001688e-01 -4.400000000000001688e-01
-4.400000000000001688e-01 -2.200000000000001954e-01
-4.400000000000001688e-01 0.000000000000000000e+00
-4.400000000000001688e-01 2.199999999999997513e-01
-4.400000000000001688e-01 4.399999999999999467e-01
-4.400000000000001688e-01 6.599999999999996980e-01
-4.400000000000001688e-01 8.799999999999998934e-01
-4.400000000000001688e-01 1.099999999999999645e+00
-4.400000000000001688e-01 1.319999999999999840e+00
-4.400000000000001688e-01 1.540000000000000036e+00
-4.400000000000001688e-01 1.759999999999999787e+00
-4.400000000000001688e-01 1.979999999999999538e+00
-2.200000000000001954e-01 -2.200000000000000178e+00
-2.200000000000001954e-01 -1.980000000000000204e+00
-2.200000000000001954e-01 -1.760000000000000231e+00
-2.200000000000001954e-01 -1.540000000000000036e+00
-2.200000000000001954e-01 -1.320000000000000284e+00
-2.200000000000001954e-01 -1.100000000000000089e+00
-2.200000000000001954e-01 -8.800000000000001155e-01
-2.200000000000001954e-01 -6.600000000000001421e-01
-2.200000000000001954e-01 -4.400000000000001688e-01
-2.200000000000001954e-01 -2.200000000000001954e-01
-2.200000000000001954e-01 0.000000000000000000e+00
-2.200000000000001954e-01 2.199999999999997513e-01
-2.200000000000001954e-01 4.399999999999999467e-01
-2.200000000000001954e-01 6.599999999999996980e-01
-2.200000000000001954e-01 8.799999999999998934e-01
-2.200000000000001954e-01 1.099999999999999645e+00
-2.200000000000001954e-01 1.319999999999999840e+00
-2.200000000000001954e-01 1.540000000000000036e+00
-2.200000000000001954e-01 1.759999999999999787e+00
-2.200000000000001954e-01 1.979999999999999538e+00
0.000000000000000000e+00 -2.200000000000000178e+00
0.000000000000000000e+00 -1.980000000000000204e+00
0.000000000000000000e+00 -1.760000000000000231e+00
0.000000000000000000e+00 -1.540000000000000036e+00
0.000000000000000000e+00 -1.320000000000000284e+00
0.000000000000000000e+00 -1.100000000000000089e+00
0.000000000000000000e+00 -8.800000000000001155e-01
0.000000000000000000e+00 -6.600000000000001421e-01
0.000000000000000000e+00 -4.400000000000001688e-01
0.000000000000000000e+00 -2.200000000000001954e-01
0.000000000000000000e+00 0.000000000000000000e+00
0.000000000000000000e+00 2.199999999999997513e-01
0.000000000000000000e+00 4.399999999999999467e-01
0.000000000000000000e+00 6.599999999999996980e-01
0.000000000000000000e+00 8.799999999999998934e-01
0.000000000000000000e+00 1.099999999999999645e+00
0.000000000000000000e+00 1.319999999999999840e+00
0.000000000000000000e+00 1.540000000000000036e+00
0.000000000000000000e+00 1.759999999999999787e+00
0.000000000000000000e+00 1.979999999999999538e+00
2.199999999999997513e-01 -2.200000000000000178e+00
2.199999999999997513e-01 -1.980000000000000204e+00
2.199999999999997513e-01 -1.760000000000000231e+00
2.199999999999997513e-01 -1.540000000000000036e+00
2.199999999999997513e-01 -1.320000000000000284e+00
2.199999999999997513e-01 -1.100000000000000089e+00
2.199999999999997513e-01 -8.800000000000001155e-01
2.199999999999997513e-01 -6.600000000000001421e-01
2.199999999999997513e-01 -4.400000000000001688e-01
2.199999999999997513e-01 -2.200000000000001954e-01
2.199999999999997513e-01 0.000000000000000000e+00
2.199999999999997513e-01 2.199999999999997513e-01
2.199999999999997513e-01 4.399999999999999467e-01
2.199999999999997513e-01 6.599999999999996980e-01
2.199999999999997513e-01 8.799999999999998934e-01
2.199999999999997513e-01 1.099999999999999645e+00
2.199999999999997513e-01 1.319999999999999840e+00
2.199999999999997513e-01 1.540000000000000036e+00
2.199999999999997513e-01 1.759999999999999787e+00
2.199999999999997513e-01 1.979999999999999538e+00
4.399999999999999467e-01 -2.200000000000000178e+00
4.399999999999999467e-01 -1.980000000000000204e+00
4.399999999999999467e-01 -1.760000000000000231e+00
4.399999999999999467e-01 -1.540000000000000036e+00
4.399999999999999467e-01 -1.320000000000000284e+00
4.399999999999999467e-01 -1.100000000000000089e+00
4.399999999999999467e-01 -8.800000000000001155e-01
4.399999999999999467e-01 -6.600000000000001421e-01
4.399999999999999467e-01 -4.400000000000001688e-01
4.399999999999999467e-01 -2.200000000000001954e-01
4.399999999999999467e-01 0.000000000000000000e+00
4.399999999999999467e-01 2.199999999999997513e-01
4.399999999999999467e-01 4.399999999999999467e-01
4.399999999999999467e-01 6.599999999999996980e-01
4.399999999999999467e-01 8.799999999999998934e-01
4.399999999999999467e-01 1.099999999999999645e+00
4.399999999999999467e-01 1.319999999999999840e+00
4.399999999999999467e-01 1.540000000000000036e+00
4.399999999999999467e-01 1.759999999999999787e+00
4.399999999999999467e-01 1.979999999999999538e+00
6.599999999999996980e-01 -2.200000000000000178e+00
6.599999999999996980e-01 -1.980000000000000204e+00
6.599999999999996980e-01 -1.760000000000000231e+00
6.599999999999996980e-01 -1.540000000000000036e+00
6.599999999999996980e-01 -1.320000000000000284e+00
6.599999999999996980e-01 -1.100000000000000089e+00
6.599999999999996980e-01 -8.800000000000001155e-01
6.599999999999996980e-01 -6.600000000000001421e-01
6.599999999999996980e-01 -4.400000000000001688e-01
6.599999999999996980e-01 -2.200000000000001954e-01
6.599999999999996980e-01 0.000000000000000000e+00
6.599999999999996980e-01 2.199999999999997513e-01
6.599999999999996980e-01 4.399999999999999467e-01
6.599999999999996980e-01 6.599999999999996980e-01
6.599999999999996980e-01 8.799999999999998934e-01
6.599999999999996980e-01 1.099999999999999645e+00
6.599999999999996980e-01 1.319999999999999840e+00
6.599999999999996980e-01 1.540000000000000036e+00
6.599999999999996980e-01 1.759999999999999787e+00
6.599999999999996980e-01 1.979999999999999538e+00
8.799999999999998934e-01 -2.200000000000000178e+00
8.799999999999998934e-01 -1.980000000000000204e+00
8.799999999999998934e-01 -1.760000000000000231e+00
8.799999999999998934e-01 -1.540000000000000036e+00
8.799999999999998934e-01 -1.320000000000000284e+00
8.799999999999998934e-01 -1.100000000000000089e+00
8.799999999999998934e-01 -8.800000000000001155e-01
8.799999999999998934e-01 -6.600000000000001421e-01
8.799999999999998934e-01 -4.400000000000001688e-01
8.799999999999998934e-01 -2.200000000000001954e-01
8.799999999999998934e-01 0.000000000000000000e+00
8.799999999999998934e-01 2.199999999999997513e-01
8.799999999999998934e-01 4.399999999999999467e-01
8.799999999999998934e-01 6.599999999999996980e-01
8.799999999999998934e-01 8.799999999999998934e-01
8.799999999999998934e-01 1.099999999999999645e+00
8.799999999999998934e-01 1.319999999999999840e+00
8.799999999999998934e-01 1.540000000000000036e+00
8.799999999999998934e-01 1.759999999999999787e+00
8.799999999999998934e-01 1.979999999999999538e+00
1.099999999999999645e+00 -2.200000000000000178e+00
1.099999999999999645e+00 -1.980000000000000204e+00
1.099999999999999645e+00 -1.760000000000000231e+00
1.099999999999999645e+00 -1.540000000000000036e+00
1.099999999999999645e+00 -1.320000000000000284e+00
1.099999999999999645e+00 -1.100000000000000089e+00
1.099999999999999645e+00 -8.800000000000001155e-01
1.099999999999999645e+00 -6.600000000000001421e-01
1.099999999999999645e+00 -4.400000000000001688e-01
1.099999999999999645e+00 -2.200000000000001954e-01
1.099999999999999645e+00 0.000000000000000000e+00
1.099999999999999645e+00 2.199999999999997513e-01
1.099999999999999645e+00 4.399999999999999467e-01
1.099999999999999645e+00 6.599999999999996980e-01
1.099999999999999645e+00 8.799999999999998934e-01
1.099999999999999645e+00 1.099999999999999645e+00
1.099999999999999645e+00 1.319999999999999840e+00
1.099999999999999645e+00 1.540000000000000036e+00
1.099999999999999645e+00 1.759999999999999787e+00
1.099999999999999645e+00 1.979999999999999538e+00
1.319999999999999840e+00 -2.200000000000000178e+00
1.319999999999999840e+00 -1.980000000000000204e+00
1.319999999999999840e+00 -1.760000000000000231e+00
1.319999999999999840e+00 -1.540000000000000036e+00
1.319999999999999840e+00 -1.320000000000000284e+00
1.319999999999999840e+00 -1.100000000000000089e+00
1.319999999999999840e+00 -8.800000000000001155e-01
1.319999999999999840e+00 -6.600000000000001421e-01
1.319999999999999840e+00 -4.400000000000001688e-01
1.319999999999999840e+00 -2.200000000000001954e-01
1.319999999999999840e+00 0.000000000000000000e+00
1.319999999999999840e+00 2.199999999999997513e-01
1.319999999999999840e+00 4.399999999999999467e-01
1.319999999999999840e+00 6.599999999999996980e-01
1.319999999999999840e+00 8.799999999999998934e-01
1.319999999999999840e+00 1.099999999999999645e+00
1.319999999999999840e+00 1.319999999999999840e+00
1.319999999999999840e+00 1.540000000000000036e+00
1.319999999999999840e+00 1.759999999999999787e+00
1.319999999999999840e+00 1.979999999999999538e+00
1.540000000000000036e+00 -2.200000000000000178e+00
1.540000000000000036e+00 -1.980000000000000204e+00
1.540000000000000036e+00 -1.760000000000000231e+00
1.540000000000000036e+00 -1.540000000000000036e+00
1.540000000000000036e+00 -1.320000000000000284e+00
1.540000000000000036e+00 -1.100000000000000089e+00
1.540000000000000036e+00 -8.800000000000001155e-01
1.540000000000000036e+00 -6.600000000000001421e-01
1.540000000000000036e+00 -4.400000000000001688e-01
1.540000000000000036e+00 -2.200000000000001954e-01
1.540000000000000036e+00 0.000000000000000000e+00
1.540000000000000036e+00 2.199999999999997513e-01
1.540000000000000036e+00 4.399999999999999467e-01
1.540000000000000036e+00 6.599999999999996980e-01
1.540000000000000036e+00 8.799999999999998934e-01
1.540000000000000036e+00 1.099999999999999645e+00
1.540000000000000036e+00 1.319999999999999840e+00
1.540000000000000036e+00 1.540000000000000036e+00
1.540000000000000036e+00 1.759999999999999787e+00
1.540000000000000036e+00 1.979999999999999538e+00
1.759999999999999787e+00 -2.200000000000000178e+00
1.759999999999999787e+00 -1.980000000000000204e+00
1.759999999999999787e+00 -1.760000000000000231e+00
1.759999999999999787e+00 -1.540000000000000036e+00
1.759999999999999787e+00 -1.320000000000000284e+00
1.759999999999999787e+00 -1.100000000000000089e+00
1.759999999999999787e+00 -8.800000000000001155e-01
1.759999999999999787e+00 -6.600000000000001421e-01
1.759999999999999787e+00 -4.400000000000001688e-01
1.759999999999999787e+00 -2.200000000000001954e-01
1.759999999999999787e+00 0.000000000000000000e+00
1.759999999999999787e+00 2.199999999999997513e-01
1.759999999999999787e+00 4.399999999999999467e-01
1.759999999999999787e+00 6.599999999999996980e-01
1.759999999999999787e+00 8.799999999999998934e-01
1.759999999999999787e+00 1.099999999999999645e+00
1.759999999999999787e+00 1.319999999999999840e+00
1.759999999999999787e+00 1.540000000000000036e+00
1.759999999999999787e+00 1.759999999999999787e+00
1.759999999999999787e+00 1.979999999999999538e+00
1.979999999999999538e+00 -2.200000000000000178e+00
1.979999999999999538e+00 -1.980000000000000204e+00
1.979999999999999538e+00 -1.760000000000000231e+00
1.979999999999999538e+00 -1.540000000000000036e+00
1.979999999999999538e+00 -1.320000000000000284e+00
1.979999999999999538e+00 -1.100000000000000089e+00
1.979999999999999538e+00 -8.800000000000001155e-01
1.979999999999999538e+00 -6.600000000000001421e-01
1.979999999999999538e+00 -4.400000000000001688e-01
1.979999999999999538e+00 -2.200000000000001954e-01
1.979999999999999538e+00 0.000000000000000000e+00
1.979999999999999538e+00 2.199999999999997513e-01
1.979999999999999538e+00 4.399999999999999467e-01
1.979999999999999538e+00 6.599999999999996980e-01
1.979999999999999538e+00 8.799999999999998934e-01
1.979999999999999538e+00 1.099999999999999645e+00
1.979999999999999538e+00 1.319999999999999840e+00
1.979999999999999538e+00 1.540000000000000036e+00
1.979999999999999538e+00 1.759999999999999787e+00
1.979999999999999538e+00 1.979999999999999538e+00
