-2.200000000000000178e+00 -2.200000000000000178e+00
-2.200000000000000178e+00 -1.500000000000000222e+00
-2.200000000000000178e+00 -8.000000000000002665e-01
-2.200000000000000178e+00 -1.000000000000005329e-01
-2.200000000000000178e+00 5.999999999999996447e-01
-2.200000000000000178e+00 1.299999999999999822e+00
-2.200000000000000178e+00 1.999999999999999112e+00
-1.500000000000000222e+00 -2.200000000000000178e+00
-1.500000000000000222e+00 -1.500000000000000222e+00
-1.500000000000000222e+00 -8.000000000000002665e-01
-1.500000000000000222e+00 -1.000000000000005329e-01
-1.500000000000000222e+00 5.999999999999996447e-01
-1.500000000000000222e+00 1.299999999999999822e+00
-1.500000000000000222e+00 1.999999999999999112e+00
-8.000000000000002665e-01 -2.200000000000000178e+00
-8.000000000000002665e-01 -1.500000000000000222e+00
-8.000000000000002665e-01 -8.000000000000002665e-01
-8.000000000000002665e-01 -1.000000000000005329e-01
-8.000000000000002665e-01 5.999999999999996447e-01
-8.000000000000002665e-01 1.299999999999999822e+00
-8.000000000000002665e-01 1.999999999999999112e+00
-1.000000000000005329e-01 -2.200000000000000178e+00
-1.000000000000005329e-01 -1.500000000000000222e+00
-1.000000000000005329e-01 -8.000000000000002665e-01
-1.000000000000005329e-01 -1.000000000000005329e-01
-1.000000000000005329e-01 5.999999999999996447e-01
-1.000000000000005329e-01 1.299999999999999822e+00
-1.000000000000005329e-01 1.999999999999999112e+00
5.999999999999996447e-01 -2.200000000000000178e+00
5.999999999999996447e-01 -1.500000000000000222e+00
5.999999999999996447e-01 -8.000000000000002665e-01
5.999999999999996447e-01 -1.000000000000005329e-01
5.999999999999996447e-01 5.999999999999996447e-01
5.999999999999996447e-01 1.299999999999999822e+00
5.999999999999996447e-01 1.999999999999999112e+00
1.299999999999999822e+00 -2.200000000000000178e+00
1.299999999999999822e+00 -1.500000000000000222e+00
1.299999999999999822e+00 -8.000000000000002665e-01
1.299999999999999822e+00 -1.000000000000005329e-01
1.299999999999999822e+00 5.999999999999996447e-01
1.299999999999999822e+00 1.299999999999999822e+00
1.299999999999999822e+00 1.999999999999999112e+00
1.999999999999999112e+00 -2.200000000000000178e+00
1.999999999999999112e+00 -1.500000000000000222e+00
1.999999999999999112e+00 -8.000000000000002665e-01
1.999999999999999112e+00 -1.000000000000005329e-01
1.999999999999999112e+00 5.999999999999996447e-01
1.999999999999999112e+00 1.299999999999999822e+00
1.999999999999999112e+00 1.999999999999999112e+00
