   5.8361305e-02   4.9912445e-01   8.4884972e-02   2.7567099e-01   3.2000268e-02   1.9052079e-01   9.1128786e-02   4.0283905e-02   4.3821574e-02   2.6599839e-01   4.8996424e-02   2.8270889e-01   1.3007312e-01   1.5612046e-01   1.6238656e-01   3.1968798e-01   3.6203231e-02   4.1687473e-01
   1.0179673e-01  -2.3518055e-01   1.7675854e-01   6.8667608e-01   1.1088634e-01   6.1709078e-01   1.2194281e-01   3.5794749e-01   1.1630426e-01   6.3224017e-01   1.3021080e-01   6.6656477e-01   1.8158003e-01   5.2497395e-01   2.6962310e-01   7.6406108e-01   1.3481451e-01   7.4233925e-01
  -8.1732560e-02  -7.9449991e-01   3.3025129e-01   9.3228974e-01   2.5709160e-01   8.9269285e-01   1.9613038e-01   6.1608731e-01   2.3650522e-01   8.7124120e-01   2.6310690e-01   9.0248666e-01   2.7947544e-01   7.8584315e-01   4.4295681e-01   9.9772348e-01   2.7672153e-01   9.3478455e-01
  -3.9887957e-01  -1.0000000e+00   5.1280957e-01   1.0000000e+00   4.3971036e-01   1.0000000e+00   3.0490411e-01   8.1612250e-01   3.8471509e-01   9.8941706e-01   4.2357353e-01   1.0000000e+00   4.0806819e-01   9.4260312e-01   6.3883795e-01   1.0000000e+00   4.3994701e-01   1.0000000e+00
  -7.1829793e-01  -8.1506897e-01   6.9291587e-01   9.1167795e-01   6.2767127e-01   9.5326068e-01   4.3903713e-01   9.5007530e-01   5.4289513e-01   1.0000000e+00   5.9013236e-01   9.7906752e-01   5.5240536e-01   1.0000000e+00   8.1543550e-01   8.0705399e-01   6.0470665e-01   9.5681530e-01
  -9.2251514e-01  -3.5160458e-01   8.4507245e-01   7.0676703e-01   7.9459073e-01   7.8470589e-01   5.8728616e-01   9.9966281e-01   6.9514425e-01   9.1633141e-01   7.4473586e-01   8.5975743e-01   6.9791290e-01   9.5815360e-01   9.4152949e-01   4.8805556e-01   7.5472283e-01   8.2688798e-01
  -9.4754113e-01   2.0291449e-01   9.5126216e-01   4.2364746e-01   9.2058448e-01   5.2806970e-01   7.3525213e-01   9.4246695e-01   8.2758097e-01   7.5065687e-01   8.7240069e-01   6.5839971e-01   8.2977143e-01   8.1410204e-01   1.0000000e+00   1.1631889e-01   8.7707685e-01   6.2798052e-01
  -7.9444681e-01   6.6774385e-01   1.0000000e+00   9.4906183e-02   9.9176779e-01   2.1319470e-01   8.6544284e-01   7.6258822e-01   9.2828669e-01   5.1642756e-01   9.6067726e-01   3.9030018e-01   9.3287694e-01   5.6898270e-01   9.8708195e-01  -2.4357167e-01   9.6145022e-01   3.7445677e-01
  -5.1844052e-01   9.0596753e-01   9.8589746e-01  -2.4488897e-01   1.0000000e+00  -1.2788976e-01   9.5918610e-01   4.6142323e-01   9.8777656e-01   2.3143426e-01   1.0000000e+00   7.5542719e-02   9.9314770e-01   2.3651318e-01   9.1066716e-01  -5.3406984e-01   1.0000000e+00   8.2405631e-02
  -2.1130946e-01   8.4571889e-01   9.1089689e-01  -5.5067514e-01   9.4414345e-01  -4.5242745e-01   1.0000000e+00   6.8833071e-02   1.0000000e+00  -7.7451545e-02   9.8505442e-01  -2.5351026e-01   1.0000000e+00  -1.4769675e-01   7.8914464e-01  -7.0479607e-01   9.8819091e-01  -2.2331243e-01
   2.5799746e-02   5.0682747e-01   7.8623490e-01  -7.6965420e-01   8.3232270e-01  -7.0727207e-01   9.7845976e-01  -3.5250735e-01   9.6414493e-01  -3.7083159e-01   9.1728927e-01  -5.4866836e-01   9.5003992e-01  -5.2264345e-01   6.4910607e-01  -7.2344518e-01   9.2672076e-01  -5.0508364e-01
   1.1503016e-01   2.6021172e-03   6.3250592e-01  -8.5709935e-01   6.8273823e-01  -8.4245331e-01   8.9638909e-01  -7.1939524e-01   8.8633672e-01  -6.0169362e-01   8.0699110e-01  -7.5453282e-01   8.5009956e-01  -8.1360201e-01   5.2041329e-01  -5.8999574e-01   8.2332957e-01  -7.1780709e-01
   2.7896691e-02  -4.9900905e-01   4.7653501e-01  -7.9300962e-01   5.2138174e-01  -8.2858072e-01   7.6820696e-01  -9.5229295e-01   7.7990607e-01  -7.2803047e-01   6.7309991e-01  -8.2577745e-01   7.1766648e-01  -9.5462644e-01   4.2941482e-01  -3.4055962e-01   6.9306077e-01  -8.2142386e-01
  -2.0619497e-01  -8.3691455e-01   3.4591315e-01  -5.8936082e-01   3.7695718e-01  -6.6736095e-01   6.1846593e-01  -1.0000000e+00   6.6347534e-01  -7.2678550e-01   5.4008170e-01  -7.4370483e-01   5.7789295e-01  -9.1076381e-01   3.9274752e-01  -3.7125284e-02   5.5627793e-01  -7.9421219e-01
  -5.1203943e-01  -9.1026566e-01   2.6321036e-01  -2.8720691e-01   2.7480384e-01  -3.9201068e-01   4.7626165e-01  -8.5518141e-01   5.5719707e-01  -6.0251705e-01   4.3265282e-01  -5.2474253e-01   4.5795809e-01  -6.9070276e-01   4.1406772e-01   2.5036074e-01   4.3482094e-01  -6.4116073e-01
  -7.9500001e-01  -7.0950538e-01   2.4137030e-01   5.3472865e-02   2.3151990e-01  -5.9091794e-02   3.6824707e-01  -5.5684253e-01   4.7825576e-01  -3.8753715e-01   3.6993695e-01  -2.1812266e-01   3.8049420e-01  -3.4617134e-01   4.8427684e-01   4.6249165e-01   3.4735632e-01  -3.9466795e-01
  -9.7313805e-01  -3.1214831e-01   2.8152481e-01   3.6882807e-01   2.5183359e-01   2.6641337e-01   3.1235288e-01  -1.7714826e-01   4.3709543e-01  -1.3204882e-01   3.6096980e-01   1.0831438e-01   3.5815008e-01   4.3726344e-02   5.8493580e-01   5.6268710e-01   3.0534842e-01  -1.0577064e-01
  -1.0000000e+00   1.5308495e-01   3.7370364e-01   6.0402311e-01   3.2861742e-01   5.2558566e-01   3.1464232e-01   1.9973051e-01   4.3588935e-01   1.1008080e-01   4.0335925e-01   3.8650690e-01   3.9143724e-01   3.9460073e-01   6.9292759e-01   5.3853211e-01   3.1124206e-01   1.6934951e-01
  -8.7656015e-01   5.4959448e-01   4.9912188e-01   7.2145906e-01   4.4481972e-01   6.7565513e-01   3.6860580e-01   4.9695279e-01   4.6871218e-01   2.9332141e-01   4.8424286e-01   5.6297298e-01   4.6905442e-01   6.3586963e-01   7.8490065e-01   3.9960792e-01   3.5842001e-01   3.8178800e-01
  -6.4554411e-01   7.7076183e-01   6.3399851e-01   7.0474670e-01   5.7730178e-01   6.9505952e-01   4.5775729e-01   6.5946483e-01   5.2372646e-01   3.8818615e-01   5.8381126e-01   6.0772594e-01   5.7125898e-01   7.2360449e-01   8.4127799e-01   1.7513494e-01   4.3341164e-01   4.9852439e-01
  -3.7739365e-01   7.6393758e-01   7.5373319e-01   5.6236943e-01   7.0110685e-01   5.8709114e-01   5.5960385e-01   6.6444214e-01   5.8602408e-01   3.8612398e-01   6.7958284e-01   5.1980964e-01   6.7430473e-01   6.4889741e-01   8.4996538e-01  -8.6167536e-02   5.1894738e-01   5.0805861e-01
  -1.4930330e-01   5.4511223e-01   8.3770183e-01   3.2866294e-01   7.9435186e-01   3.8098947e-01   6.5102465e-01   5.2765075e-01   6.4115397e-01   3.0201722e-01   7.5147673e-01   3.2938727e-01   7.5593576e-01   4.4163130e-01   8.0971426e-01  -3.2226257e-01   5.9781391e-01   4.2308213e-01
  -2.1253075e-02   1.9248609e-01   8.7371062e-01   5.6412515e-02   8.4287150e-01   1.2543824e-01   7.1410849e-01   2.9834326e-01   6.7872468e-01   1.6972998e-01   7.8674050e-01   9.0262549e-02   8.0090994e-01   1.6256357e-01   7.3128013e-01  -4.7445760e-01   6.5680388e-01   2.7626012e-01
  -2.0538667e-02  -1.8145059e-01   8.5990955e-01  -1.9684253e-01   8.4246905e-01  -1.2402949e-01   7.3974693e-01   4.3335422e-02   6.9437679e-01   3.1409861e-02   7.8234681e-01  -1.3559311e-01   8.0395573e-01  -1.1460649e-01   6.3485275e-01  -5.0559455e-01   6.8901395e-01   1.0995425e-01
  -1.3485698e-01  -4.6721762e-01   8.0455223e-01  -3.8372233e-01   7.9914232e-01  -3.1936841e-01   7.2912272e-01  -1.7324359e-01   6.9028401e-01  -7.5662328e-02   7.4515792e-01  -2.9613065e-01   7.7044370e-01  -3.2472155e-01   5.4465119e-01  -4.1223543e-01   6.9465815e-01  -3.6249855e-02
  -3.2037428e-01  -5.9148025e-01   7.2287777e-01  -4.7697568e-01   7.2638181e-01  -4.3034282e-01   6.9170365e-01  -3.0674652e-01   6.7336846e-01  -1.2906074e-01   6.8885569e-01  -3.6223954e-01   7.1357417e-01  -4.2756208e-01   4.8227801e-01  -2.2368381e-01   6.7956125e-01  -1.3530972e-01
  -5.1737525e-01  -5.3606050e-01   6.3296655e-01  -4.7341893e-01   6.4130593e-01  -4.4929633e-01   6.4158690e-01  -3.4123598e-01   6.5258104e-01  -1.2568574e-01   6.2963184e-01  -3.3307377e-01   6.5009727e-01  -4.1562110e-01   4.6128366e-01   8.1090507e-03   6.5264082e-01  -1.7757949e-01
  -6.6927877e-01  -3.3749954e-01   5.5150046e-01  -3.9099720e-01   5.6050806e-01  -3.8926562e-01   5.9314916e-01  -2.8890429e-01   6.3599114e-01  -7.9555403e-02   5.8173896e-01  -2.3233204e-01   5.9564178e-01  -3.1136463e-01   4.8436038e-01   2.2406453e-01   6.2304900e-01  -1.6979145e-01
  -7.3944411e-01  -7.0284113e-02   4.9035649e-01  -2.6077265e-01   4.9656775e-01  -2.7709310e-01   5.5721056e-01  -1.8177149e-01   6.2848167e-01  -1.4845174e-02   5.5400609e-01  -9.8121824e-02   5.6083481e-01  -1.5668969e-01   5.4330924e-01   3.7398511e-01   5.9773986e-01  -1.2973907e-01
  -7.1900493e-01   1.8105331e-01   4.5525315e-01  -1.1659811e-01   4.5643413e-01  -1.4394375e-01   5.3911207e-01  -5.8648575e-02   6.3095567e-01   4.3261678e-02   5.4865871e-01   3.0050757e-02   5.4964554e-01   1.8534206e-03   6.2214172e-01   4.2749468e-01   5.8032843e-01  -7.8592107e-02
  -6.2600503e-01   3.4596518e-01   4.4599094e-01   1.2663542e-02   4.4134495e-01  -1.7910598e-02   5.3854865e-01   4.5630120e-02   6.4074608e-01   7.5457400e-02   5.6194075e-01   1.2110385e-01   5.5961179e-01   1.2489494e-01   7.0128869e-01   3.7828569e-01   5.7106552e-01  -3.4793271e-02
  -4.9749245e-01   3.8658982e-01   4.5786232e-01   1.0829237e-01   4.4789919e-01   8.1226761e-02   5.5077319e-01   1.0845056e-01   6.5291698e-01   7.3028348e-02   5.8608398e-01   1.5907952e-01   5.8353537e-01   1.8901044e-01   7.6229172e-01   2.4368056e-01   5.6765855e-01  -9.5885082e-03
  -3.7653136e-01   3.0564470e-01   4.8377945e-01   1.6342137e-01   4.6992923e-01   1.4424305e-01   5.6882592e-01   1.2326611e-01   6.6211206e-01   3.9285513e-02   6.1209682e-01   1.4517689e-01   6.1220237e-01   1.9036250e-01   7.9191227e-01   5.9504625e-02   5.6668624e-01  -5.2191126e-03
  -2.9866617e-01   1.4233105e-01   5.1642829e-01   1.8192840e-01   5.0052166e-01   1.7211166e-01   5.8597221e-01   9.8891750e-02   6.6435831e-01  -1.2289113e-02   6.3249830e-01   9.5296083e-02   6.3723153e-01   1.4312296e-01   7.8495671e-01  -1.2845595e-01   5.6507538e-01  -1.5749802e-02
  -2.8203368e-01  -4.3003749e-02   5.4993475e-01   1.7482418e-01   5.3369271e-01   1.7315236e-01   5.9764202e-01   5.4287563e-02   6.5828495e-01  -6.3003867e-02   6.4322647e-01   3.3446444e-02   6.5325042e-01   7.2815090e-02   7.4510684e-01  -2.7537647e-01   5.6119736e-01  -3.0390198e-02
  -3.2349774e-01  -1.8954631e-01   5.8077018e-01   1.5539894e-01   5.6541087e-01   1.5876898e-01   6.0241913e-01   1.0890196e-02   6.4546285e-01  -9.5386190e-02   6.4431856e-01  -1.6747155e-02   6.5892225e-01   6.9786158e-03   6.8370189e-01  -3.4835643e-01   5.5532067e-01  -3.8031720e-02
  -4.0191569e-01  -2.5529700e-01   6.0771736e-01   1.3442943e-01   5.9375088e-01   1.3897347e-01   6.0182141e-01  -1.5026754e-02   6.2973262e-01  -9.8951952e-02   6.3917399e-01  -3.9717091e-02   6.5655299e-01  -3.3874499e-02   6.1659243e-01  -3.3438237e-01   5.4929301e-01  -3.1509304e-02
  -4.8681614e-01  -2.2831886e-01   6.3106096e-01   1.1697111e-01   6.1828763e-01   1.1920734e-01   5.9909687e-01  -1.7213787e-02   6.1581226e-01  -7.3211163e-02   6.3279074e-01  -3.2112317e-02   6.5057561e-01  -4.1846340e-02   5.5996736e-01  -2.4274580e-01   5.4564021e-01  -1.0029940e-02
  -5.4899501e-01  -1.2719314e-01   6.5141629e-01   1.0162018e-01   6.3910090e-01   9.9386412e-02   5.9760712e-01  -1.8944685e-04   6.0772239e-01  -2.7137806e-02   6.2970299e-01  -2.4283022e-03   6.4558511e-01  -2.2346987e-02   5.2633508e-01  -1.0134652e-01   5.4647585e-01   2.0887469e-02
  -5.6957501e-01   8.1987417e-03   6.6866463e-01   8.2404249e-02   6.5582861e-01   7.5372820e-02   5.9939882e-01   2.3914402e-02   6.0754004e-01   2.4363751e-02   6.3231759e-01   3.3280447e-02   6.4461137e-01   9.7245964e-03   5.2169498e-01   5.1792348e-02   5.5261215e-01   5.1700341e-02
  -5.4484187e-01   1.3121429e-01   6.8143133e-01   5.2474670e-02   6.6718182e-01   4.2139632e-02   6.0445319e-01   4.0793150e-02   6.1485392e-01   6.5478818e-02   6.4016913e-01   5.7689942e-02   6.4818092e-01   3.6405843e-02   5.4458909e-01   1.7890438e-01   5.6317330e-01   7.2332709e-02
  -4.8601163e-01   2.0325897e-01   6.8730018e-01   8.1303808e-03   6.7111195e-01  -2.7138794e-03   6.1078709e-01   3.9612326e-02   6.2701062e-01   8.4344462e-02   6.5022785e-01   5.8329319e-02   6.5435961e-01   4.3346472e-02   5.8708284e-01   2.5188958e-01   5.7580056e-01   7.5645444e-02
  -4.1445332e-01   2.0455495e-01   6.8368401e-01  -4.8504558e-02   6.6556543e-01  -5.6613310e-02   6.1530937e-01   1.6931368e-02   6.4002919e-01   7.6342574e-02   6.5809141e-01   3.1631666e-02   6.5967823e-01   2.4587923e-02   6.3727899e-01   2.5832320e-01   5.8736267e-01   5.9772752e-02
  -3.5431612e-01   1.3886809e-01   6.6898425e-01  -1.0906461e-01   6.4949550e-01  -1.1166736e-01   6.1506385e-01  -2.2028426e-02   6.4985829e-01   4.5203336e-02   6.5960422e-01  -1.5928531e-02   6.6053777e-01  -1.5609649e-02   6.8257235e-01   2.0323499e-01   5.9491575e-01   2.8798095e-02
  -3.2464782e-01   3.0638152e-02   6.4360520e-01  -1.6109458e-01   6.2373460e-01  -1.5662679e-01   6.0845131e-01  -6.5287324e-02   6.5362648e-01   1.4806986e-03   6.5241350e-01  -7.0116870e-02   6.5465156e-01  -6.4549274e-02   7.1284613e-01   1.0616478e-01   5.9662959e-01  -8.5532649e-03
  -3.3415456e-01  -8.3946704e-02   6.1033140e-01  -1.9171711e-01   5.9128041e-01  -1.8020396e-01   5.9589064e-01  -9.8224345e-02   6.5039811e-01  -4.0904111e-02   6.3681347e-01  -1.1359163e-01   6.4190668e-01  -1.0555569e-01   7.2254560e-01  -5.0685331e-03   5.9230041e-01  -4.1618045e-02
  -3.7853004e-01  -1.6908500e-01   5.7411857e-01  -1.9170460e-01   5.5703400e-01  -1.7474239e-01   5.7995072e-01  -1.0863077e-01   6.4147053e-01  -6.9083677e-02   6.1593196e-01  -1.3162768e-01   6.2466354e-01  -1.2369431e-01   7.1178615e-01  -1.0223613e-01   5.8348166e-01  -6.1139388e-02
  -4.4322061e-01  -2.0053180e-01   5.4102487e-01  -1.5837095e-01   5.2675894e-01  -1.3875485e-01   5.6454957e-01  -9.0785703e-02   6.2978833e-01  -7.5037774e-02   5.9474547e-01  -1.1674467e-01   6.0699285e-01  -1.1069677e-01   6.8548551e-01  -1.6374242e-01   5.7292521e-01  -6.2005158e-02
  -5.0831270e-01  -1.7185025e-01   5.1691721e-01  -9.6551033e-02   5.0585005e-01  -7.7665725e-02   5.5385938e-01  -4.7236082e-02   6.1904155e-01  -5.7574617e-02   5.7871679e-01  -7.0835827e-02   5.9353306e-01  -6.7416184e-02   6.5171581e-01  -1.7901618e-01   5.6379476e-01  -4.4548033e-02
  -5.5480849e-01  -9.5104708e-02   5.0613913e-01  -1.7675672e-02   4.9809939e-01  -2.7792642e-03   5.5108900e-01   1.1845122e-02   6.1257569e-01  -2.2304614e-02   5.7225621e-01  -4.5982563e-03   5.8814378e-01  -3.5978146e-03   6.1942653e-01  -1.4987476e-01   5.5876533e-01  -1.4283331e-02
  -5.7050230e-01   4.3094155e-03   5.1045093e-01   6.2948206e-02   5.0475330e-01   7.1386561e-02   5.5747721e-01   7.1676341e-02   6.1240477e-01   2.0392974e-02   5.7741609e-01   6.5673567e-02   5.9271937e-01   6.5074062e-02   5.9608396e-01  -8.8643743e-02   5.5924724e-01   1.9897247e-02
  -5.5271915e-01   9.6453155e-02   5.2871162e-01   1.2969113e-01   5.2428889e-01   1.3044845e-01   5.7198091e-01   1.1707334e-01   6.1876639e-01   5.8577971e-02   5.9342049e-01   1.2266925e-01   6.0671486e-01   1.2149195e-01   5.8616501e-01  -1.3804644e-02   5.6508925e-01   4.8359155e-02
  -5.0854749e-01   1.5571550e-01   5.5709956e-01   1.7007674e-01   5.5270539e-01   1.6336036e-01   5.9148210e-01   1.3650514e-01   6.3009624e-01   8.1985671e-02   6.1682155e-01   1.5254991e-01   6.2722664e-01   1.5165069e-01   5.9037470e-01   5.4995437e-02   5.7464254e-01   6.3316649e-02
  -4.5199942e-01   1.6798637e-01   5.8998696e-01   1.7752881e-01   5.8442220e-01   1.6485067e-01   6.1160375e-01   1.2517564e-01   6.4352727e-01   8.4717933e-02   6.4241030e-01   1.4848206e-01   6.4975209e-01   1.4833129e-01   6.0592262e-01   1.0187284e-01   5.8526171e-01   6.0878504e-02
  -3.9938435e-01   1.3375259e-01   6.2119242e-01   1.5262208e-01   6.1350751e-01   1.3641387e-01   6.2784806e-01   8.6145735e-02   6.5571208e-01   6.6566937e-02   6.6455546e-01   1.1214744e-01   6.6935347e-01   1.1278609e-01   6.2762691e-01   1.1814337e-01   5.9405350e-01   4.1917598e-02
  -3.6461227e-01   6.6669058e-02   6.4525411e-01   1.0259141e-01   6.3489098e-01   8.5671486e-02   6.3669207e-01   2.9294875e-02   6.6369137e-01   3.2723992e-02   6.7854631e-01   5.2961171e-02   6.8184891e-01   5.4091386e-02   6.4942186e-01   1.0356040e-01   5.9862781e-01   1.1613981e-02
  -3.5522143e-01  -1.1322973e-02   6.5856935e-01   3.9399492e-02   6.4541946e-01   2.4401572e-02   6.3648531e-01  -3.1423866e-02   6.6567360e-01  -7.8337272e-03   6.8175192e-01  -1.4555561e-02   6.8485538e-01  -1.3398576e-02   6.6598966e-01   6.5608408e-02   5.9774043e-01  -2.2060017e-02
  -3.7097469e-01  -7.7518571e-02   6.5994839e-01  -2.3451521e-02   6.4432303e-01  -3.4532459e-02   6.2772633e-01  -8.1983482e-02   6.6139454e-01  -4.5112753e-02   6.7409148e-01  -7.4914330e-02   6.7823132e-01  -7.4196661e-02   6.7396481e-01   1.6481939e-02   5.9154098e-01  -5.0707140e-02
  -4.0473507e-01  -1.1487498e-01   6.5061027e-01  -7.3959471e-02   6.3314321e-01  -8.0036861e-02   6.1280597e-01  -1.1174325e-01   6.5206702e-01  -7.0682695e-02   6.5787260e-01  -1.1542535e-01   6.6395433e-01  -1.1549091e-01   6.7248428e-01  -3.0434208e-02   5.8146093e-01  -6.7633128e-02
  -4.4515433e-01  -1.1648950e-01   6.3367879e-01  -1.0413702e-01   6.1518555e-01  -1.0507918e-01   5.9531129e-01  -1.1591456e-01   6.3997902e-01  -7.9709227e-02   6.3708797e-01  -1.2910010e-01   6.4551427e-01  -1.3010709e-01   6.6310590e-01  -6.4071697e-02   5.6979730e-01  -6.9455966e-02
  -4.8048045e-01  -8.6449603e-02   6.1327471e-01  -1.1123883e-01   5.9460425e-01  -1.0771697e-01   5.7904842e-01  -9.6170053e-02   6.2782752e-01  -7.1767234e-02   6.1631893e-01  -1.1573707e-01   6.2694969e-01  -1.1764877e-01   6.4908016e-01  -7.8125349e-02   5.5908211e-01  -5.6652649e-02
