   1.5374026e-01   5.7524065e-02   1.9316454e-01   6.1155253e-01   3.4780618e-02   8.3734870e-02   1.0757841e-02   2.4737014e-02   3.8145285e-02   3.9068935e-01   1.5705106e-01   7.2147487e-01   9.8450145e-02   2.0770409e-01   4.5820667e-02   4.9944881e-01   3.5295682e-02   3.3413221e-01
   5.2355355e-02  -6.1770328e-01   3.3374039e-01   8.9921516e-01   9.5905319e-02   5.3674745e-01   4.7530505e-02   3.7842004e-01   1.2925725e-01   7.0964813e-01   2.9319354e-01   9.3798980e-01   1.6421204e-01   5.6852234e-01   2.1025763e-01   8.6222105e-01   1.2179087e-01   6.7674937e-01
  -2.3513992e-01  -1.0000000e+00   5.0980914e-01   1.0000000e+00   2.3119333e-01   8.5174006e-01   1.4316808e-01   6.7659989e-01   2.6267991e-01   9.1100695e-01   4.5128537e-01   1.0000000e+00   2.8231006e-01   8.3252040e-01   4.3421839e-01   1.0000000e+00   2.5600728e-01   9.0015025e-01
  -5.8526171e-01  -9.7848842e-01   6.8810764e-01   9.2921978e-01   4.1094535e-01   1.0000000e+00   2.8524683e-01   8.9192944e-01   4.1960956e-01   1.0000000e+00   6.0965616e-01   9.4845338e-01   4.3485246e-01   9.7993691e-01   6.6381404e-01   9.1574009e-01   4.1733546e-01   1.0000000e+00
  -8.6394080e-01  -6.0390659e-01   8.4093506e-01   7.2859962e-01   6.0319435e-01   9.8523202e-01   4.5665126e-01   1.0000000e+00   5.8246378e-01   9.8532813e-01   7.5306429e-01   8.1929040e-01   6.0142316e-01   1.0000000e+00   8.5240133e-01   6.6353593e-01   5.8554840e-01   9.8403001e-01
  -9.7775406e-01  -4.6964455e-02   9.4883731e-01   4.4369197e-01   7.7886416e-01   8.3134763e-01   6.3645289e-01   9.8362388e-01   7.3513518e-01   8.7660153e-01   8.7095941e-01   6.3482191e-01   7.6055579e-01   8.9118034e-01   9.6907007e-01   3.1728408e-01   7.4228692e-01   8.6597994e-01
  -8.9783645e-01   4.9617234e-01   1.0000000e+00   1.1227081e-01   9.1418880e-01   5.6847475e-01   8.0160279e-01   8.3645700e-01   8.6324676e-01   6.8553257e-01   9.5546090e-01   4.0620188e-01   8.9140470e-01   6.6250063e-01   1.0000000e+00  -5.3330203e-02   8.7171520e-01   6.6159976e-01
  -6.5840680e-01   8.6292571e-01   9.8908467e-01  -2.3064251e-01   9.9142743e-01   2.2994824e-01   9.2912193e-01   5.6700533e-01   9.5458350e-01   4.2765564e-01   1.0000000e+00   1.4071761e-01   9.7563594e-01   3.3608232e-01   9.4687776e-01  -3.8650120e-01   9.6078373e-01   3.8902128e-01
  -3.3979135e-01   9.4709309e-01   9.1771648e-01  -5.4246331e-01   1.0000000e+00  -1.4145683e-01   9.9934586e-01   2.0427462e-01   1.0000000e+00   1.2567228e-01   9.9959916e-01  -1.4760125e-01   1.0000000e+00  -4.8743173e-02   8.2535154e-01  -6.2506839e-01   1.0000000e+00   7.3197574e-02
  -4.5910712e-02   7.2213143e-01   7.9619414e-01  -7.7162352e-01   9.3884935e-01  -4.8873116e-01   1.0000000e+00  -1.9778447e-01   9.9491757e-01  -1.8629761e-01   9.5275654e-01  -4.2857397e-01   9.5944205e-01  -4.3254717e-01   6.6352317e-01  -7.2264116e-01   9.8499725e-01  -2.4912819e-01
   1.2729818e-01   2.6232315e-01   6.4412158e-01  -8.7097276e-01   8.1870667e-01  -7.4820848e-01   9.3044996e-01  -5.6558657e-01   9.4128459e-01  -4.6302416e-01   8.6424929e-01  -6.5571143e-01   8.6011917e-01  -7.4252794e-01   4.9754538e-01  -6.6029645e-01   9.1857712e-01  -5.3044889e-01
   1.2432862e-01  -2.7782320e-01   4.8780916e-01  -8.1689846e-01   6.6164705e-01  -8.6829821e-01   8.0367762e-01  -8.2467190e-01   8.4870500e-01  -6.5788169e-01   7.4680469e-01  -7.8003871e-01   7.2011196e-01  -9.1207405e-01   3.6350351e-01  -4.5819570e-01   8.1173850e-01  -7.2300438e-01
  -5.1716173e-02  -7.2156382e-01   3.5488513e-01  -6.1892617e-01   4.9705202e-01  -8.2613438e-01   6.4441558e-01  -9.2181832e-01   7.3352747e-01  -7.3688506e-01   6.1999755e-01  -7.6848091e-01   5.6652569e-01  -9.0249199e-01   2.8843032e-01  -1.7077812e-01   6.8254575e-01  -7.9263051e-01
  -3.4246459e-01  -9.3131042e-01   2.6835604e-01  -3.1696585e-01   3.5532586e-01  -6.3404237e-01   4.8380004e-01  -8.4051163e-01   6.1580534e-01  -6.8977273e-01   5.0649248e-01  -6.1729654e-01   4.2957107e-01  -7.1633198e-01   2.8410450e-01   1.3017431e-01   5.5288873e-01  -7.2916307e-01
  -6.5577212e-01  -8.5218240e-01   2.4191638e-01   2.9005372e-02   2.6134151e-01  -3.3616283e-01   3.5215870e-01  -6.0602309e-01   5.1498238e-01  -5.3420585e-01   4.2680632e-01  -3.5663538e-01   3.3542042e-01  -3.9854505e-01   3.4540144e-01   3.7635757e-01   4.4399836e-01  -5.5058597e-01
  -8.9718434e-01  -5.2540620e-01   2.7761502e-01   3.5362709e-01   2.2942734e-01   3.5953412e-03   2.7205918e-01  -2.7773181e-01   4.4566564e-01  -3.1062839e-01   3.9429512e-01  -4.3287213e-02   3.0005091e-01  -2.4072591e-02   4.5333370e-01   5.2049206e-01   3.7198238e-01  -2.9875589e-01
  -1.0000000e+00  -6.5709691e-02   3.6618188e-01   6.0045340e-01   2.6110292e-01   3.1823658e-01   2.5363746e-01   6.8725655e-02   4.1484159e-01  -6.9744015e-02   4.1207859e-01   2.5589149e-01   3.2591956e-01   3.2377288e-01   5.8104808e-01   5.4347144e-01   3.4468622e-01  -2.7712983e-02
  -9.4312760e-01   3.8560894e-01   4.8957945e-01   7.3067040e-01   3.4595395e-01   5.5197990e-01   2.9346874e-01   3.6127277e-01   4.2131799e-01   1.4089064e-01   4.7284677e-01   4.8125186e-01   4.0240675e-01   5.7443440e-01   7.0025617e-01   4.5058897e-01   3.6079657e-01   2.1006978e-01
  -7.5167158e-01   7.0209711e-01   6.2451208e-01   7.2567697e-01   4.6462501e-01   6.6751425e-01   3.7663949e-01   5.4461354e-01   4.5705633e-01   2.8505214e-01   5.6103639e-01   5.9064433e-01   5.0915182e-01   6.8215023e-01   7.8601711e-01   2.6489056e-01   4.1106948e-01   3.7325185e-01
  -4.8746801e-01   8.0286388e-01   7.4638057e-01   5.9060420e-01   5.9279016e-01   6.5140814e-01   4.8052025e-01   5.9037198e-01   5.0940594e-01   3.4373318e-01   6.5617304e-01   5.6725605e-01   6.2075611e-01   6.3384727e-01   8.2079281e-01   2.5618534e-02   4.8073169e-01   4.3906853e-01
  -2.2882493e-01   6.7211220e-01   8.3393508e-01   3.5625296e-01   7.0617515e-01   5.1696906e-01   5.8039519e-01   5.0307425e-01   5.6435836e-01   3.1888392e-01   7.3757591e-01   4.2478565e-01   7.1269977e-01   4.5197613e-01   7.9801819e-01  -2.1444705e-01   5.5315133e-01   4.0781405e-01
  -4.8104458e-02   3.6220914e-01   8.7350436e-01   7.5059295e-02   7.8534961e-01   3.0203043e-01   6.5514630e-01   3.1902328e-01   6.0984228e-01   2.3289149e-01   7.8906735e-01   2.0598931e-01   7.6675113e-01   1.9010710e-01   7.2421688e-01  -3.9809431e-01   6.1359891e-01   3.0236089e-01
   1.0331249e-02  -2.2647292e-02   8.6219561e-01  -1.9156519e-01   8.1988803e-01   5.9349273e-02   6.9244360e-01   9.5830072e-02   6.3875657e-01   1.2169873e-01   8.0314943e-01  -2.8534886e-02   7.7543989e-01  -8.1064343e-02   6.1846938e-01  -4.8040102e-01   6.5272677e-01   1.6109051e-01
  -5.8681222e-02  -3.6437697e-01   8.0775976e-01  -3.9042508e-01   8.0963733e-01  -1.5855901e-01   6.9078761e-01  -1.0625166e-01   6.5008341e-01   2.2172125e-02   7.8220990e-01  -2.1969676e-01   7.4296523e-01  -2.9496584e-01   5.0732229e-01  -4.4360279e-01   6.6802302e-01   2.4940101e-02
  -2.2302372e-01  -5.6747855e-01   7.2588828e-01  -4.8906046e-01   7.6339406e-01  -3.1206417e-01   6.5841860e-01  -2.4077617e-01   6.4808327e-01  -3.8941643e-02   7.3687559e-01  -3.2630519e-01   6.8298287e-01  -4.0654443e-01   4.1776189e-01  -3.0197790e-01   6.6321409e-01  -7.4114884e-02
  -4.2583531e-01  -5.8671355e-01   6.3580546e-01  -4.8181088e-01   6.9562759e-01  -3.8250996e-01   6.0980116e-01  -2.8624048e-01   6.4004397e-01  -5.2045055e-02   6.8226023e-01  -3.3512408e-01   6.1409660e-01  -4.0262808e-01   3.7009789e-01  -9.6439283e-02   6.4608369e-01  -1.2074935e-01
  -6.0501946e-01  -4.3678813e-01   5.5539846e-01  -3.8801780e-01   6.2221103e-01  -3.7351370e-01   5.6077175e-01  -2.4853548e-01   6.3333439e-01  -2.5294250e-02   6.3326143e-01  -2.6132372e-01   5.5437312e-01  -3.0197821e-01   3.7307997e-01   1.1862472e-01   6.2544290e-01  -1.1780233e-01
  -7.1250682e-01  -1.8077022e-01   4.9735470e-01  -2.4321520e-01   5.5657241e-01  -3.0541046e-01   5.2405497e-01  -1.5449824e-01   6.3288848e-01   2.1063200e-02   6.0056451e-01  -1.3961018e-01   5.1669620e-01  -1.4553538e-01   4.2262175e-01   2.9120838e-01   6.0837415e-01  -8.1637182e-02
  -7.2647858e-01   9.5021704e-02   4.6731373e-01  -8.7472914e-02   5.0739280e-01  -2.0616537e-01   5.0653708e-01  -4.0697322e-02   6.3995268e-01   6.3201343e-02   5.8858440e-01  -1.1116419e-02   5.0630829e-01   1.7934682e-02   5.0397580e-01   3.8423890e-01   5.9862667e-01  -3.4402664e-02
  -6.5469174e-01   3.0847707e-01   4.6399776e-01   4.4966565e-02   4.7798147e-01  -1.0268185e-01   5.0852646e-01   5.7855213e-02   6.5214769e-01   8.1545662e-02   5.9541009e-01   8.8645349e-02   5.2064488e-01   1.4547727e-01   5.9613590e-01   3.8228756e-01   5.9627712e-01   3.4925788e-03
  -5.2898398e-01   4.0398677e-01   4.8095298e-01   1.3238849e-01   4.6710495e-01  -1.4852424e-02   5.2486282e-01   1.1632779e-01   6.6463482e-01   6.6093188e-02   6.1443768e-01   1.3800646e-01   5.5118735e-01   2.0975120e-01   6.7713234e-01   2.9240304e-01   5.9851905e-01   1.8833954e-02
  -3.9360652e-01   3.6594726e-01   5.0914859e-01   1.6837240e-01   4.7064611e-01   4.7281295e-02   5.4725315e-01   1.2512295e-01   6.7191376e-01   1.8845187e-02   6.3697938e-01   1.3304629e-01   5.8655306e-01   2.0406897e-01   7.2902057e-01   1.4077262e-01   6.0114996e-01   8.4545427e-03
  -2.9095491e-01   2.2030019e-01   5.3970742e-01   1.6065418e-01   4.8351386e-01   8.3404498e-02   5.6712525e-01   9.0580520e-02   6.6974064e-01  -4.7092816e-02   6.5510576e-01   8.6674036e-02   6.1595647e-01   1.4191046e-01   7.4163426e-01  -3.3907049e-02   6.0028265e-01  -2.0930423e-02
  -2.4875636e-01   2.3517562e-02   5.6615387e-01   1.2665248e-01   5.0131235e-01   1.0038044e-01   5.7824381e-01   3.1256995e-02   6.5665259e-01  -1.1177050e-01   6.6399612e-01   2.3005032e-02   6.3218360e-01   5.1063839e-02   7.1454693e-01  -1.8956728e-01   5.9380084e-01  -5.5827916e-02
  -2.7305078e-01  -1.5770094e-01   5.8557065e-01   8.6856511e-02   5.2131180e-01   1.0804554e-01   5.7827003e-01  -2.9245248e-02   6.3454286e-01  -1.5499304e-01   6.6302721e-01  -3.1528154e-02   6.3316693e-01  -3.6100409e-02   6.5663771e-01  -2.9071904e-01   5.8206388e-01  -8.1158012e-02
  -3.4846978e-01  -2.6792310e-01   5.9854210e-01   5.8258487e-02   5.4259012e-01   1.1487267e-01   5.6894330e-01  -7.0167474e-02   6.0815379e-01  -1.6283969e-01   6.5540964e-01  -5.7033149e-02   6.2188535e-01  -9.2723317e-02   5.8352758e-01  -3.1674992e-01   5.6771500e-01  -8.5550465e-02
  -4.4505741e-01  -2.7958908e-01   6.0803762e-01   4.9329260e-02   5.6543242e-01   1.2452327e-01   5.5497827e-01  -8.0010539e-02   5.8365875e-01  -1.3214426e-01   6.4658955e-01  -4.6444544e-02   6.0477282e-01  -1.0519411e-01   5.1342277e-01  -2.6663703e-01   5.5471119e-01  -6.5230092e-02
  -5.2911953e-01  -1.9867889e-01   6.1764821e-01   5.8309539e-02   5.9025147e-01   1.3459680e-01   5.4210679e-01  -5.9097797e-02   5.6681426e-01  -7.1120015e-02   6.4201330e-01  -6.7656390e-03   5.8922188e-01  -7.5734558e-02   4.6253083e-01  -1.5810826e-01   5.4692532e-01  -2.4970334e-02
  -5.7429850e-01  -5.9545122e-02   6.2978873e-01   7.4924658e-02   6.1647496e-01   1.3777883e-01   5.3499502e-01  -1.8136474e-02   5.6126623e-01   3.5665707e-03   6.4503771e-01   4.4423292e-02   5.8104160e-01  -1.9937841e-02   4.4112965e-01  -2.1896935e-02   5.4680418e-01   2.3789711e-02
  -5.6880996e-01   8.9017577e-02   6.4458613e-01   8.5062247e-02   6.4193144e-01   1.2517178e-01   5.3582452e-01   2.6599553e-02   5.6764012e-01   7.2192020e-02   6.5581047e-01   8.5868430e-02   5.8279760e-01   3.9765043e-02   4.5163326e-01   1.0709738e-01   5.5460323e-01   6.6980776e-02
  -5.1776730e-01   1.9962031e-01   6.5966279e-01   7.6300895e-02   6.6291689e-01   9.0332746e-02   5.4378710e-01   5.8982969e-02   5.8348706e-01   1.1760012e-01   6.7124559e-01   9.9896133e-02   5.9327514e-01   8.1614608e-02   4.8862254e-01   1.9870617e-01   5.6830188e-01   9.2296581e-02
  -4.4024060e-01   2.4043849e-01   6.7090408e-01   4.2783888e-02   6.7501982e-01   3.2839004e-02   5.5558518e-01   6.8259983e-02   6.0409538e-01   1.2985564e-01   6.8609925e-01   7.8311966e-02   6.0816340e-01   9.1299112e-02   5.4083895e-01   2.3459039e-01   5.8422438e-01   9.2929143e-02
  -3.6220933e-01   2.0330869e-01   6.7393660e-01  -1.2450573e-02   6.7446982e-01  -4.0235850e-02   5.6673087e-01   5.2056090e-02   6.2390657e-01   1.0852913e-01   6.9477897e-01   2.4948366e-02   6.2169586e-01   6.5825437e-02   5.9448527e-01   2.1159023e-01   5.9816517e-01   6.9412904e-02
  -3.0819520e-01   1.0446872e-01   6.6571757e-01  -7.8183742e-02   6.5949213e-01  -1.1546059e-01   5.7309809e-01   1.6605503e-02   6.3805479e-01   6.2305872e-02   6.9321991e-01  -4.5540239e-02   6.2859257e-01   1.3804648e-02   6.3678079e-01   1.4112115e-01   6.0661340e-01   2.9263340e-02
  -2.9388791e-01  -2.1948368e-02   6.4574580e-01  -1.3840221e-01   6.3122055e-01  -1.7649169e-01   5.7227337e-01  -2.5701786e-02   6.4363560e-01   6.0691848e-03   6.8029219e-01  -1.1226372e-01   6.2575694e-01  -4.7757586e-02   6.5894868e-01   4.5014910e-02   6.0774207e-01  -1.5442888e-02
  -3.2178630e-01  -1.3581207e-01   6.1652480e-01  -1.7724711e-01   5.9383524e-01  -2.0877606e-01   5.6431784e-01  -6.0682734e-02   6.4037693e-01  -4.3780193e-02   6.5831486e-01  -1.5479465e-01   6.1325558e-01  -9.9217926e-02   6.5799084e-01  -5.1015392e-02   6.0188891e-01  -5.1875594e-02
  -3.8154367e-01  -2.0379580e-01   5.8305998e-01  -1.8368453e-01   5.5377161e-01  -2.0372213e-01   5.5163578e-01  -7.6967503e-02   6.3045879e-01  -7.4084848e-02   6.3241363e-01  -1.5946399e-01   5.9419605e-01  -1.2446684e-01   6.3673029e-01  -1.2411915e-01   5.9132984e-01  -7.0249520e-02
  -4.5400942e-01  -2.0877878e-01   5.5168135e-01  -1.5452931e-01   5.1832909e-01  -1.6109557e-01   5.3815208e-01  -6.9323226e-02   6.1769348e-01  -7.8294967e-02   6.0908708e-01  -1.2328050e-01   5.7373427e-01  -1.1550316e-01   6.0249885e-01  -1.5946489e-01   5.7953305e-01  -6.6426616e-02
  -5.1748458e-01  -1.5366345e-01   5.2852624e-01  -9.5258193e-02   4.9404444e-01  -8.9181235e-02   5.2808518e-01  -3.9942837e-02   6.0633906e-01  -5.7711880e-02   5.9441214e-01  -5.4622939e-02   5.5755040e-01  -7.4381652e-02   5.6492092e-01  -1.5291657e-01   5.7013049e-01  -4.2759331e-02
  -5.5459519e-01  -5.8896739e-02   5.1799982e-01  -1.8494296e-02   4.8515968e-01  -2.7185946e-03   5.2461788e-01   2.5432862e-03   5.9982704e-01  -2.0444430e-02   5.9230339e-01   2.9376736e-02   5.5015509e-01  -1.2191151e-02   5.3326177e-01  -1.1090131e-01   5.6584623e-01  -7.0399778e-03
  -5.5670549e-01   4.5479690e-02   5.2184463e-01   5.9415258e-02   4.9280917e-01   8.0754967e-02   5.2905485e-01   4.6038523e-02   5.9994103e-01   2.1558853e-02   6.0358622e-01   1.0787870e-01   5.5374855e-01   5.4661942e-02   5.1435691e-01  -4.7450925e-02   5.6784228e-01   3.0106745e-02
  -5.2586404e-01   1.2906913e-01   5.3875949e-01   1.2230837e-01   5.1480140e-01   1.4485454e-01   5.4046349e-01   7.8448374e-02   6.0642594e-01   5.5937933e-02   6.2576818e-01   1.6175945e-01   5.6764959e-01   1.0894913e-01   5.1120716e-01   1.9807291e-02   5.7545198e-01   5.8187575e-02
  -4.7325881e-01   1.7020787e-01   5.6481273e-01   1.5810476e-01   5.4622624e-01   1.7805069e-01   5.5600677e-01   9.1158539e-02   6.1721868e-01   7.3369567e-02   6.5375912e-01   1.7860492e-01   5.8857033e-01   1.3734524e-01   5.2268894e-01   7.4389164e-02   5.8646403e-01   6.9742856e-02
  -4.1515026e-01   1.6113649e-01   5.9445221e-01   1.6128480e-01   5.8062980e-01   1.7586396e-01   5.7179258e-01   8.1131784e-02   6.2915126e-01   6.9723956e-02   6.8121622e-01   1.5542272e-01   6.1157278e-01   1.3355594e-01   5.4433174e-01   1.0466258e-01   5.9780571e-01   6.2073305e-02
  -3.6791980e-01   1.0912176e-01   6.2178599e-01   1.3382219e-01   6.1142365e-01   1.4150756e-01   5.8392789e-01   5.1508202e-02   6.3885740e-01   4.6834054e-02   7.0209970e-01   9.9077197e-02   6.3134511e-01   9.9613277e-02   5.6972384e-01   1.0615571e-01   6.0638370e-01   3.7727973e-02
  -3.4319075e-01   3.3136757e-02   6.4193696e-01   8.4270066e-02   6.3332030e-01   8.4715973e-02   5.8958832e-01   1.0472586e-02   6.4372609e-01   1.1630398e-02   7.1218046e-01   2.4150691e-02   6.4358487e-01   4.4957157e-02   5.9232885e-01   8.1990432e-02   6.0993658e-01   3.5656118e-03
  -3.4526818e-01  -4.3002269e-02   6.5194182e-01   2.5085131e-02   6.4324419e-01   1.8925815e-02   5.8763266e-01  -3.1386313e-02   6.4249524e-01  -2.6230068e-02   7.0985805e-01  -5.1316481e-02   6.4591981e-01  -1.6648022e-02   6.0702290e-01   4.1044963e-02   6.0753311e-01  -3.1433019e-02
  -3.7022849e-01  -9.7949684e-02   6.5129588e-01  -3.0547403e-02   6.4085929e-01  -4.1987063e-02   5.7887636e-01  -6.4017246e-02   6.3556373e-01  -5.7096911e-02   6.9649465e-01  -1.1050208e-01   6.3844776e-01  -7.0791387e-02   6.1127203e-01  -4.7236422e-03   5.9980600e-01  -5.8623239e-02
  -4.0840424e-01  -1.1902254e-01   6.4166489e-01  -7.1990207e-02   6.2820965e-01  -8.6950184e-02   5.6563657e-01  -8.0607212e-02   6.2467821e-01  -7.3984721e-02   6.7571372e-01  -1.4197633e-01   6.2339917e-01  -1.0622864e-01   6.0532197e-01  -4.3856695e-02   5.8861185e-01  -7.1997204e-02
  -4.4759902e-01  -1.0458736e-01   6.2627479e-01  -9.3092711e-02   6.0903771e-01  -1.0959008e-01   5.5106778e-01  -7.8861628e-02   6.1241184e-01  -7.3953086e-02   6.5241487e-01  -1.4172053e-01   6.0446078e-01  -1.1705870e-01   5.9180390e-01  -6.7911029e-02   5.7651543e-01  -6.9337821e-02
  -4.7689720e-01  -6.3448606e-02   6.0899712e-01  -9.3021527e-02   5.8778907e-01  -1.0901129e-01   5.3831413e-01  -6.1144011e-02   6.0145883e-01  -5.8459249e-02   6.3152370e-01  -1.1336168e-01   5.8579230e-01  -1.0358704e-01   5.7481684e-01  -7.3154789e-02   5.6611564e-01  -5.2439531e-02
