   1.4254599e-02   6.5657352e-01   1.1633304e-02   6.5336712e-01   6.3861548e-02   3.8100645e-01   6.3137716e-02   3.5505492e-02   8.8597794e-02   2.8510580e-01   1.1443430e-01   7.4960504e-01   1.1468545e-01   4.9634559e-01   1.6828176e-01   8.1381928e-02   3.1332743e-03   2.7543999e-01
   9.5265957e-02  -1.2928236e-01   1.8845523e-01   9.1328657e-01   1.7132527e-01   7.4373204e-01   9.8833056e-02   3.9076188e-01   1.6132583e-01   6.5350597e-01   2.7431998e-01   9.5981971e-01   2.2436413e-01   8.0307699e-01   2.3461191e-01   5.8132173e-01   8.5678654e-02   6.5207471e-01
  -4.8336401e-02  -7.4635947e-01   4.0384984e-01   1.0000000e+00   3.3283023e-01   9.5365333e-01   1.8785493e-01   6.8253024e-01   2.7974475e-01   8.8902335e-01   4.5670132e-01   1.0000000e+00   3.7313674e-01   9.6810645e-01   3.8164333e-01   9.0298201e-01   2.2230699e-01   8.9468935e-01
  -3.3061931e-01  -1.0000000e+00   6.1989383e-01   9.2369141e-01   5.1824417e-01   1.0000000e+00   3.1820379e-01   8.9154464e-01   4.2418921e-01   9.9949762e-01   6.3383536e-01   9.1036514e-01   5.3802053e-01   1.0000000e+00   5.6944394e-01   1.0000000e+00   3.8911757e-01   1.0000000e+00
  -6.2711159e-01  -8.4483141e-01   8.0436726e-01   7.2323618e-01   6.9831688e-01   9.0163554e-01   4.7481820e-01   1.0000000e+00   5.7683401e-01   1.0000000e+00   7.8610272e-01   7.3647681e-01   6.9844157e-01   9.1778654e-01   7.5483947e-01   8.8465553e-01   5.6323033e-01   9.8190890e-01
  -8.2488642e-01  -3.9270810e-01   9.3511126e-01   4.4685967e-01   8.4910085e-01   6.9336846e-01   6.3994176e-01   9.9334270e-01   7.2219748e-01   9.0571111e-01   9.0158855e-01   5.1501548e-01   8.3720630e-01   7.4205335e-01   9.0168914e-01   6.1289625e-01   7.2505839e-01   8.6278473e-01
  -8.6061781e-01   1.6410685e-01   1.0000000e+00   1.3523845e-01   9.5336436e-01   4.1026390e-01   7.9392130e-01   8.6349581e-01   8.4698994e-01   7.3057637e-01   9.7388890e-01   2.6942842e-01   9.4036814e-01   4.9133757e-01   9.8659992e-01   2.5651370e-01   8.5903511e-01   6.6553362e-01
  -7.3178888e-01   6.3584606e-01   9.9481496e-01  -1.8019891e-01   1.0000000e+00   8.2920826e-02   9.1659373e-01   6.1328156e-01   9.4006423e-01   4.8925960e-01   1.0000000e+00   1.3988814e-02   9.9704070e-01   1.8476004e-01   1.0000000e+00  -1.1482030e-01   9.5339987e-01   4.1088712e-01
  -4.8899608e-01   8.7911443e-01   9.2206771e-01  -4.6837428e-01   9.8368638e-01  -2.5589100e-01   9.8962886e-01   2.6352429e-01   9.9276274e-01   2.0107559e-01   9.7925503e-01  -2.3781588e-01   1.0000000e+00  -1.5114973e-01   9.4530840e-01  -4.3723735e-01   1.0000000e+00   1.2072050e-01
  -2.1698212e-01   8.1761355e-01   7.9180808e-01  -6.9214101e-01   9.0606459e-01  -5.6386294e-01   1.0000000e+00  -1.4147835e-01   1.0000000e+00  -1.0571493e-01   9.1406508e-01  -4.6554829e-01   9.4747037e-01  -4.7681080e-01   8.3766758e-01  -6.5332808e-01   9.9498901e-01  -1.7676783e-01
  -1.0765937e-02   4.6937520e-01   6.2270806e-01  -8.1277608e-01   7.7757572e-01  -7.9043832e-01   9.4389023e-01  -5.3372032e-01   9.6181046e-01  -3.9125815e-01   8.1150945e-01  -6.3858602e-01   8.4535952e-01  -7.3940490e-01   7.0207795e-01  -7.2156063e-01   9.4020106e-01  -4.4414968e-01
   5.7068808e-02  -4.7247267e-02   4.4091250e-01  -8.0406941e-01   6.1795620e-01  -8.9020213e-01   8.2990096e-01  -8.3477141e-01   8.8494247e-01  -6.0918240e-01   6.8488342e-01  -7.2220886e-01   7.0879893e-01  -8.8423218e-01   5.6874368e-01  -6.3124342e-01   8.4455603e-01  -6.3961874e-01
  -3.9413471e-02  -5.5718334e-01   2.7577189e-01  -6.6468537e-01   4.5359024e-01  -8.3964172e-01   6.7868491e-01  -9.7892200e-01   7.8280640e-01  -7.1971509e-01   5.5316764e-01  -6.9126765e-01   5.6078443e-01  -8.7358671e-01   4.6635886e-01  -4.0902056e-01   7.2375415e-01  -7.2872481e-01
  -2.7101481e-01  -8.9233064e-01   1.5388017e-01  -4.2041659e-01   3.1243853e-01  -6.4624904e-01   5.1920268e-01  -9.3368533e-01   6.7348741e-01  -7.0294949e-01   4.3815712e-01  -5.4193739e-01   4.2807552e-01  -7.0182344e-01   4.1530117e-01  -1.1206773e-01   5.9802029e-01  -6.9565958e-01
  -5.6501320e-01  -9.4884056e-01   9.3628410e-02  -1.1776470e-01   2.1814618e-01  -3.4763433e-01   3.8219606e-01  -7.1056133e-01   5.7603230e-01  -5.6671949e-01   3.5990683e-01  -2.9717760e-01   3.3525645e-01  -4.0069943e-01   4.2321646e-01   1.8854608e-01   4.8819111e-01  -5.4969419e-01
  -8.3096267e-01  -7.1828012e-01   1.0183368e-01   1.8766226e-01   1.8516357e-01  -2.0736961e-03   2.9297746e-01  -3.6232126e-01   5.0619857e-01  -3.4543757e-01   3.3197387e-01  -3.2317449e-03   2.9890866e-01  -3.2665962e-02   4.8422284e-01   4.2711069e-01   4.1131330e-01  -3.2404328e-01
  -9.9027083e-01  -2.8304551e-01   1.7320114e-01   4.4392729e-01   2.1625397e-01   3.2597005e-01   2.6586639e-01   3.2245148e-02   4.7315570e-01  -9.0008038e-02   3.5817256e-01   2.8200472e-01   3.2386936e-01   3.2565497e-01   5.8148309e-01   5.5754578e-01   3.7719880e-01  -6.7183523e-02
  -1.0000000e+00   2.1843452e-01   2.9219642e-01   6.1204041e-01   3.0258820e-01   5.7959670e-01   3.0147603e-01   3.8895367e-01   4.7795320e-01   1.4591050e-01   4.3166137e-01   5.0313429e-01   4.0237352e-01   6.0249741e-01   6.9162985e-01   5.5907078e-01   3.8674275e-01   1.6938884e-01
  -8.6276194e-01   6.4009015e-01   4.3649384e-01   6.6977742e-01   4.2615407e-01   7.1847057e-01   3.8748478e-01   6.3682414e-01   5.1408387e-01   3.1767723e-01   5.3656965e-01   6.1861606e-01   5.1624933e-01   7.4573074e-01   7.8974667e-01   4.3569276e-01   4.3245302e-01   3.4229912e-01
  -6.2239646e-01   8.6675022e-01   5.8076941e-01   6.1268759e-01   5.6330560e-01   7.2349521e-01   5.0191380e-01   7.3062483e-01   5.6945041e-01   3.9695247e-01   6.5121064e-01   6.0762597e-01   6.4090333e-01   7.3112341e-01   8.5393401e-01   2.1502078e-01   5.0056036e-01   4.2371140e-01
  -3.5004105e-01   8.4334249e-01   7.0083266e-01   4.5581698e-01   6.8911295e-01   6.0081570e-01   6.1813544e-01   6.6069269e-01   6.2924923e-01   3.7743613e-01   7.5239096e-01   4.7564634e-01   7.5042583e-01   5.6802600e-01   8.6988454e-01  -5.2621123e-02   5.7420532e-01   4.0696349e-01
  -1.2195481e-01   5.8987343e-01   7.7806847e-01   2.3288183e-01   7.8233525e-01   3.8197575e-01   7.1126818e-01   4.5596773e-01   6.7963863e-01   2.7686288e-01   8.2060311e-01   2.5560220e-01   8.2341238e-01   2.9905690e-01   8.3473051e-01  -3.0251107e-01   6.3745726e-01   3.0818177e-01
   1.6404554e-03   1.9251719e-01   8.0265540e-01  -9.9903011e-03   8.2930016e-01   1.1712455e-01   7.6357165e-01   1.7597686e-01   7.1083252e-01   1.3200882e-01   8.4417680e-01   7.7088402e-04   8.4739588e-01  -9.5394641e-03   7.5806167e-01  -4.7183509e-01   6.7868611e-01   1.6145705e-01
  -4.4816450e-03  -2.2446822e-01   7.7564466e-01  -2.2543581e-01   8.2679399e-01  -1.3780975e-01   7.6882685e-01  -1.0628951e-01   7.1959695e-01  -1.2595880e-02   8.2235747e-01  -2.2956043e-01   8.2201596e-01  -2.8559340e-01   6.5998593e-01  -5.1992764e-01   6.9328146e-01   8.6741845e-03
  -1.2740491e-01  -5.4126738e-01   7.0750110e-01  -3.7592810e-01   7.8132616e-01  -3.3495277e-01   7.3221494e-01  -3.2508285e-01   7.0900726e-01  -1.1831292e-01   7.6436566e-01  -3.8632249e-01   7.5778971e-01  -4.7021397e-01   5.6522504e-01  -4.3924112e-01   6.8355615e-01  -1.1264884e-01
  -3.2204840e-01  -6.7722563e-01   6.1523309e-01  -4.4136453e-01   7.0684441e-01  -4.4462492e-01   6.6804080e-01  -4.3786380e-01   6.8690403e-01  -1.6270407e-01   6.8660426e-01  -4.4255386e-01   6.7295149e-01  -5.3174297e-01   4.9666169e-01  -2.5612931e-01   6.5731875e-01  -1.7857264e-01
  -5.2751620e-01  -6.1265474e-01   5.1803938e-01  -4.2183609e-01   6.2070001e-01  -4.6014556e-01   5.9500115e-01  -4.3390936e-01   6.6293277e-01  -1.4432889e-01   6.0790846e-01  -3.9857998e-01   5.8821978e-01  -4.7161969e-01   4.6943863e-01  -2.1452080e-02   6.2496272e-01  -1.8343311e-01
  -6.8631197e-01  -3.8813736e-01   4.3312474e-01  -3.3474557e-01   5.3949890e-01  -3.9569344e-01   5.3104685e-01  -3.3246700e-01   6.4552159e-01  -8.0132998e-02   5.4480520e-01  -2.7850049e-01   5.2162385e-01  -3.2001680e-01   4.8779196e-01   2.0480538e-01   5.9637102e-01  -1.3837616e-01
  -7.6072899e-01  -8.6211409e-02   3.7249567e-01  -2.0810948e-01   4.7575477e-01  -2.7923845e-01   4.8911255e-01  -1.7338551e-01   6.3959127e-01   2.1575732e-03   5.0788422e-01  -1.2079902e-01   4.8453982e-01  -1.2454651e-01   5.4470512e-01   3.6955642e-01   5.7841472e-01  -6.5603239e-02
  -7.4160796e-01   1.9917941e-01   3.4151241e-01  -7.2073988e-02   4.3615999e-01  -1.4283688e-01   4.7478572e-01  -3.1774963e-03   6.4565030e-01   7.4054981e-02   5.0023438e-01   3.3945704e-02   4.7997698e-01   6.4636485e-02   6.2462270e-01   4.3890952e-01   5.7369243e-01   9.8267701e-03
  -6.4686839e-01   3.8942399e-01   3.3928189e-01   4.7405573e-02   4.2169274e-01  -1.5146926e-02   4.8638314e-01   1.3662140e-01   6.6037381e-01   1.1380089e-01   5.1811084e-01   1.5241680e-01   5.0332435e-01   2.0640899e-01   7.0771548e-01   4.0279298e-01   5.8073628e-01   6.6582119e-02
  -5.1390257e-01   4.4168355e-01   3.6001186e-01   1.3293842e-01   4.2867604e-01   8.3796211e-02   5.1641054e-01   2.1846278e-01   6.7796974e-01   1.1150253e-01   5.5280902e-01   2.1518900e-01   5.4446395e-01   2.7701685e-01   7.7458801e-01   2.7553385e-01   5.9503255e-01   9.1929550e-02
  -3.8652536e-01   3.5768639e-01   3.9519514e-01   1.7750352e-01   4.5068999e-01   1.4482593e-01   5.5435612e-01   2.3339759e-01   6.9217627e-01   7.0789232e-02   5.9356597e-01   2.1933001e-01   5.9104520e-01   2.7334396e-01   8.1064745e-01   9.1432279e-02   6.1077785e-01   8.3854061e-02
  -3.0137202e-01   1.7939719e-01   4.3591525e-01   1.8400439e-01   4.8062275e-01   1.6927590e-01   5.8980988e-01   1.9086580e-01   6.9822203e-01   6.8759545e-03   6.3053904e-01   1.7693472e-01   6.3184813e-01   2.1108666e-01   8.0926965e-01  -1.0343327e-01   6.2273101e-01   5.0288836e-02
  -2.7793223e-01  -2.7380441e-02   4.7474704e-01   1.6261304e-01   5.1236589e-01   1.6611567e-01   6.1506054e-01   1.1352664e-01   6.9417281e-01  -5.8788802e-02   6.5706522e-01   1.0971131e-01   6.5934358e-01   1.1807612e-01   7.7296699e-01  -2.6223964e-01   6.2763439e-01   5.5437657e-03
  -3.1433259e-01  -1.9544120e-01   5.0697525e-01   1.2674675e-01   5.4188558e-01   1.4762322e-01   6.2666244e-01   2.9014400e-02   6.8138024e-01  -1.0564648e-01   6.7079533e-01   4.1373673e-02   6.7100327e-01   2.4914379e-02   7.1246537e-01  -3.4905584e-01   6.2491995e-01  -3.4819361e-02
  -3.9042547e-01  -2.7741011e-01   5.3081647e-01   8.8726307e-02   5.6739405e-01   1.2477292e-01   6.2550165e-01  -3.8872198e-02   6.6381275e-01  -1.2055978e-01   6.7334004e-01  -9.7635531e-03   6.6895210e-01  -4.4226863e-02   6.4362325e-01  -3.4766187e-01   6.1646144e-01  -5.9043058e-02
  -4.7619477e-01  -2.5806620e-01   5.4677923e-01   5.6574845e-02   5.8875969e-01   1.0396653e-01   6.1559582e-01  -7.6333896e-02   6.4661860e-01  -1.0129024e-01   6.6879728e-01  -3.5294318e-02   6.5834898e-01  -7.7410781e-02   5.8322821e-01  -2.6466553e-01   6.0559785e-01  -6.2297779e-02
  -5.4227542e-01  -1.5550582e-01   5.5651921e-01   3.2661814e-02   6.0649992e-01   8.5840688e-02   6.0220949e-01  -8.1788668e-02   6.3443756e-01  -5.6258979e-02   6.6179558e-01  -3.7472428e-02   6.4517471e-01  -7.6275613e-02   5.4474522e-01  -1.2642116e-01   5.9583454e-01  -4.7248999e-02
  -5.6856362e-01  -1.1626227e-02   5.6170533e-01   1.4590225e-02   6.2084106e-01   6.6518058e-02   5.9006017e-01  -6.3767085e-02   6.3010502e-01  -9.5866039e-04   6.5585090e-01  -2.6297006e-02   6.3429439e-01  -5.2884626e-02   5.3541495e-01   2.9051748e-02   5.8974188e-01  -2.2082596e-02
  -5.5036416e-01   1.2321773e-01   5.6308446e-01  -2.3610841e-03   6.3100979e-01   4.0579191e-02   5.8182711e-01  -3.6259065e-02   6.3380901e-01   4.7425474e-02   6.5218074e-01  -1.4561768e-02   6.2795906e-01  -2.4004229e-02   5.5462057e-01   1.6295392e-01   5.8814752e-01   2.9144061e-03
  -4.9735304e-01   2.0657492e-01   5.6043991e-01  -2.2171837e-02   6.3540428e-01   4.5897233e-03   5.7793275e-01  -1.2863534e-02   6.4342001e-01   7.5324624e-02   6.4988966e-01  -1.2600020e-02   6.2579840e-01  -4.6190278e-03   5.9511675e-01   2.4522390e-01   5.9023640e-01   1.9079666e-02
  -4.2970629e-01   2.1565120e-01   5.5295122e-01  -4.5906804e-02   6.3215445e-01  -4.0444358e-02   5.7688646e-01  -2.4387593e-03   6.5525233e-01   7.6451179e-02   6.4667446e-01  -2.4717396e-02   6.2541783e-01  -3.2347155e-03   6.4521120e-01   2.6120854e-01   5.9401103e-01   2.1994809e-02
  -3.7080279e-01   1.5271976e-01   5.3997451e-01  -7.0948946e-02   6.2006450e-01  -8.8437322e-02   5.7631664e-01  -6.7512114e-03   6.6532604e-01   5.3155180e-02   6.4011723e-01  -4.7922704e-02   6.2372938e-01  -1.9658314e-02   6.9208965e-01   2.1383640e-01   5.9716961e-01   1.2571911e-02
  -3.3969863e-01   4.2540167e-02   5.2178285e-01  -9.1867561e-02   5.9944797e-01  -1.2970018e-01   5.7412929e-01  -2.0843201e-02   6.7059662e-01   1.5118071e-02   6.2892257e-01  -7.3342967e-02   6.1834780e-01  -4.5899942e-02   7.2502453e-01   1.2118232e-01   5.9798459e-01  -3.7111165e-03
  -3.4534577e-01  -7.7034994e-02   4.9999346e-01  -1.0241498e-01   5.7255157e-01  -1.5392482e-01   5.6943628e-01  -3.5663230e-02   6.6984123e-01  -2.4120288e-02   6.1372023e-01  -8.9707810e-02   6.0864435e-01  -6.9634120e-02   7.3780846e-01   1.0410549e-02   5.9593156e-01  -1.9050910e-02
  -3.8459086e-01  -1.6795919e-01   4.7748067e-01  -9.7829648e-02   5.4334140e-01  -1.5352657e-01   5.6290455e-01  -4.1899340e-02   6.6389249e-01  -5.1613024e-02   5.9709730e-01  -8.7601886e-02   5.9606184e-01  -7.8922073e-02   7.2973467e-01  -8.9954579e-02   5.9183297e-01  -2.6205793e-02
  -4.4400425e-01  -2.0378570e-01   4.5783678e-01  -7.6617260e-02   5.1674059e-01  -1.2617403e-01   5.5649919e-01  -3.3522970e-02   6.5524215e-01  -5.8913753e-02   5.8292168e-01  -6.2937286e-02   5.8368653e-01  -6.6454948e-02   7.0515715e-01  -1.5713732e-01   5.8753464e-01  -2.0986292e-02
  -5.0473635e-01  -1.7686716e-01   4.4454327e-01  -4.1322473e-02   4.9752857e-01  -7.5783878e-02   5.5274606e-01  -9.9555393e-03   6.4716780e-01  -4.4315553e-02   5.7518473e-01  -1.8578415e-02   5.7524738e-01  -3.2045174e-02   6.7186946e-01  -1.7896236e-01   5.8523944e-01  -3.6064836e-03
  -5.4865820e-01  -9.9202346e-02   4.4009696e-01   1.8666929e-03   4.8921259e-01  -1.1780865e-02   5.5379291e-01   2.3709697e-02   6.4268002e-01  -1.2919837e-02   5.7674538e-01   3.6271885e-02   5.7389255e-01   1.7253820e-02   6.3883851e-01  -1.5558516e-01   5.8672919e-01   2.1428945e-02
  -5.6384223e-01   3.0041163e-03   4.4533870e-01   4.4583696e-02   4.9317834e-01   5.3172895e-02   5.6058581e-01   5.8441720e-02   6.4360794e-01   2.5361824e-02   5.8836900e-01   8.8704592e-02   5.8112910e-01   6.9360644e-02   6.1388634e-01  -9.7939646e-02   5.9272252e-01   4.6826991e-02
  -5.4751824e-01   9.8322155e-02   4.5920221e-01   7.8282114e-02   5.0837643e-01   1.0615131e-01   5.7246684e-01   8.4133550e-02   6.5011925e-01   5.8934838e-02   6.0838969e-01   1.2567127e-01   5.9629501e-01   1.1070690e-01   6.0199922e-01  -2.3858866e-02   6.0259224e-01   6.4735781e-02
  -5.0625858e-01   1.5974949e-01   4.7889585e-01   9.6302897e-02   5.3154559e-01   1.3696805e-01   5.8724284e-01   9.2713303e-02   6.6070844e-01   7.7875709e-02   6.3300405e-01   1.3755028e-01   6.1661868e-01   1.3008759e-01   6.0443707e-01   4.6939631e-02   6.1446392e-01   6.9073703e-02
  -4.5331744e-01   1.7225349e-01   5.0051546e-01   9.5473725e-02   5.5796077e-01   1.4046362e-01   6.0173994e-01   8.0605353e-02   6.7267140e-01   7.6628080e-02   6.5716662e-01   1.2075162e-01   6.3789100e-01   1.2177589e-01   6.1886703e-01   9.7808398e-02   6.2569467e-01   5.7312372e-02
  -4.0422095e-01   1.3618476e-01   5.1992282e-01   7.6827052e-02   5.8250144e-01   1.1753583e-01   6.1265949e-01   4.9825214e-02   6.8289541e-01   5.5356150e-02   6.7582463e-01   7.8685233e-02   6.5553580e-01   8.7064426e-02   6.4035480e-01   1.1887931e-01   6.3357977e-01   3.1229362e-02
  -3.7222513e-01   6.5833238e-02   5.3363122e-01   4.5233052e-02   6.0073240e-01   7.4653496e-02   6.1744292e-01   7.3891447e-03   6.8869765e-01   1.9621201e-02   6.8510932e-01   2.0831779e-02   6.6573118e-01   3.3811415e-02   6.6283726e-01   1.0862862e-01   6.3605585e-01  -3.5760638e-03
  -3.6447957e-01  -1.5729459e-02   5.3957431e-01   8.1417449e-03   6.0985374e-01   2.2130078e-02   6.1499211e-01  -3.6627576e-02   6.8856851e-01  -2.1310904e-02   6.8330906e-01  -3.9699696e-02   6.6639703e-01  -2.5657234e-02   6.8077191e-01   7.3485116e-02   6.3228559e-01  -3.9161089e-02
  -3.8067056e-01  -8.4555715e-02   5.3743357e-01  -2.6394273e-02   6.0913388e-01  -2.8621028e-02   6.0590086e-01  -7.2046169e-02   6.8249589e-01  -5.7307265e-02   6.7116900e-01  -8.9713163e-02   6.5761807e-01  -7.8025577e-02   6.9041423e-01   2.5054737e-02   6.2284854e-01  -6.7471021e-02
  -4.1383636e-01  -1.2268112e-01   5.2856393e-01  -5.1580845e-02   5.9986950e-01  -6.7693822e-02   5.9225363e-01  -9.1206719e-02   6.7189232e-01  -8.0024335e-02   6.5161474e-01  -1.1908321e-01   6.4153234e-01  -1.1227073e-01   6.9047706e-01  -2.3317829e-02   6.0958372e-01  -8.2350625e-02
  -4.5297436e-01  -1.2286521e-01   5.1555336e-01  -6.3354579e-02   5.8491015e-01  -8.8785444e-02   5.7705755e-01  -9.0834584e-02   6.5916990e-01  -8.4959416e-02   6.2897594e-01  -1.2304512e-01   6.2173949e-01  -1.2224026e-01   6.8214648e-01  -6.0087353e-02   5.9512988e-01  -8.1019052e-02
  -4.8671723e-01  -8.9554230e-02   5.0151261e-01  -6.1028330e-02   5.6785394e-01  -9.0175431e-02   5.6344505e-01  -7.2525433e-02   6.4706555e-01  -7.2246526e-02   6.0788697e-01  -1.0288798e-01   6.0235980e-01  -1.0772612e-01   6.6844219e-01  -7.8124601e-02   5.8226761e-01  -6.4529200e-02
