   1.5549255e-01   3.3988367e-01   1.9461538e-01   1.2952872e-01   1.5251149e-02   2.9800832e-02   5.6457885e-02   1.7081812e-01   1.1682584e-01   3.3306333e-01   1.2535995e-01   6.9524818e-01   1.2654735e-01   8.0871686e-01   5.8790124e-02   1.7675017e-01   7.6381228e-03   3.5936760e-01
   1.4716951e-01  -3.6876877e-01   2.5657506e-01   5.9191021e-01   6.8316626e-02   5.0237094e-01   1.1364736e-01   4.9388249e-01   1.9073605e-01   6.6056650e-01   2.6080914e-01   9.1532731e-01   2.9552400e-01   9.8594554e-01   1.5252260e-01   6.5334388e-01   9.9929664e-02   6.9852321e-01
  -9.0353249e-02  -8.6779630e-01   3.8225282e-01   8.8891513e-01   1.9988664e-01   8.3638789e-01   2.1958615e-01   7.4413879e-01   3.0430048e-01   8.7668477e-01   4.2124613e-01   1.0000000e+00   4.8169812e-01   1.0000000e+00   3.3121158e-01   9.4049913e-01   2.3968748e-01   9.1217813e-01
  -4.4709096e-01  -1.0000000e+00   5.4185408e-01   1.0000000e+00   3.7961280e-01   1.0000000e+00   3.6074883e-01   9.0795414e-01   4.4162860e-01   9.8744741e-01   5.8604914e-01   9.7232104e-01   6.5845064e-01   8.9202831e-01   5.4800223e-01   1.0000000e+00   4.0514226e-01   1.0000000e+00
  -7.8085876e-01  -7.5560229e-01   7.0544580e-01   9.4208328e-01   5.7445234e-01   9.9631482e-01   5.2151660e-01   9.7390039e-01   5.8789008e-01   1.0000000e+00   7.3861652e-01   8.5566939e-01   8.0739685e-01   7.0650841e-01   7.5443999e-01   8.5410149e-01   5.7574465e-01   9.7515530e-01
  -9.7408256e-01  -2.6693475e-01   8.4786748e-01   7.5195380e-01   7.5452969e-01   8.5218738e-01   6.8446569e-01   9.3240290e-01   7.2911307e-01   9.1918108e-01   8.6563954e-01   6.6611012e-01   9.1750386e-01   4.7711094e-01   9.1188743e-01   5.6462907e-01   7.3374892e-01   8.5595040e-01
  -9.7108999e-01   2.7761657e-01   9.5032880e-01   4.6742239e-01   8.9600525e-01   6.0118036e-01   8.3087168e-01   7.7815830e-01   8.5203035e-01   7.5044253e-01   9.5593253e-01   4.1399907e-01   9.8271396e-01   2.2440360e-01   9.9665648e-01   2.0228575e-01   8.6451806e-01   6.5983070e-01
  -7.8358728e-01   7.0769691e-01   1.0000000e+00   1.2297109e-01   9.8143357e-01   2.7605245e-01   9.4176476e-01   5.1448538e-01   9.4443815e-01   5.0327859e-01   1.0000000e+00   1.1044201e-01   1.0000000e+00  -3.8620001e-02   1.0000000e+00  -1.6774496e-01   9.5624897e-01   4.0262091e-01
  -4.7838509e-01   9.0092194e-01   9.9011839e-01  -2.4099301e-01   1.0000000e+00  -8.5756831e-02   1.0000000e+00   1.6127815e-01   9.9603070e-01   1.9529431e-01   9.9081773e-01  -2.2388821e-01   9.6864514e-01  -2.9771494e-01   9.2701086e-01  -4.8435864e-01   1.0000000e+00   1.0327814e-01
  -1.5562394e-01   7.9932842e-01   9.2177381e-01  -5.6993132e-01   9.4922120e-01  -4.3432240e-01   9.9377933e-01  -2.3761037e-01   1.0000000e+00  -1.4268433e-01   9.2615595e-01  -5.5135506e-01   8.9138176e-01  -5.2941399e-01   7.9582113e-01  -6.8982341e-01   9.9083289e-01  -2.0969042e-01
   7.8386997e-02   4.3509332e-01   8.0602084e-01  -8.0059987e-01   8.3738608e-01  -7.0886559e-01   9.2080673e-01  -6.1362289e-01   9.5517891e-01  -4.6351418e-01   8.1149854e-01  -8.1656750e-01   7.7634043e-01  -6.9898484e-01   6.3592424e-01  -7.4181588e-01   9.2974098e-01  -4.9505556e-01
   1.4778548e-01  -6.8143015e-02   6.6385258e-01  -8.8135332e-01   6.8441071e-01  -8.5382528e-01   7.9169374e-01  -8.8858846e-01   8.6820238e-01  -7.1103977e-01   6.6226160e-01  -9.5976120e-01   6.3857078e-01  -7.6943136e-01   4.8260558e-01  -6.3174704e-01   8.2555618e-01  -7.0545733e-01
   3.1672600e-02  -5.4289929e-01   5.2237913e-01  -7.9201605e-01   5.1872008e-01  -8.3848115e-01   6.2920198e-01  -1.0000000e+00   7.5347872e-01  -8.3713184e-01   5.0250490e-01  -9.3905237e-01   4.9891073e-01  -7.1728166e-01   3.6862407e-01  -3.9108632e-01   6.9467059e-01  -8.0178918e-01
  -2.3019790e-01  -8.3775662e-01   4.0890564e-01  -5.5057573e-01   3.7136414e-01  -6.6717662e-01   4.6387465e-01  -9.2121892e-01   6.3086957e-01  -8.1754549e-01   3.6052720e-01  -7.4733677e-01   3.8039254e-01  -5.4363820e-01   3.1617453e-01  -8.2218627e-02   5.5853775e-01  -7.6586283e-01
  -5.5311700e-01  -8.6666550e-01   3.4487205e-01  -2.0823807e-01   2.6919138e-01  -3.7841811e-01   3.2700806e-01  -6.7063457e-01   5.2144749e-01  -6.6073852e-01   2.6243222e-01  -4.1837224e-01   3.0325483e-01  -2.7753606e-01   3.3209042e-01   2.2030351e-01   4.3940255e-01  -6.0727395e-01
  -8.3688107e-01  -6.3458502e-01   3.4129779e-01   1.6367613e-01   2.2909230e-01  -3.4645257e-02   2.4319914e-01  -3.0724913e-01   4.4270147e-01  -4.0627071e-01   2.2574027e-01  -1.9807512e-02   2.8013116e-01   2.9573907e-02   4.0741755e-01   4.5059221e-01   3.5552221e-01  -3.6217178e-01
  -9.9965491e-01  -2.2846899e-01   3.9685772e-01   4.9179680e-01   2.5489452e-01   2.9476376e-01   2.2471147e-01   8.7318900e-02   4.0472366e-01  -1.1217322e-01   2.5513846e-01   3.6598377e-01   3.1301137e-01   3.1760813e-01   5.2121571e-01   5.6669986e-01   3.1729666e-01  -8.3029869e-02
  -1.0000000e+00   2.2149939e-01   4.9901787e-01   7.1505758e-01   3.3780008e-01   5.4875866e-01   2.6983932e-01   4.3062801e-01   4.0891952e-01   1.6130295e-01   3.4209088e-01   6.6286090e-01   3.9324188e-01   5.3246882e-01   6.4630936e-01   5.5329534e-01   3.2586020e-01   1.7501994e-01
  -8.4695686e-01   5.8442794e-01   6.2666704e-01   7.9410993e-01   4.5876304e-01   6.8473408e-01   3.6390951e-01   6.5685054e-01   4.4839251e-01   3.6428985e-01   4.6688761e-01   8.1620469e-01   5.0339224e-01   6.3622850e-01   7.5490281e-01   4.1952221e-01   3.7339653e-01   3.6586490e-01
  -5.9178365e-01   7.6342943e-01   7.5442365e-01   7.1668621e-01   5.9281820e-01   6.8348965e-01   4.8345595e-01   7.2782567e-01   5.1031044e-01   4.6524706e-01   6.0327504e-01   8.0125942e-01   6.2104678e-01   6.1272429e-01   8.2358015e-01   1.9562849e-01   4.4562939e-01   4.6020733e-01
  -3.1181043e-01   7.1727167e-01   8.5743347e-01   5.0254794e-01   7.1382920e-01   5.5300041e-01   6.0139797e-01   6.4046071e-01   5.7890254e-01   4.5658716e-01   7.2370213e-01   6.2830036e-01   7.2309690e-01   4.7158147e-01   8.3773475e-01  -6.8099317e-02   5.2507622e-01   4.5089324e-01
  -8.7483368e-02   4.7259360e-01   9.1679296e-01   2.0292621e-01   7.9985260e-01   3.2866244e-01   6.9327377e-01   4.2904770e-01   6.3920673e-01   3.5742265e-01   8.0527504e-01   3.4317694e-01   7.9068015e-01   2.4898911e-01   7.9544411e-01  -3.0835988e-01   5.9507812e-01   3.5498044e-01
   2.2485181e-02   1.1411522e-01   9.2403954e-01  -1.1218495e-01   8.3790125e-01   6.4710618e-02   7.4313553e-01   1.5566186e-01   6.8078446e-01   2.0765165e-01   8.3510180e-01   1.6407049e-02   8.1363393e-01  -6.4377090e-04   7.0864999e-01  -4.6574059e-01   6.4372192e-01   2.0826450e-01
  -3.4191232e-03  -2.4525743e-01   8.8248657e-01  -3.7358234e-01   8.2602073e-01  -1.8035980e-01   7.4653285e-01  -1.0828660e-01   6.9971440e-01   5.4966992e-02   8.1263365e-01  -2.7599223e-01   7.9235260e-01  -2.1966642e-01   6.0015203e-01  -5.0282589e-01   6.6598181e-01   5.3941442e-02
  -1.4551991e-01  -5.0129722e-01   8.0560173e-01  -5.3092123e-01   7.7272199e-01  -3.5872224e-01   7.1046714e-01  -3.0215170e-01   6.9870239e-01  -5.9948121e-02   7.4894934e-01  -4.7290720e-01   7.3697723e-01  -3.6291227e-01   4.9740609e-01  -4.1536560e-01   6.6395477e-01  -7.0052759e-02
  -3.5224123e-01  -5.8943815e-01   7.1287121e-01  -5.6346731e-01   6.9383527e-01  -4.4358311e-01   6.5020440e-01  -3.9091013e-01   6.8518212e-01  -1.1445357e-01   6.6297720e-01  -5.4259744e-01   6.6398707e-01  -4.0848620e-01   4.2514036e-01  -2.3192074e-01   6.4507558e-01  -1.4056301e-01
  -5.5834982e-01  -5.0172072e-01   6.2454241e-01  -4.8237319e-01   6.0794578e-01  -4.3322391e-01   5.8425080e-01  -3.7161328e-01   6.6825767e-01  -1.0844044e-01   5.7602692e-01  -4.8810975e-01   5.9142316e-01  -3.6132059e-01   3.9902857e-01  -3.9617317e-03   6.1913658e-01  -1.5343492e-01
  -7.0608772e-01  -2.8308400e-01   5.5674922e-01  -3.2350434e-01   5.3174850e-01  -3.4730248e-01   5.2906865e-01  -2.6921164e-01   6.5555588e-01  -6.0564407e-02   5.0628696e-01  -3.4163914e-01   5.3421667e-01  -2.4807630e-01   4.2236326e-01   2.1013758e-01   5.9511225e-01  -1.2108891e-01
  -7.6055662e-01  -1.1154109e-02   5.1860236e-01  -1.3454017e-01   4.7689592e-01  -2.1792606e-01   4.9544392e-01  -1.2505371e-01   6.5122702e-01   8.8273888e-04   4.6519056e-01  -1.5167565e-01   5.0125510e-01  -1.0661389e-01   4.8642553e-01   3.6036486e-01   5.7898429e-01  -6.5587273e-02
  -7.1805953e-01   2.3005751e-01   5.1113678e-01   3.8835568e-02   4.4835730e-01  -7.9489750e-02   4.8658928e-01   1.6593760e-02   6.5512403e-01   4.8133434e-02   4.5564878e-01   3.1537530e-02   4.9414464e-01   2.5483872e-02   5.7341135e-01   4.1645201e-01   5.7262621e-01  -1.0565849e-02
  -6.0285444e-01   3.7487996e-01   5.2878185e-01   1.6331236e-01   4.4500251e-01   3.9568513e-02   4.9889168e-01   1.2014910e-01   6.6364480e-01   6.2059833e-02   4.7304501e-01   1.6815479e-01   5.0834891e-01   1.1994136e-01   6.6156894e-01   3.7194997e-01   5.7427551e-01   2.5583729e-02
  -4.5750098e-01   3.9167718e-01   5.6184495e-01   2.2324432e-01   4.6119257e-01   1.2144693e-01   5.2397366e-01   1.6580257e-01   6.7130769e-01   3.6576289e-02   5.0755176e-01   2.3606766e-01   5.3536038e-01   1.6276583e-01   7.3027252e-01   2.4340523e-01   5.7976860e-01   3.3689422e-02
  -3.2873717e-01   2.8955053e-01   5.9960579e-01   2.2168427e-01   4.8906260e-01   1.6091151e-01   5.5169499e-01   1.5265428e-01   6.7279154e-01  -2.0178777e-02   5.4740078e-01   2.3404491e-01   5.6555670e-01   1.5583092e-01   7.6465500e-01   6.5633050e-02   5.8428968e-01   1.5306426e-02
  -2.5324476e-01   1.1253706e-01   6.3315794e-01   1.7668113e-01   5.2085201e-01   1.6398430e-01   5.7322698e-01   9.6573850e-02   6.6482609e-01  -8.8901646e-02   5.8219312e-01   1.7926254e-01   5.9093588e-01   1.1419521e-01   7.5871107e-01  -1.1672258e-01   5.8409575e-01  -1.8976101e-02
  -2.4728930e-01  -7.6778675e-02   6.5738496e-01   1.1401325e-01   5.5076305e-01   1.4395921e-01   5.8342679e-01   2.3477699e-02   6.4740534e-01  -1.4579357e-01   6.0544855e-01   9.9914530e-02   6.0707243e-01   5.9867129e-02   7.1635696e-01  -2.6008051e-01   5.7775060e-01  -5.3897219e-02
  -3.0396551e-01  -2.1860315e-01   6.7148724e-01   5.8518715e-02   5.7581681e-01   1.1590566e-01   5.8173557e-01  -3.9880904e-02   6.2381925e-01  -1.7070735e-01   6.1557410e-01   2.5190785e-02   6.1364642e-01   1.3977268e-02   6.4992533e-01  -3.3256383e-01   5.6642478e-01  -7.5135795e-02
  -3.9774767e-01  -2.7395475e-01   6.7819305e-01   2.6891299e-02   5.9568539e-01   9.1623493e-02   5.7158711e-01  -7.4135162e-02   5.9961728e-01  -1.5362132e-01   6.1525505e-01  -2.3578344e-02   6.1364189e-01  -9.7222167e-03   5.7673875e-01  -3.2139962e-01   5.5330770e-01  -7.4012894e-02
  -4.9427627e-01  -2.3491206e-01   6.8201387e-01   2.3440418e-02   6.1170903e-01   7.6202654e-02   5.5867979e-01  -7.2489960e-02   5.8086608e-01  -9.7660201e-02   6.0965910e-01  -3.8365885e-02   6.1160850e-01  -8.4072901e-03   5.1455189e-01  -2.3536072e-01   5.4239094e-01  -5.0078169e-02
  -5.6202733e-01  -1.2370994e-01   6.8713081e-01   4.0298805e-02   6.2549048e-01   6.7439204e-02   5.4873389e-01  -4.1148992e-02   5.7228380e-01  -1.7554919e-02   6.0412759e-01  -2.4715948e-02   6.1162341e-01   1.0439255e-02   4.7711782e-01  -1.0111153e-01   5.3704890e-01  -1.0668551e-02
  -5.8177674e-01   1.7567286e-02   6.9567351e-01   6.1687687e-02   6.3766512e-01   5.8103954e-02   5.4556172e-01   4.5117789e-03   5.7588180e-01   6.5434789e-02   6.0222279e-01   2.4798798e-03   6.1571449e-01   3.3095343e-02   4.7110236e-01   4.5019926e-02   5.3892956e-01   3.2068731e-02
  -5.5118970e-01   1.4188036e-01   7.0694044e-01   7.0453305e-02   6.4731116e-01   3.9974377e-02   5.5002644e-01   4.6086952e-02   5.9048883e-01   1.3002660e-01   6.0471546e-01   2.5537644e-02   6.2322716e-01   4.5249083e-02   4.9506534e-01   1.6697252e-01   5.4748779e-01   6.5362503e-02
  -4.8392829e-01   2.1166452e-01   7.1772163e-01   5.4542685e-02   6.5216835e-01   8.0014486e-03   5.6006566e-01   6.8378262e-02   6.1219376e-01   1.6082917e-01   6.0967181e-01   3.0481385e-02   6.3121716e-01   3.7246860e-02   5.4052411e-01   2.3781470e-01   5.6022872e-01   7.9800422e-02
  -4.0408459e-01   2.0911435e-01   7.2355058e-01   1.1354789e-02   6.4954973e-01  -3.6916876e-02   5.7165717e-01   6.3978929e-02   6.3552144e-01   1.5223194e-01   6.1348740e-01   1.1652926e-02   6.3566217e-01   7.4387153e-03   5.9465796e-01   2.4552011e-01   5.7353908e-01   7.2029579e-02
  -3.3793200e-01   1.4005763e-01   7.2041369e-01  -5.1290345e-02   6.3757352e-01  -8.7518292e-02   5.8034115e-01   3.5092544e-02   6.5498001e-01   1.0944369e-01   6.1244860e-01  -2.6705452e-02   6.3304986e-01  -3.7243377e-02   6.4384647e-01   1.9459706e-01   5.8382472e-01   4.5519659e-02
  -3.0581771e-01   3.0408321e-02   7.0627631e-01  -1.1776408e-01   6.1620051e-01  -1.3224101e-01   5.8274092e-01  -7.8655510e-03   6.6649293e-01   4.6406930e-02   6.0423221e-01  -7.2299547e-02   6.2175771e-01  -8.3635163e-02   6.7700066e-01   1.0336129e-01   5.8856593e-01   9.1823727e-03
  -3.1600699e-01  -8.3137087e-02   6.8205450e-01  -1.6963015e-01   5.8777672e-01  -1.5887498e-01   5.7771489e-01  -5.0103458e-02   6.6843175e-01  -1.8634728e-02   5.8896494e-01  -1.0917968e-01   6.0288788e-01  -1.1672815e-01   6.8811447e-01  -1.9437112e-03   5.8705772e-01  -2.5586238e-02
  -3.6327906e-01  -1.6560231e-01   6.5152926e-01  -1.9149110e-01   5.5671491e-01  -1.5857514e-01   5.6660992e-01  -7.7636892e-02   6.6178519e-01  -6.8705394e-02   5.6930454e-01  -1.2339721e-01   5.8007293e-01  -1.2473119e-01   6.7707428e-01  -9.4668712e-02   5.8047910e-01  -4.8589906e-02
  -4.3144920e-01  -1.9410153e-01   6.2047804e-01  -1.7541698e-01   5.2857936e-01  -1.2865252e-01   5.5276536e-01  -8.1581604e-02   6.4964959e-01  -9.2612136e-02   5.4973896e-01  -1.0750686e-01   5.5853975e-01  -1.0277843e-01   6.4905863e-01  -1.5419376e-01   5.7144093e-01  -5.3752347e-02
  -4.9911822e-01  -1.6384239e-01   5.9520857e-01  -1.2315795e-01   5.0876456e-01  -7.3602740e-02   5.4040280e-01  -6.0655538e-02   6.3616680e-01  -8.7480634e-02   5.3527259e-01  -6.2934011e-02   5.4364057e-01  -5.4472790e-02   6.1268922e-01  -1.7024894e-01   5.6312160e-01  -4.0664495e-02
  -5.4671565e-01  -8.8027855e-02   5.8090986e-01  -4.5567294e-02   5.0113497e-01  -4.0850752e-03   5.3326523e-01  -2.1170241e-02   6.2524800e-01  -5.8673642e-02   5.2991169e-01   4.9488969e-04   5.3929655e-01   9.1907892e-03   5.7749732e-01  -1.4422730e-01   5.5826330e-01  -1.4331299e-02
  -5.6153400e-01   7.9682998e-03   5.8052517e-01   4.0481570e-02   5.0720894e-01   6.5719751e-02   5.3363655e-01   2.5378072e-02   6.1964790e-01  -1.7301479e-02   5.3564118e-01   6.7576124e-02   5.4705478e-01   7.3000408e-02   5.5175076e-01  -8.7193933e-02   5.5848331e-01   1.6697448e-02
  -5.4189325e-01   9.4827866e-02   5.9382608e-01   1.1635446e-01   5.2557492e-01   1.2153665e-01   5.4152300e-01   6.5740446e-02   6.2016846e-01   2.3250465e-02   5.5161681e-01   1.2186318e-01   5.6541802e-01   1.2163987e-01   5.4030481e-01  -1.6488238e-02   5.6371621e-01   4.2896831e-02
  -4.9573269e-01   1.4844966e-01   6.1777861e-01   1.6632675e-01   5.5242762e-01   1.5233613e-01   5.5491715e-01   8.8877812e-02   6.2582228e-01   5.1297899e-02   5.7458616e-01   1.5016721e-01   5.9046263e-01   1.4366180e-01   5.4416701e-01   4.9446023e-02   5.7245267e-01   5.6548730e-02
  -4.3807219e-01   1.5638433e-01   6.4719154e-01   1.8120289e-01   5.8232535e-01   1.5285187e-01   5.7030578e-01   8.8876830e-02   6.3419260e-01   5.9817147e-02   5.9957963e-01   1.4589104e-01   6.1669335e-01   1.3433200e-01   5.6051277e-01   9.5413298e-02   5.8214071e-01   5.3774033e-02
  -3.8585453e-01   1.2042147e-01   6.7604159e-01   1.6015830e-01   6.0947040e-01   1.2458966e-01   5.8372973e-01   6.6331687e-02   6.4228931e-01   4.7950900e-02   6.2121108e-01   1.1054046e-01   6.3846037e-01   9.6593754e-02   5.8388467e-01   1.1280074e-01   5.8997248e-01   3.5411853e-02
  -3.5292555e-01   5.4848574e-02   6.9886411e-01   1.1043714e-01   6.2897538e-01   7.5196936e-02   5.9186326e-01   2.7846939e-02   6.4744380e-01   2.0718546e-02   6.3499046e-01   5.3075073e-02   6.5131245e-01   4.0060061e-02   6.0781020e-01   1.0095207e-01   5.9366783e-01   6.5691798e-03
  -3.4640169e-01  -1.8819963e-02   7.1190184e-01   4.5050159e-02   6.3784038e-01   1.6356046e-02   5.9284920e-01  -1.6116882e-02   6.4802774e-01  -1.2897780e-02   6.3834301e-01  -1.2682860e-02   6.5297926e-01  -2.1682860e-02   6.2646762e-01   6.6393847e-02   5.9206683e-01  -2.4990117e-02
  -3.6513469e-01  -7.8957932e-02   7.1381775e-01  -2.0845345e-02   6.3548643e-01  -3.9241268e-02   5.8672716e-01  -5.4389604e-02   6.4385391e-01  -4.2876273e-02   6.3115105e-01  -7.1846921e-02   6.4381716e-01  -7.4742719e-02   6.3606560e-01   2.0355411e-02   5.8541791e-01  -5.1141832e-02
  -4.0104715e-01  -1.1021195e-01   7.0569437e-01  -7.3759192e-02   6.2362010e-01  -8.0898737e-02   5.7525663e-01  -7.8152394e-02   6.3608427e-01  -6.1080164e-02   6.1557439e-01  -1.1223257e-01   6.2649852e-01  -1.0836086e-01   6.3546594e-01  -2.4682643e-02   5.7522257e-01  -6.5608463e-02
  -4.4216833e-01  -1.0719701e-01   6.9050940e-01  -1.0473728e-01   6.0563500e-01  -1.0205989e-01   5.6133880e-01  -8.2968244e-02   6.2680231e-01  -6.3250339e-02   5.9537711e-01  -1.2697205e-01   6.0521426e-01  -1.1716010e-01   6.2610020e-01  -5.8150163e-02   5.6378901e-01  -6.5412844e-02
  -4.7648011e-01  -7.5039032e-02   6.7224777e-01  -1.1085353e-01   5.8570863e-01  -1.0129398e-01   5.4820260e-01  -6.9493009e-02   6.1838183e-01  -4.9771848e-02   5.7494340e-01  -1.1560654e-01   5.8459197e-01  -1.0189901e-01   6.1129767e-01  -7.3696386e-02   5.5361568e-01  -5.1371857e-02
