   1.3616486e-01   6.0828171e-01   1.5096915e-01   5.6981391e-01   1.4482334e-02   6.3446250e-01   4.8403874e-02   5.5811112e-01   3.8121594e-02   5.3449698e-01   1.5603927e-01   8.3749328e-01   1.4711843e-01   9.4077072e-02   1.3288412e-01   4.6867310e-01   3.7892448e-02   3.9916464e-01
   2.1805003e-01  -1.5271432e-01   2.8556502e-01   8.7557573e-01   1.8324945e-01   9.0716622e-01   1.5931128e-01   8.3689909e-01   1.5109973e-01   8.2517645e-01   3.3067108e-01   1.0000000e+00   1.8975305e-01   4.4176768e-01   2.7708846e-01   8.4873371e-01   1.3489406e-01   7.4175309e-01
   4.4890831e-02  -7.5057093e-01   4.5956744e-01   1.0000000e+00   3.9129248e-01   1.0000000e+00   3.0228601e-01   9.7352472e-01   2.9957601e-01   9.7253238e-01   5.1695052e-01   9.7266348e-01   2.8119881e-01   7.1669872e-01   4.7850593e-01   1.0000000e+00   2.7674538e-01   9.3819028e-01
  -2.8658993e-01  -1.0000000e+00   6.4022371e-01   9.5329854e-01   6.0118620e-01   9.3008676e-01   4.5753607e-01   1.0000000e+00   4.6193199e-01   1.0000000e+00   6.8569548e-01   8.2409315e-01   4.0874855e-01   9.0187571e-01   6.8726356e-01   9.2283276e-01   4.3981066e-01   1.0000000e+00
  -6.3632242e-01  -8.5700385e-01   7.9976181e-01   7.7707041e-01   7.8245643e-01   7.4213457e-01   6.1046784e-01   9.4825717e-01   6.2091366e-01   9.3550076e-01   8.2089746e-01   6.2268706e-01   5.5720874e-01   9.8235687e-01   8.5980879e-01   6.7289470e-01   6.0367062e-01   9.5236733e-01
  -8.7685095e-01  -4.2782226e-01   9.1914582e-01   5.2119174e-01   9.1520019e-01   4.8591046e-01   7.5048835e-01   8.3619716e-01   7.6341215e-01   8.0094253e-01   9.1743980e-01   4.1469223e-01   7.0920838e-01   9.4554369e-01   9.6780666e-01   3.3127991e-01   7.5234706e-01   8.2162897e-01
  -9.3570482e-01   1.0653898e-01   9.8758301e-01   2.2397464e-01   9.8903216e-01   1.9847966e-01   8.6851638e-01   6.6557863e-01   8.7925639e-01   6.1060114e-01   9.7629119e-01   2.1925974e-01   8.4586015e-01   7.8537834e-01   1.0000000e+00  -2.6651165e-02   8.7377695e-01   6.2768038e-01
  -8.0772828e-01   5.7037351e-01   1.0000000e+00  -8.8567270e-02   1.0000000e+00  -9.5756112e-02   9.5499840e-01   4.3143857e-01   9.6023222e-01   3.7537344e-01   1.0000000e+00   3.6742548e-02   9.4824553e-01   5.0903128e-01   9.5948518e-01  -3.4195502e-01   9.5865651e-01   3.8478453e-01
  -5.4487190e-01   8.2745290e-01   9.5586849e-01  -3.9047669e-01   9.4902332e-01  -3.7387539e-01   1.0000000e+00   1.3579070e-01   1.0000000e+00   1.0805883e-01   9.9042006e-01  -1.3873681e-01   1.0000000e+00   1.4250976e-01   8.6050825e-01  -5.6778681e-01   1.0000000e+00   1.0759238e-01
  -2.3891069e-01   7.9988991e-01   8.6024225e-01  -6.4563888e-01   8.4269529e-01  -6.0507441e-01   9.9529221e-01  -1.9964368e-01   9.9483584e-01  -1.7110673e-01   9.4869901e-01  -3.0712336e-01   9.9056585e-01  -2.6494780e-01   7.2624166e-01  -6.6801010e-01   9.9380799e-01  -1.8149348e-01
   4.8614572e-03   4.9783569e-01   7.2564801e-01  -8.1015860e-01   6.9510947e-01  -7.5176753e-01   9.3803795e-01  -5.2727013e-01   9.4524522e-01  -4.3002558e-01   8.7727344e-01  -4.5357768e-01   9.1889367e-01  -6.4159426e-01   5.8574438e-01  -6.2615606e-01   9.4081539e-01  -4.4767291e-01
   1.0344888e-01   2.6999715e-02   5.7218146e-01  -8.4792670e-01   5.2803554e-01  -7.8260140e-01   8.3439006e-01  -7.8329377e-01   8.5780833e-01  -6.2822884e-01   7.8270127e-01  -5.5049713e-01   7.9609593e-01  -9.0774690e-01   4.6835424e-01  -4.5609208e-01   8.4837055e-01  -6.4835679e-01
   2.3763227e-02  -4.5062770e-01   4.2456281e-01  -7.4643845e-01   3.6797948e-01  -6.8682059e-01   7.0028023e-01  -9.0930390e-01   7.4558368e-01  -7.2863476e-01   6.7692737e-01  -5.6967491e-01   6.4471054e-01  -1.0000000e+00   3.9722189e-01  -2.0179498e-01   7.3067463e-01  -7.4575981e-01
  -2.0679927e-01  -7.7765566e-01   3.0713812e-01  -5.2213540e-01   2.4093473e-01  -4.7991358e-01   5.5899077e-01  -8.7276051e-01   6.2650701e-01  -7.1069575e-01   5.7619310e-01  -4.9541585e-01   4.9444330e-01  -8.9302194e-01   3.8389966e-01   7.5345007e-02   6.0691863e-01  -7.1974636e-01
  -5.1269783e-01  -8.5370236e-01   2.3889272e-01  -2.1635471e-01   1.6701090e-01  -2.0031950e-01   4.3603618e-01  -6.7872477e-01   5.1990407e-01  -5.7880605e-01   4.9774757e-01  -3.3354139e-01   3.7526829e-01  -6.0946174e-01   4.2658512e-01   3.1399001e-01   4.9759276e-01  -5.7570711e-01
  -7.9727454e-01  -6.6660487e-01   2.2967022e-01   1.1447572e-01   1.5634095e-01   9.9786444e-02   3.5306791e-01  -3.7037388e-01   4.4221876e-01  -3.6306886e-01   4.5552363e-01  -1.1327804e-01   3.1002620e-01  -2.1559472e-01   5.1179438e-01   4.6835102e-01   4.2003829e-01  -3.4525904e-01
  -9.7582307e-01  -2.8903386e-01   2.7864255e-01   4.1208621e-01   2.0751105e-01   3.6717360e-01   3.2276633e-01  -1.6135612e-02   4.0340966e-01  -1.1061835e-01   4.5634666e-01   1.2050480e-01   3.0899157e-01   1.9813204e-01   6.1871176e-01   5.1557070e-01   3.8466416e-01  -7.7816226e-02
  -1.0000000e+00   1.5513947e-01   3.7509394e-01   6.2727212e-01   3.0859032e-01   5.5809150e-01   3.4650938e-01   3.0923240e-01   4.0532210e-01   1.2739439e-01   4.9828901e-01   3.1987538e-01   3.6816546e-01   5.4152219e-01   7.2392131e-01   4.5372463e-01   3.9315757e-01   1.7244058e-01
  -8.7045848e-01   5.3439661e-01   5.0063651e-01   7.2687207e-01   4.3980307e-01   6.4456487e-01   4.1448622e-01   5.4182404e-01   4.4182428e-01   3.0740725e-01   5.7096255e-01   4.4496658e-01   4.7073042e-01   7.4565528e-01   8.0555485e-01   2.9819215e-01   4.3854658e-01   3.5897913e-01
  -6.3080890e-01   7.4499971e-01   6.3260074e-01   6.9705823e-01   5.7729550e-01   6.1637651e-01   5.0864079e-01   6.3982559e-01   5.0089263e-01   4.0064437e-01   6.5798723e-01   4.7131317e-01   5.9170067e-01   7.7440620e-01   8.4660955e-01   7.9590776e-02   5.0742608e-01   4.5104737e-01
  -3.5396394e-01   7.3512229e-01   7.4785024e-01   5.4767113e-01   6.9710679e-01   4.8349610e-01   6.0664668e-01   5.9241648e-01   5.6734952e-01   3.9852037e-01   7.4029787e-01   3.9606869e-01   7.0343805e-01   6.3166213e-01   8.3828648e-01  -1.5585813e-01   5.8297479e-01   4.3972777e-01
  -1.1969663e-01   5.1986881e-01   8.2737484e-01   3.1330633e-01   7.7968025e-01   2.7627161e-01   6.8727817e-01   4.2419027e-01   6.2650430e-01   3.1538748e-01   8.0066179e-01   2.4155365e-01   7.8217654e-01   3.6188219e-01   7.8287196e-01  -3.5282617e-01   6.4894702e-01   3.4055914e-01
   9.3261360e-03   1.7490089e-01   8.6022068e-01   4.5903339e-02   8.1366796e-01   3.9425146e-02   7.3553543e-01   1.8833988e-01   6.6763550e-01   1.8430097e-01   8.2801789e-01   5.0154325e-02   8.1355863e-01   3.8612993e-02   6.9405618e-01  -4.6219961e-01   6.9343314e-01   1.8875536e-01
   5.4836413e-03  -1.8963041e-01   8.4551404e-01  -1.9899544e-01   7.9795126e-01  -1.7892605e-01   7.4597601e-01  -4.9560333e-02   6.8628906e-01   4.6648192e-02   8.2016644e-01  -1.2827981e-01   7.9572206e-01  -2.5604205e-01   5.9388084e-01  -4.5756449e-01   7.1132248e-01   2.8318665e-02
  -1.1823228e-01  -4.6656162e-01   7.9169363e-01  -3.7654452e-01   7.4098879e-01  -3.3913535e-01   7.2302123e-01  -2.3125856e-01   6.8452542e-01  -6.0795571e-02   7.8365784e-01  -2.5164027e-01   7.3871019e-01  -4.5438542e-01   5.0671521e-01  -3.4352211e-01   7.0460777e-01  -1.0112769e-01
  -3.1525850e-01  -5.8386109e-01   7.1367073e-01  -4.6202725e-01   6.5808808e-01  -4.1828839e-01   6.7861645e-01  -3.2081466e-01   6.6933746e-01  -1.1578442e-01   7.3127829e-01  -2.9671769e-01   6.6090149e-01  -5.1968394e-01   4.5282438e-01  -1.5305314e-01   6.8080414e-01  -1.7432321e-01
  -5.2246220e-01  -5.2427708e-01   6.2869147e-01  -4.5443316e-01   5.6730477e-01  -4.1367216e-01   6.2801447e-01  -3.1206852e-01   6.4979024e-01  -1.1527051e-01   6.7792416e-01  -2.6407703e-01   5.8343602e-01  -4.5320923e-01   4.4328593e-01   6.3363219e-02   6.5004370e-01  -1.8527616e-01
  -6.8064136e-01  -3.2480800e-01   5.5223857e-01  -3.7306863e-01   4.8527949e-01  -3.4038151e-01   5.8521990e-01  -2.2598424e-01   6.3399272e-01  -7.3163799e-02   6.3637277e-01  -1.7478980e-01   5.2454691e-01  -2.8932927e-01   4.7788983e-01   2.5257194e-01   6.2192917e-01  -1.4557961e-01
  -7.5134051e-01  -5.9165697e-02   4.9505958e-01  -2.4913649e-01   4.2409485e-01  -2.2470216e-01   5.5951436e-01  -1.0042340e-01   6.2688597e-01  -1.3223146e-02   6.1426738e-01  -6.1407106e-02   4.9539886e-01  -8.2114157e-02   5.4603705e-01   3.7223006e-01   6.0311859e-01  -7.7967039e-02
  -7.2594371e-01   1.8881780e-01   4.6185551e-01  -1.1552804e-01   3.8967611e-01  -9.5891951e-02   5.5376708e-01   2.3245745e-02   6.2929707e-01   3.9747430e-02   6.1291871e-01   4.2949719e-02   4.9821214e-01   1.1152007e-01   6.3006420e-01   3.9962013e-01   5.9610351e-01  -7.9074641e-03
  -6.2423819e-01   3.5005445e-01   4.5182440e-01   1.0931712e-03   3.8199253e-01   2.0532710e-02   5.6490971e-01   1.1150331e-01   6.3844376e-01   6.7009335e-02   6.2813504e-01   1.1317070e-01   5.2710302e-01   2.4611025e-01   7.0984242e-01   3.3403682e-01   5.9944118e-01   4.3561443e-02
  -4.8575562e-01   3.8747270e-01   4.6022549e-01   8.4689938e-02   3.9633813e-01   1.0706479e-01   5.8575813e-01   1.4599181e-01   6.4929568e-01   6.0234668e-02   6.5221155e-01   1.3722627e-01   5.7063082e-01   2.9699905e-01   7.6731582e-01   1.9518738e-01   6.0889974e-01   6.4525467e-02
  -3.5638700e-01   3.0404027e-01   4.8046785e-01   1.3110004e-01   4.2530099e-01   1.5626054e-01   6.0766425e-01   1.2659645e-01   6.5643194e-01   2.3082252e-02   6.7656674e-01   1.1785067e-01   6.1540833e-01   2.6425693e-01   7.9039470e-01   1.8462513e-02   6.1917958e-01   5.4274341e-02
  -2.7397623e-01   1.3906859e-01   5.0618349e-01   1.4634963e-01   4.6094929e-01   1.7043024e-01   6.2330178e-01   6.9505346e-02   6.5591789e-01  -3.0557497e-02   6.9437050e-01   7.0278862e-02   6.4988161e-01   1.7021243e-01   7.7555900e-01  -1.5303534e-01   6.2574937e-01   2.2235443e-02
  -2.5755591e-01  -4.7278759e-02   5.3273427e-01   1.4241586e-01   4.9667555e-01   1.5885456e-01   6.2872680e-01   2.3031522e-04   6.4659428e-01  -8.1713320e-02   7.0234843e-01   1.6056473e-02   6.6719062e-01   5.0614040e-02   7.2838014e-01  -2.7893006e-01   6.2622030e-01  -1.6294467e-02
  -3.0362135e-01  -1.9438502e-01   5.5780938e-01   1.3216470e-01   5.2823538e-01   1.3370226e-01   6.2409496e-01  -5.5454476e-02   6.3035592e-01  -1.1281428e-01   7.0121752e-01  -2.4555127e-02   6.6631710e-01  -5.6997003e-02   6.6184051e-01  -3.3142910e-01   6.2083431e-01  -4.5782934e-02
  -3.8940010e-01  -2.6038246e-01   5.8117234e-01   1.2466575e-01   5.5392842e-01   1.0570864e-01   6.1305161e-01  -8.0007098e-02   6.1144730e-01  -1.1354620e-01   6.9482128e-01  -3.9319071e-02   6.5151419e-01  -1.2447717e-01   5.9285417e-01  -3.0228004e-01   6.1206918e-01  -5.5776663e-02
  -4.8217976e-01  -2.3332915e-01   6.0365928e-01   1.2242541e-01   5.7390536e-01   8.1085885e-02   6.0098309e-01  -6.8940928e-02   5.9497113e-01  -8.3807717e-02   6.8823863e-01  -2.7305780e-02   6.3019386e-01  -1.3998758e-01   5.3783693e-01  -2.0401831e-01   6.0348329e-01  -4.3919564e-02
  -5.5047447e-01  -1.3175080e-01   6.2594532e-01   1.2118842e-01   5.8906910e-01   6.0521510e-02   5.9294818e-01  -3.0833084e-02   5.8524958e-01  -3.3095284e-02   6.8572904e-01   1.9975512e-03   6.1026174e-01  -1.0910989e-01   5.0870177e-01  -6.5588806e-02   5.9834833e-01  -1.5939368e-02
  -5.7403407e-01   4.5170119e-03   6.4745672e-01   1.1242765e-01   5.9995278e-01   4.0488288e-02   5.9187220e-01   1.7055928e-02   5.8447858e-01   2.3183209e-02   6.8910317e-01   3.3158721e-02   5.9759438e-01  -5.0572513e-02   5.1012172e-01   7.6425947e-02   5.9846168e-01   1.7117420e-02
  -5.4865072e-01   1.2890408e-01   6.6600602e-01   8.7489885e-02   6.0615338e-01   1.6149301e-02   5.9777491e-01   5.5495586e-02   5.9222974e-01   6.8818055e-02   6.9723905e-01   5.0796360e-02   5.9465105e-01   1.1341739e-02   5.3908195e-01   1.8751507e-01   6.0365115e-01   4.3102527e-02
  -4.8618640e-01   2.0279757e-01   6.7813913e-01   4.1968255e-02   6.0636520e-01  -1.5440603e-02   6.0793835e-01   6.9923392e-02   6.0568734e-01   9.1681088e-02   7.0657338e-01   4.5093669e-02   6.0016828e-01   5.4874619e-02   5.8617866e-01   2.4375843e-01   6.1190973e-01   5.2922816e-02
  -4.0936435e-01   2.0624025e-01   6.8022233e-01  -2.1508235e-02   5.9906726e-01  -5.3186786e-02   6.1805755e-01   5.4932330e-02   6.2063298e-01   8.6972648e-02   7.1251578e-01   1.5045621e-02   6.1012569e-01   6.7062702e-02   6.3851650e-01   2.3666052e-01   6.2018499e-01   4.3338475e-02
  -3.4395241e-01   1.4260795e-01   6.6979088e-01  -9.2983158e-02   5.8346113e-01  -9.1575566e-02   6.2381538e-01   1.5678077e-02   6.3275390e-01   5.8270237e-02   7.1116723e-01  -3.1161449e-02   6.1939721e-01   4.6871605e-02   6.8315108e-01   1.7397112e-01   6.2544935e-01   1.7822878e-02
  -3.1057626e-01   3.5900750e-02   6.4668682e-01  -1.5765349e-01   5.6027794e-01  -1.2221031e-01   6.2239743e-01  -3.4246921e-02   6.3891066e-01   1.6018877e-02   7.0080898e-01  -7.8877360e-02   6.2358907e-01   4.3661206e-03   7.1023553e-01   7.6293193e-02   6.2572550e-01  -1.4802474e-02
  -3.1863271e-01  -7.7880104e-02   6.1358419e-01  -2.0007770e-01   5.3212620e-01  -1.3651139e-01   6.1347205e-01  -7.7479970e-02   6.3799952e-01  -2.5897200e-02   6.8269147e-01  -1.1177000e-01   6.2048430e-01  -4.3357379e-02   7.1514204e-01  -2.9120894e-02   6.2074790e-01  -4.3340698e-02
  -3.6392641e-01  -1.6318513e-01   5.7568244e-01  -2.0891868e-01   5.0321155e-01  -1.2874341e-01   5.9934573e-01  -9.8893823e-02   6.3117562e-01  -5.4693127e-02   6.6084633e-01  -1.1743584e-01   6.1071458e-01  -7.8441350e-02   6.9913095e-01  -1.1604005e-01   6.1206363e-01  -5.8048434e-02
  -4.3119364e-01  -1.9564722e-01   5.3959963e-01  -1.8017907e-01   4.7846490e-01  -9.8005207e-02   5.8417107e-01  -9.0272742e-02   6.2131174e-01  -6.2352485e-02   6.4090800e-01  -9.1301061e-02   5.9734660e-01  -8.7971533e-02   6.6833273e-01  -1.6546219e-01   6.0248899e-01  -5.3621058e-02
  -4.9937699e-01  -1.6865284e-01   5.1190663e-01  -1.1846578e-01   4.6242597e-01  -4.8866046e-02   5.7267475e-01  -5.2729594e-02   6.1205064e-01  -4.7683888e-02   6.2850244e-01  -3.8136030e-02   5.8482008e-01  -6.7735050e-02   6.3179504e-01  -1.6953244e-01   5.9523881e-01  -3.0736049e-02
  -5.4837947e-01  -9.4036864e-02   4.9761871e-01  -3.5969692e-02   4.5813815e-01   9.5139820e-03   5.6870646e-01   3.7865508e-03   6.0667361e-01  -1.6234720e-02   6.2758907e-01   2.9272246e-02   5.7749116e-01  -2.3095984e-02   5.9897685e-01  -1.3232912e-01   5.9293430e-01   4.2641788e-03
  -5.6522383e-01   3.2159863e-03   4.9902114e-01   5.0620006e-02   4.6634852e-01   6.5608184e-02   5.7403696e-01   6.3770972e-02   6.0711446e-01   2.1856482e-02   6.3924179e-01   9.3947020e-02   5.7822019e-01   3.3202527e-02   5.7732110e-01  -6.7467915e-02   5.9678089e-01   4.1470522e-02
  -5.4691451e-01   9.3402608e-02   5.1528974e-01   1.2397986e-01   4.8535175e-01   1.0817579e-01   5.8792943e-01   1.1066521e-01   6.1353228e-01   5.4988908e-02   6.6139766e-01   1.3930685e-01   5.8762152e-01   8.5110925e-02   5.7082495e-01   6.2395877e-03   6.0627367e-01   7.0287006e-02
  -5.0101758e-01   1.5126404e-01   5.4263646e-01   1.7020715e-01   5.1126412e-01   1.2897557e-01   6.0723589e-01   1.3160590e-01   6.2426033e-01   7.3458105e-02   6.8924095e-01   1.5373677e-01   6.0379224e-01   1.1798597e-01   5.7927460e-01   6.9914696e-02   6.1926114e-01   8.2470575e-02
  -4.4223566e-01   1.6287642e-01   5.7531548e-01   1.8174577e-01   5.3895282e-01   1.2458497e-01   6.2735612e-01   1.2080283e-01   6.3641101e-01   7.1995763e-02   7.1653197e-01   1.3345817e-01   6.2296366e-01   1.2263795e-01   5.9889959e-01   1.0920862e-01   6.3259834e-01   7.4302508e-02
  -3.8777101e-01   1.2869123e-01   6.0689823e-01   1.5879041e-01   5.6313928e-01   9.7104544e-02   6.4343935e-01   8.0922875e-02   6.4668963e-01   5.0983774e-02   7.3713716e-01   8.3395403e-02   6.4051858e-01   9.7618689e-02   6.2363215e-01   1.1728828e-01   6.4296826e-01   4.7493678e-02
  -3.5229883e-01   6.2350266e-02   6.3164370e-01   1.0885465e-01   5.7951580e-01   5.3546148e-02   6.5163285e-01   2.2195955e-02   6.5228844e-01   1.6129266e-02   7.4651995e-01   1.5809628e-02   6.5220919e-01   4.9367123e-02   6.4680627e-01   9.5757093e-02   6.4773907e-01   8.6405670e-03
  -3.4359362e-01  -1.4421258e-02   6.4575879e-01   4.4555565e-02   5.8570522e-01   3.9650112e-03   6.5014567e-01  -4.0637989e-02   6.5169299e-01  -2.3363292e-02   7.4293422e-01  -5.3135785e-02   6.5534415e-01  -9.8357369e-03   6.6298188e-01   5.3439624e-02   6.4570043e-01  -3.2700116e-02
  -3.6132180e-01  -7.9079698e-02   6.4791585e-01  -1.9766763e-02   5.8154852e-01  -4.1091092e-02   6.3952006e-01  -9.2535733e-02   6.4495615e-01  -5.7561236e-02   7.2761520e-01  -1.0770762e-01   6.4932230e-01  -6.5600468e-02   6.6903586e-01   3.1496602e-03   6.3726149e-01  -6.6702608e-02
  -3.9773239e-01  -1.1481786e-01   6.3931996e-01  -7.1413306e-02   5.6899792e-01  -7.3014532e-02   6.2242801e-01  -1.2204160e-01   6.3363882e-01  -7.8453373e-02   7.0439841e-01  -1.3651968e-01   6.3571837e-01  -1.0521588e-01   6.6470473e-01  -4.1883341e-02   6.2432255e-01  -8.5790831e-02
  -4.4071202e-01  -1.1495658e-01   6.2313045e-01  -1.0202596e-01   5.5147614e-01  -8.6935083e-02   6.0286118e-01  -1.2399064e-01   6.2031073e-01  -8.1912223e-02   6.7862099e-01  -1.3508959e-01   6.1774725e-01  -1.2078292e-01   6.5228207e-01  -7.1422492e-02   6.0972530e-01  -8.6429455e-02
  -4.7774212e-01  -8.3702266e-02   6.0352541e-01  -1.0883651e-01   5.3297824e-01  -8.2373947e-02   5.8506506e-01  -1.0019398e-01   6.0784199e-01  -6.8346456e-02   6.5575654e-01  -1.0629131e-01   5.9937064e-01  -1.1066697e-01   6.3571911e-01  -8.0328005e-02   5.9651645e-01  -6.9637043e-02
