   1.0691765e-01   4.9045650e-01   1.8665112e-02   3.8211327e-01   8.8430311e-02   6.7115681e-01   1.9258776e-01   6.2108032e-01   4.4706826e-02   7.4614351e-02   1.1978442e-01   2.5683798e-01   1.6040125e-01   4.8262797e-01   8.8237504e-02   1.6622299e-01   7.0793062e-03   4.6979039e-01
   1.4456954e-01  -2.6009737e-01   1.3530259e-01   7.5452564e-01   2.5250707e-01   9.2265283e-01   2.8172993e-01   8.4235540e-01   9.1607340e-02   4.7847218e-01   1.9045337e-01   6.3300548e-01   2.6017899e-01   8.1098149e-01   1.7728151e-01   6.4638897e-01   1.1893964e-01   7.8341104e-01
  -5.0078464e-02  -8.1396687e-01   3.1101733e-01   9.6465699e-01   4.4982251e-01   1.0000000e+00   3.8834350e-01   9.2538539e-01   1.9603456e-01   7.7154195e-01   3.0956722e-01   8.8039198e-01   3.9684080e-01   9.7455652e-01   3.4950402e-01   9.3727625e-01   2.7355020e-01   9.5730130e-01
  -3.7574352e-01  -1.0000000e+00   5.1127610e-01   1.0000000e+00   6.4636304e-01   9.2049720e-01   5.0001707e-01   9.3716108e-01   3.3888329e-01   9.4510189e-01   4.5707536e-01   1.0000000e+00   5.4734320e-01   1.0000000e+00   5.5943175e-01   1.0000000e+00   4.4688517e-01   1.0000000e+00
  -6.9664433e-01  -7.9656648e-01   7.0277933e-01   8.8351711e-01   8.1437767e-01   7.2577136e-01   6.1125668e-01   9.2265407e-01   5.0046589e-01   1.0000000e+00   6.1374470e-01   9.9999064e-01   6.9338674e-01   9.2069494e-01   7.5988745e-01   8.5597934e-01   6.1781924e-01   9.3425691e-01
  -8.9642345e-01  -3.2853573e-01   8.5901484e-01   6.5617306e-01   9.3525309e-01   4.6124418e-01   7.1974624e-01   8.8952531e-01   6.6176952e-01   9.4337180e-01   7.6172461e-01   8.8958469e-01   8.2128162e-01   7.6298843e-01   9.1307920e-01   5.6716088e-01   7.6962050e-01   7.8577022e-01
  -9.1542146e-01   2.1520876e-01   9.6176753e-01   3.5721001e-01   9.9860421e-01   1.6164611e-01   8.2206842e-01   8.1305255e-01   8.0541280e-01   7.8777127e-01   8.8463606e-01   6.7864600e-01   9.2051066e-01   5.4253041e-01   9.9587716e-01   2.0554936e-01   8.8971728e-01   5.7546462e-01
  -7.5908787e-01   6.5873745e-01   1.0000000e+00   1.9465022e-02   1.0000000e+00  -1.4737037e-01   9.1076802e-01   6.5521383e-01   9.1650282e-01   5.5107253e-01   9.6789558e-01   3.8175102e-01   9.8238244e-01   2.6961768e-01   1.0000000e+00  -1.6257907e-01   9.6871453e-01   3.1938151e-01
  -4.8618563e-01   8.7211929e-01   9.6931729e-01  -3.2197645e-01   9.4018587e-01  -4.3838244e-01   9.7431440e-01   3.9005436e-01   9.8360069e-01   2.5762804e-01   1.0000000e+00   2.5020860e-02   1.0000000e+00  -4.0396724e-02   9.3060171e-01  -4.7638962e-01   1.0000000e+00   3.4418740e-02
  -1.8980260e-01   7.8968846e-01   8.7337090e-01  -6.2137618e-01   8.2635161e-01  -6.7463282e-01   1.0000000e+00   2.6374386e-02   1.0000000e+00  -5.8782078e-02   9.7485043e-01  -3.4707848e-01   9.6984922e-01  -3.5679775e-01   8.0531451e-01  -6.7967389e-01   9.8053029e-01  -2.5463778e-01
   2.8802582e-02   4.3739281e-01   7.2591496e-01  -8.2589678e-01   6.7385968e-01  -8.1393404e-01   9.7883996e-01  -3.8060543e-01   9.6546068e-01  -3.5306465e-01   8.9476494e-01  -6.7079665e-01   8.9448717e-01  -6.2967096e-01   6.5244601e-01  -7.3171922e-01   9.1258054e-01  -5.1160766e-01
   9.5319942e-02  -6.4468899e-02   5.5067708e-01  -8.9250941e-01   5.0589688e-01  -8.2393122e-01   9.1085408e-01  -7.4207457e-01   8.8778778e-01  -5.7533459e-01   7.7274711e-01  -8.7698937e-01   7.8492464e-01  -8.0105630e-01   5.0564490e-01  -6.2426515e-01   8.0547201e-01  -6.9474067e-01
  -1.3437470e-02  -5.4616095e-01   3.7754331e-01  -8.0501792e-01   3.4989306e-01  -6.9683774e-01   8.0696665e-01  -9.6825831e-01   7.8239374e-01  -6.8478553e-01   6.3137398e-01  -9.1427818e-01   6.6013119e-01  -8.2618049e-01   3.9625018e-01  -3.8795051e-01   6.7535855e-01  -7.6959296e-01
  -2.6200557e-01  -8.5060075e-01   2.3632123e-01  -5.8031932e-01   2.3187154e-01  -4.5410177e-01   6.8731232e-01  -1.0000000e+00   6.6971441e-01  -6.6318411e-01   4.9852557e-01  -7.6832353e-01   5.4368173e-01  -6.9127239e-01   3.4553662e-01  -8.3822565e-02   5.4289656e-01  -7.2099973e-01
  -5.7068917e-01  -8.8532972e-01   1.5044455e-01  -2.6384661e-01   1.7094245e-01  -1.4152799e-01   5.7619055e-01  -8.2865764e-01   5.7080842e-01  -5.2178106e-01   4.0088732e-01  -4.6922415e-01   4.5834798e-01  -4.2120789e-01   3.6020607e-01   2.1491410e-01   4.2920763e-01  -5.5943090e-01
  -8.4335151e-01  -6.5089515e-01   1.3225535e-01   8.2217108e-02   1.7536511e-01   1.8194845e-01   4.9568171e-01  -4.9901063e-01   5.0252771e-01  -2.9918090e-01   3.5733050e-01  -8.5120993e-02   4.2042642e-01  -7.4958938e-02   4.3186971e-01   4.4320284e-01   3.5134824e-01  -3.1981165e-01
  -1.0000000e+00  -2.3315677e-01   1.8120831e-01   3.9462254e-01   2.4135651e-01   4.5869564e-01   4.6000463e-01  -9.2719816e-02   4.7384291e-01  -4.9540808e-02   3.7437184e-01   2.9760810e-01   4.3570156e-01   2.7126568e-01   5.4060233e-01   5.5888684e-01   3.1871677e-01  -5.1983272e-02
  -9.9898341e-01   2.3434864e-01   2.8509776e-01   6.2126861e-01   3.5464770e-01   6.4325492e-01   4.7283266e-01   2.9651864e-01   4.8467556e-01   1.7220068e-01   4.4533999e-01   5.9683652e-01   4.9856049e-01   5.4386845e-01   6.6030905e-01   5.4602826e-01   3.3170636e-01   1.9194885e-01
  -8.4778080e-01   6.1492514e-01   4.2291747e-01   7.2848795e-01   4.9347971e-01   7.0852913e-01   5.2683259e-01   5.8480838e-01   5.2656976e-01   3.2245052e-01   5.5216225e-01   7.5247057e-01   5.9335221e-01   6.8773239e-01   7.6421096e-01   4.1349228e-01   3.8209086e-01   3.6884511e-01
  -5.9544344e-01   8.0573165e-01   5.6906035e-01   7.0380387e-01   6.3271578e-01   6.4783761e-01   6.0620007e-01   7.1429737e-01   5.8544525e-01   3.7618965e-01   6.6995806e-01   7.3643203e-01   6.9824672e-01   6.7581161e-01   8.2973570e-01   1.9161257e-01   4.5551312e-01   4.5185414e-01
  -3.1742077e-01   7.6169355e-01   6.9773074e-01   5.5874515e-01   7.4807539e-01   4.7713413e-01   6.9038116e-01   6.6616395e-01   6.4492414e-01   3.3168183e-01   7.7233141e-01   5.5893329e-01   7.8982751e-01   5.1581704e-01   8.4288865e-01  -6.9251280e-02   5.3467561e-01   4.3542345e-01
  -9.2587973e-02   5.0867623e-01   7.8792214e-01   3.2851201e-01   8.2081634e-01   2.3426270e-01   7.5933919e-01   4.6785237e-01   6.9040340e-01   2.1168403e-01   8.3756083e-01   2.6873013e-01   8.4863493e-01   2.5145946e-01   8.0197534e-01  -3.0644572e-01   6.0334698e-01   3.3685208e-01
   2.0282954e-02   1.3302014e-01   8.2747126e-01   6.4130833e-02   8.4143797e-01  -2.8975645e-02   7.9873244e-01   1.8442654e-01   7.1263415e-01   5.6840637e-02   8.5375730e-01  -5.9083169e-02   8.6389740e-01  -4.8504875e-02   7.1846962e-01  -4.6140641e-01   6.4997994e-01   1.9082876e-01
  -1.1596716e-03  -2.4787690e-01   8.1503923e-01  -1.8038408e-01   8.1130922e-01  -2.5954147e-01   8.0327188e-01  -1.0222425e-01   7.0973252e-01  -8.6607870e-02   8.2146145e-01  -3.4381224e-01   8.3595509e-01  -3.0969013e-01   6.1429743e-01  -4.9749035e-01   6.6991000e-01   3.8927408e-02
  -1.3909304e-01  -5.2448783e-01   7.5926927e-01  -3.6116909e-01   7.4148696e-01  -4.1608396e-01   7.7713956e-01  -3.1865844e-01   6.8687381e-01  -1.8074752e-01   7.5263091e-01  -5.2161537e-01   7.7539131e-01  -4.7317876e-01   5.1575060e-01  -4.1055565e-01   6.6543956e-01  -8.2421551e-02
  -3.4388972e-01  -6.2721076e-01   6.7583420e-01  -4.5340131e-01   6.4946548e-01  -4.7749338e-01   7.3178598e-01  -4.1947234e-01   6.5408031e-01  -2.0595265e-01   6.6678007e-01  -5.6112402e-01   6.9956466e-01  -5.1011960e-01   4.4652800e-01  -2.2865034e-01   6.4413826e-01  -1.5081325e-01
  -5.5160559e-01  -5.4473898e-01   5.8314357e-01  -4.5477255e-01   5.5466385e-01  -4.4583510e-01   6.8185501e-01  -3.9743157e-01   6.2278782e-01  -1.6475897e-01   5.8533073e-01  -4.6919232e-01   6.2751959e-01  -4.2707531e-01   4.2170701e-01  -2.4258924e-03   6.1594042e-01  -1.6193537e-01
  -7.0461172e-01  -3.2144344e-01   4.9798308e-01  -3.8228363e-01   4.7396509e-01  -3.4255751e-01   6.4063459e-01  -2.8003427e-01   6.0236665e-01  -7.8146184e-02   5.2596349e-01  -2.8449657e-01   5.7490647e-01  -2.5994319e-01   4.4452599e-01   2.1043960e-01   5.9002974e-01  -1.2749702e-01
  -7.6702506e-01  -3.7270127e-02   4.3252030e-01  -2.6437419e-01   4.1873863e-01  -2.0019835e-01   6.1682139e-01  -1.1566618e-01   5.9788287e-01   2.3190789e-02   4.9893268e-01  -6.3044899e-02   5.5070243e-01  -6.0273438e-02   5.0665913e-01   3.6024304e-01   5.7265616e-01  -6.8839702e-02
  -7.3346131e-01   2.2005110e-01   3.9270866e-01  -1.3172383e-01   3.9333450e-01  -5.2811839e-02   6.1281185e-01   4.3769860e-02   6.0914102e-01   1.0885438e-01   5.0538237e-01   1.3866181e-01   5.5576968e-01   1.2047244e-01   5.9103829e-01   4.1677957e-01   5.6596044e-01  -9.1598239e-03
  -6.2601462e-01   3.8046695e-01   3.7880355e-01  -1.0288234e-02   3.9579691e-01   7.1416577e-02   6.2542469e-01   1.5714793e-01   6.3159315e-01   1.5647760e-01   5.3865831e-01   2.7692878e-01   5.8411265e-01   2.4311190e-01   6.7670324e-01   3.7313168e-01   5.6840046e-01   3.2875255e-02
  -4.8548978e-01   4.0894054e-01   3.8665458e-01   8.2771647e-02   4.1944778e-01   1.5481103e-01   6.4764873e-01   2.0306094e-01   6.5799121e-01   1.5644528e-01   5.8685875e-01   3.2933581e-01   6.2521708e-01   2.8828657e-01   7.4367526e-01   2.4536514e-01   5.7585396e-01   4.7226959e-02
  -3.5752306e-01   3.1276520e-01   4.0969199e-01   1.4057967e-01   4.5528135e-01   1.9210262e-01   6.7129090e-01   1.8313074e-01   6.8068235e-01   1.1338458e-01   6.3649395e-01   2.9783834e-01   6.6733809e-01   2.5898301e-01   7.7746078e-01   6.7860667e-02   5.8333491e-01   3.4111060e-02
  -2.7844848e-01   1.3581579e-01   4.4094666e-01   1.6554346e-01   4.9442846e-01   1.8931374e-01   6.8960479e-01   1.1850548e-01   6.9382453e-01   4.3771426e-02   6.7612160e-01   2.0546665e-01   7.0071257e-01   1.7712980e-01   7.7213231e-01  -1.1505663e-01   5.8672756e-01   2.6292419e-03
  -2.6547374e-01  -5.8158063e-02   4.7461540e-01   1.6635059e-01   5.3006784e-01   1.6002782e-01   6.9908321e-01   4.0692375e-02   6.9487052e-01  -2.9792525e-02   6.9894295e-01   8.7521086e-02   7.1978875e-01   7.5180160e-02   7.3127880e-01  -2.5976244e-01   5.8400755e-01  -3.3141930e-02
  -3.1341021e-01  -2.0696809e-01   5.0693448e-01   1.5393533e-01   5.5845751e-01   1.2024807e-01   7.0002475e-01  -1.9978299e-02   6.8499819e-01  -8.5806789e-02   7.0384871e-01  -1.9860668e-02   7.2403247e-01  -1.4569237e-02   6.6673683e-01  -3.3394565e-01   5.7568260e-01  -5.9227297e-02
  -3.9864312e-01  -2.6939306e-01   5.3622765e-01   1.3742178e-01   5.7890597e-01   8.3246103e-02   6.9576489e-01  -4.4599120e-02   6.6838182e-01  -1.1036081e-01   6.9471195e-01  -9.0332171e-02   7.1715606e-01  -6.9685431e-02   5.9528546e-01  -3.2442830e-01   5.6435847e-01  -6.6412984e-02
  -4.8865347e-01  -2.3577948e-01   5.6221675e-01   1.2134815e-01   5.9281047e-01   5.6098221e-02   6.9091591e-01  -3.0912273e-02   6.5059154e-01  -1.0056531e-01   6.7828674e-01  -1.1352857e-01   7.0513189e-01  -8.2954961e-02   5.3419704e-01  -2.3953859e-01   5.5362582e-01  -5.2822402e-02
  -5.5312498e-01  -1.2753029e-01   5.8499381e-01   1.0493121e-01   6.0227455e-01   3.8798936e-02   6.8938655e-01   7.7190786e-03   6.3676631e-01  -6.4189285e-02   6.6163093e-01  -9.5499472e-02   6.9384861e-01  -6.2228814e-02   4.9694973e-01  -1.0563348e-01   5.4674991e-01  -2.3807171e-02
  -5.7315880e-01   1.3094509e-02   6.0406960e-01   8.3601036e-02   6.0881477e-01   2.6040668e-02   6.9285665e-01   4.8758408e-02   6.3012123e-01  -1.6041409e-02   6.4986841e-01  -5.3990888e-02   6.8716409e-01  -2.5424174e-02   4.9019271e-01   4.1019490e-02   5.4559225e-01   1.0537988e-02
  -5.4589818e-01   1.3813748e-01   6.1791401e-01   5.2130493e-02   6.1262975e-01   1.0712180e-02   7.0021794e-01   6.9529445e-02   6.3121737e-01   2.7282984e-02   6.4494788e-01  -1.0917307e-02   6.8594450e-01   6.9591039e-03   5.1270298e-01   1.6418686e-01   5.5010110e-01   3.9096012e-02
  -4.8389733e-01   2.0884656e-01   6.2416910e-01   8.0531273e-03   6.1261530e-01  -1.2365346e-02   7.0806963e-01   5.5599251e-02   6.3809400e-01   5.2530327e-02   6.4559078e-01   1.5259306e-02   6.8823100e-01   1.9114354e-02   5.5636615e-01   2.3663121e-01   5.5845524e-01   5.3367390e-02
  -4.0986567e-01   2.0654473e-01   6.2047055e-01  -4.6014990e-02   6.0705304e-01  -4.3810494e-02   7.1206467e-01   6.0123634e-03   6.4715423e-01   5.3483389e-02   6.4830711e-01   1.5167310e-02   6.9037231e-01   4.9557539e-03   6.0880032e-01   2.4604032e-01   5.6777196e-01   5.0016481e-02
  -3.4879810e-01   1.3665297e-01   6.0552713e-01  -1.0218037e-01   5.9463033e-01  -7.9092845e-02   7.0859435e-01  -6.6284702e-02   6.5446586e-01   3.2250268e-02   6.4902404e-01  -9.3468156e-03   6.8864562e-01  -3.0510768e-02   6.5677722e-01   1.9662327e-01   5.7510558e-01   3.1600919e-02
  -3.2010744e-01   2.5424204e-02   5.8000896e-01  -1.4918970e-01   5.7535605e-01  -1.0995177e-01   6.9622128e-01  -1.3864054e-01   6.5704495e-01  -1.9728712e-03   6.4472777e-01  -4.6782419e-02   6.8077928e-01  -7.3480045e-02   6.8948789e-01   1.0652048e-01   5.7839470e-01   5.4487869e-03
  -3.3168081e-01  -8.9833141e-02   5.4692532e-01  -1.7583292e-01   5.5106979e-01  -1.2728841e-01   6.7645103e-01  -1.8643241e-01   6.5380613e-01  -3.6354778e-02   6.3468230e-01  -8.0736472e-02   6.6696262e-01  -1.0663634e-01   7.0101551e-01   1.7601656e-03   5.7711445e-01  -1.9010861e-02
  -3.7854097e-01  -1.7310262e-01   5.1122401e-01  -1.7436005e-01   5.2525092e-01  -1.2427266e-01   6.5341000e-01  -1.9111274e-01   6.4575173e-01  -5.8705668e-02   6.2065460e-01  -9.5864123e-02   6.4984384e-01  -1.1522977e-01   6.9110255e-01  -9.0987784e-02   5.7232659e-01  -3.3370765e-02
  -4.4502174e-01  -2.0081508e-01   4.7885209e-01  -1.4298422e-01   5.0232949e-01  -9.8754410e-02   6.3277153e-01  -1.4639526e-01   6.3558375e-01  -6.1293465e-02   6.0638024e-01  -8.3165113e-02   6.3379178e-01  -9.2144898e-02   6.6466479e-01  -1.5107661e-01   5.6628763e-01  -3.2910858e-02
  -5.1046997e-01  -1.6800009e-01   4.5543602e-01  -8.6602592e-02   4.8660270e-01  -5.4162543e-02   6.2009865e-01  -6.0252329e-02   6.2674737e-01  -4.2904122e-02   5.9628962e-01  -4.2792145e-02   6.2350298e-01  -4.0160479e-02   6.2995021e-01  -1.6813210e-01   5.6164830e-01  -1.7879485e-02
  -5.5585141e-01  -8.8187785e-02   4.4501229e-01  -1.5738114e-02   4.8114997e-01   1.2111686e-03   6.1923360e-01   4.7384498e-02   6.2233438e-01  -8.7718806e-03   5.9406543e-01   1.6189731e-02   6.2253584e-01   2.8957130e-02   5.9616658e-01  -1.4329417e-01   5.6058611e-01   6.8239241e-03
  -5.6911520e-01   1.2260924e-02   4.4915962e-01   5.5887174e-02   4.8706801e-01   5.6230482e-02   6.3122638e-01   1.5021678e-01   6.2419175e-01   3.1358174e-02   6.0149931e-01   7.8722912e-02   6.3223719e-01   9.7978585e-02   5.7123505e-01  -8.7496587e-02   5.6414602e-01   3.3322707e-02
  -5.4848131e-01   1.0295467e-01   4.6660511e-01   1.1450124e-01   5.0311170e-01   9.9645354e-02   6.5391638e-01   2.2277139e-01   6.3236448e-01   6.6217710e-02   6.1782445e-01   1.2820084e-01   6.5120719e-01   1.4913029e-01   5.5996621e-01  -1.7800424e-02   5.7188172e-01   5.3179660e-02
  -5.0191181e-01   1.5880774e-01   4.9358639e-01   1.4936021e-01   5.2600196e-01   1.2282411e-01   6.8252148e-01   2.4713626e-01   6.4516088e-01   8.6264834e-02   6.3991322e-01   1.5124357e-01   6.7566447e-01   1.6903633e-01   5.6335136e-01   4.7483306e-02   5.8201766e-01   5.9881218e-02
  -4.4415220e-01   1.6665662e-01   5.2467524e-01   1.5498051e-01   5.5114685e-01   1.2171907e-01   7.1079563e-01   2.1738631e-01   6.5963286e-01   8.6133184e-02   6.6304512e-01   1.4123447e-01   7.0036246e-01   1.5217415e-01   5.7875283e-01   9.3173732e-02   5.9193652e-01   5.0600826e-02
  -3.9195531e-01   1.2829872e-01   5.5397021e-01   1.3223082e-01   5.7368515e-01   9.7785116e-02   7.3259004e-01   1.4108151e-01   6.7239173e-01   6.5976016e-02   6.8212511e-01   1.0013310e-01   7.1991936e-01   1.0236588e-01   6.0094424e-01   1.1062916e-01   5.9891353e-01   2.6995980e-02
  -3.5894530e-01   5.8629747e-02   5.7638042e-01   8.7802243e-02   5.8959571e-01   5.7410429e-02   7.4340172e-01   3.6915329e-02   6.8053838e-01   3.1142080e-02   6.9302687e-01   3.7734586e-02   7.3020595e-01   3.1537967e-02   6.2373538e-01   9.9149758e-02   6.0089411e-01  -5.3537473e-03
  -3.5238851e-01  -1.9802517e-02   5.8852413e-01   3.2352905e-02   5.9644300e-01   1.0166710e-02   7.4128862e-01  -7.0340355e-02   6.8231529e-01  -9.5487278e-03   6.9349962e-01  -3.1156819e-02   7.2922167e-01  -4.3587406e-02   6.4148461e-01   6.5090377e-02   5.9698699e-01  -3.8549924e-02
  -3.7106870e-01  -8.4183265e-02   5.8943506e-01  -2.2192290e-02   5.9392844e-01  -3.3674626e-02   7.2742233e-01  -1.5656187e-01   6.7760173e-01  -4.6360183e-02   6.8382435e-01  -9.0805171e-02   7.1767729e-01  -1.0605732e-01   6.5058307e-01   1.9647814e-02   5.8778987e-01  -6.4600495e-02
  -4.0710832e-01  -1.1813038e-01   5.8036762e-01  -6.5428031e-02   5.8363139e-01  -6.5603587e-02   7.0543002e-01  -2.0418183e-01   6.6771945e-01  -7.1280367e-02   6.6645356e-01  -1.2863291e-01   6.9850817e-01  -1.4295998e-01   6.4991274e-01  -2.4793333e-02   5.7510960e-01  -7.7523113e-02
  -4.4859680e-01  -1.1573734e-01   5.6435671e-01  -9.0549109e-02   5.6853997e-01  -8.0629256e-02   6.8047455e-01  -2.0600704e-01   6.5505263e-01  -7.9850096e-02   6.4538104e-01  -1.3804193e-01   6.7613111e-01  -1.4827462e-01   6.4086551e-01  -5.7724416e-02   5.6153341e-01  -7.4739399e-02
  -4.8357543e-01  -8.2178180e-02   5.4533789e-01  -9.5393491e-02   5.5221531e-01  -7.8028593e-02   6.5788756e-01  -1.6604995e-01   6.4236086e-01  -7.1903947e-02   6.2506747e-01  -1.1949669e-01   6.5527230e-01  -1.2373096e-01   6.2664176e-01  -7.2889975e-02   5.4975749e-01  -5.7487960e-02
