   1.9186263e-01   3.9881327e-01   1.5667652e-01   7.7887589e-01   1.3388322e-01   1.7286290e-01   1.4745989e-02   5.8079321e-01   1.0414315e-02   3.0501280e-01   5.1599811e-02   3.7138352e-01   1.8429201e-01   8.9729816e-01   1.9793180e-01   2.8920243e-01   5.0527321e-03   5.0109750e-01
   2.0231804e-01  -3.2745547e-01   3.3589405e-01   9.8255824e-01   2.0011818e-01   5.9547515e-01   1.3295507e-01   8.4823364e-01   8.7493917e-02   6.3625339e-01   1.4326410e-01   6.9593202e-01   3.5735978e-01   1.0000000e+00   2.9477627e-01   7.3686155e-01   1.1956179e-01   8.0007638e-01
  -2.8276090e-02  -8.4633640e-01   5.3702812e-01   1.0000000e+00   3.2604222e-01   8.7763082e-01   2.8305015e-01   9.7761337e-01   2.0906810e-01   8.5907631e-01   2.8017967e-01   9.0621933e-01   5.3337276e-01   9.4142068e-01   4.5598878e-01   9.8145444e-01   2.7392269e-01   9.6241905e-01
  -3.8834393e-01  -1.0000000e+00   7.2516632e-01   8.6014377e-01   4.8598993e-01   1.0000000e+00   4.4502867e-01   1.0000000e+00   3.5801239e-01   9.7810795e-01   4.4273942e-01   1.0000000e+00   6.8964981e-01   7.9158684e-01   6.4123548e-01   1.0000000e+00   4.4528734e-01   1.0000000e+00
  -7.3313688e-01  -7.7689873e-01   8.7395055e-01   6.1565119e-01   6.5357209e-01   9.7186540e-01   6.0400453e-01   9.4456595e-01   5.1820022e-01   1.0000000e+00   6.1153309e-01   9.8082918e-01   8.1549967e-01   6.0998580e-01   8.1132626e-01   8.2557193e-01   6.1399855e-01   9.3586391e-01
  -9.4181442e-01  -3.0544702e-01   9.6781175e-01   3.1805095e-01   8.0549253e-01   8.1806506e-01   7.4882041e-01   8.2718659e-01   6.7446737e-01   9.3019660e-01   7.6793203e-01   8.5430272e-01   9.0856997e-01   4.2911571e-01   9.3659141e-01   5.2350117e-01   7.6453185e-01   7.9327880e-01
  -9.5536395e-01   2.2947795e-01   1.0000000e+00   3.4907206e-03   9.2287102e-01   5.6478536e-01   8.6972595e-01   6.5017429e-01   8.1255235e-01   7.7502952e-01   8.9448592e-01   6.2927629e-01   9.6985953e-01   2.5521874e-01   1.0000000e+00   1.6259935e-01   8.8491829e-01   5.8977529e-01
  -7.8250766e-01   6.5863722e-01   9.6978064e-01  -3.0234809e-01   9.9105323e-01   2.3672676e-01   9.5681060e-01   4.1040408e-01   9.1949142e-01   5.4451938e-01   9.7577111e-01   3.2156433e-01   1.0000000e+00   7.9119189e-02   9.9643375e-01  -1.9625718e-01   9.6578884e-01   3.3824716e-01
  -4.8836461e-01   8.5865266e-01   8.8157024e-01  -5.7114414e-01   1.0000000e+00  -1.3380272e-01   1.0000000e+00   1.1244748e-01   9.8440746e-01   2.5563781e-01   1.0000000e+00  -4.0438621e-02   9.9751663e-01  -1.0924156e-01   9.3146824e-01  -4.9714383e-01   1.0000000e+00   5.3324215e-02
  -1.7269250e-01   7.6970993e-01   7.4637367e-01  -7.6563627e-01   9.4644659e-01  -4.9758109e-01   9.9150537e-01  -2.1924597e-01   1.0000000e+00  -6.3589764e-02   9.6161260e-01  -4.1085838e-01   9.6020678e-01  -3.0708285e-01   8.2064210e-01  -6.8774179e-01   9.8365337e-01  -2.4132612e-01
   5.8314779e-02   4.2225771e-01   5.8300589e-01  -8.4728215e-01   8.3680859e-01  -7.9011048e-01   9.2953642e-01  -5.3533978e-01   9.6458987e-01  -3.7104905e-01   8.6432476e-01  -7.2648862e-01   8.8817177e-01  -4.9077492e-01   6.8801874e-01  -7.3039984e-01   9.1805661e-01  -5.0901258e-01
   1.2755491e-01  -6.3660704e-02   4.1673552e-01  -7.9306539e-01   6.8849442e-01  -9.4912359e-01   8.2171511e-01  -7.7270171e-01   8.8409809e-01  -6.1620520e-01   7.2314253e-01  -9.2045793e-01   7.8732798e-01  -6.2116773e-01   5.6197250e-01  -6.1833211e-01   8.1166341e-01  -7.0572405e-01
   1.3591345e-02  -5.2382503e-01   2.7475645e-01  -6.0738730e-01   5.2758453e-01  -9.3661345e-01   6.8556574e-01  -8.7664307e-01   7.7232473e-01  -7.5429109e-01   5.6308930e-01  -9.4469078e-01   6.7084927e-01  -6.5972086e-01   4.6865083e-01  -3.8165386e-01   6.8022125e-01  -7.9363650e-01
  -2.4463694e-01  -8.0959580e-01   1.8056297e-01  -3.2229316e-01   3.8353406e-01  -7.5152934e-01   5.4542603e-01  -8.2034726e-01   6.4880052e-01  -7.6059467e-01   4.1438299e-01  -7.8775687e-01   5.5750217e-01  -5.8469791e-01   4.2588819e-01  -7.8903175e-02   5.4451302e-01  -7.5402531e-01
  -5.6309597e-01  -8.3662244e-01   1.4906124e-01   1.0210117e-02   2.8269028e-01  -4.3108129e-01   4.2693483e-01  -6.1535505e-01   5.3475939e-01  -6.3937186e-01   3.0548443e-01  -4.8179132e-01   4.6758088e-01  -4.0189016e-01   4.3939942e-01   2.1977053e-01   4.2629032e-01  -5.9502364e-01
  -8.4218523e-01  -6.0892969e-01   1.8380788e-01   3.3043786e-01   2.4258889e-01  -4.1283047e-02   3.5084316e-01  -3.0941472e-01   4.4842727e-01  -4.2335994e-01   2.5623335e-01  -9.5193154e-02   4.1774874e-01  -1.4562058e-01   5.0241043e-01   4.5084414e-01   3.4359211e-01  -3.5103990e-01
  -1.0000000e+00  -2.1165205e-01   2.7674348e-01   5.8448698e-01   2.6836777e-01   3.4041538e-01   3.2804124e-01   2.7852763e-02   4.0105312e-01  -1.6378293e-01   2.7307990e-01   2.8677608e-01   4.1656126e-01   1.3082112e-01   5.9813161e-01   5.7094955e-01   3.0680302e-01  -7.3455640e-02
  -9.9623752e-01   2.2785529e-01   4.1044849e-01   7.3321142e-01   3.5253070e-01   6.4335380e-01   3.5771403e-01   3.2515608e-01   3.9518134e-01   8.4607319e-02   3.4835002e-01   5.8523294e-01   4.6247600e-01   3.7067719e-01   7.0410226e-01   5.6120282e-01   3.1697792e-01   1.8348078e-01
  -8.3939584e-01   5.8131670e-01   5.6138342e-01   7.5484092e-01   4.7712322e-01   8.1479712e-01   4.2840258e-01   5.2419899e-01   4.2510172e-01   2.7482133e-01   4.6275488e-01   7.4307871e-01   5.4442744e-01   5.2556805e-01   7.9650294e-01   4.2610697e-01   3.6640403e-01   3.7373993e-01
  -5.8149979e-01   7.5352443e-01   7.0360763e-01   6.4765224e-01   6.1738841e-01   8.2811639e-01   5.2092343e-01   5.9058756e-01   4.7870624e-01   3.7607607e-01   5.8989923e-01   7.3500259e-01   6.4408257e-01   5.6508199e-01   8.5462039e-01   1.9467597e-01   4.4070193e-01   4.6800477e-01
  -3.0003600e-01   7.0488615e-01   8.1311153e-01   4.3264923e-01   7.4674192e-01   6.8810119e-01   6.1302762e-01   5.2099315e-01   5.4069403e-01   3.7946687e-01   7.0222026e-01   5.7200419e-01   7.3992469e-01   4.8440288e-01   8.6530240e-01  -8.0469570e-02   5.2232537e-01   4.5900429e-01
  -7.5485882e-02   4.6161024e-01   8.7227031e-01   1.5319079e-01   8.4204498e-01   4.3187046e-01   6.8453653e-01   3.4522362e-01   5.9620520e-01   3.0025940e-01   7.7693227e-01   3.0045327e-01   8.1208743e-01   3.0780456e-01   8.2656407e-01  -3.3135414e-01   5.9445684e-01   3.6315588e-01
   3.3402185e-02   1.0788873e-01   8.7385595e-01  -1.3348193e-01   8.8872197e-01   1.2051863e-01   7.2247885e-01   1.1851420e-01   6.3460901e-01   1.7345941e-01   8.0153298e-01  -8.7038072e-03   8.4744918e-01   8.3374365e-02   7.4906175e-01  -4.9375365e-01   6.4495571e-01   2.1579229e-01
   5.7209489e-03  -2.4564590e-01   8.2217326e-01  -3.7135860e-01   8.8324498e-01  -1.7827415e-01   7.2370805e-01  -9.6504434e-02   6.5167385e-01   4.1540560e-02   7.7610561e-01  -2.8052170e-01   8.4252029e-01  -1.3231062e-01   6.5315537e-01  -5.2799749e-01   6.6858774e-01   5.9422834e-02
  -1.3855656e-01  -4.9712892e-01   7.3144071e-01  -5.1898687e-01   8.3278727e-01  -4.0696428e-01   6.9460611e-01  -2.4755259e-01   6.4969734e-01  -5.8399438e-02   7.1228731e-01  -4.5567747e-01   8.0348137e-01  -2.9011389e-01   5.6331837e-01  -4.3004380e-01   6.6719354e-01  -6.8231101e-02
  -3.4762963e-01  -5.8386455e-01   6.2195729e-01  -5.5808541e-01   7.5242838e-01  -5.3077622e-01   6.4827400e-01  -3.0614583e-01   6.3580399e-01  -1.0483288e-01   6.2936682e-01  -5.0483004e-01   7.4368580e-01  -3.6102650e-01   5.0147206e-01  -2.3086157e-01   6.4802858e-01  -1.4362471e-01
  -5.5624015e-01  -4.9838774e-01   5.1513375e-01  -4.9556471e-01   6.6074254e-01  -5.4314959e-01   6.0008672e-01  -2.7295655e-01   6.1899554e-01  -9.6101682e-02   5.4864199e-01  -4.3347927e-01   6.7939816e-01  -3.4191832e-01   4.8138343e-01   1.4326992e-02   6.2085471e-01  -1.6155813e-01
  -7.0666821e-01  -2.8476664e-01   4.2880060e-01  -3.5852284e-01   5.7515600e-01  -4.6254160e-01   5.6312410e-01  -1.7349220e-01   6.0705570e-01  -4.7620845e-02   4.8783277e-01  -2.7603196e-01   6.2523673e-01  -2.5257985e-01   5.0569443e-01   2.4293068e-01   5.9482012e-01  -1.3313915e-01
  -7.6403482e-01  -1.8720643e-02   3.7423621e-01  -1.8470785e-01   5.0864377e-01  -3.2279987e-01   5.4514329e-01  -4.6852618e-02   6.0449080e-01   1.5841046e-02   4.5744114e-01  -8.2592715e-02   5.9099190e-01  -1.2633544e-01   5.6624479e-01   4.0118422e-01   5.7626228e-01  -7.9277881e-02
  -7.2442479e-01   2.1796607e-01   3.5486255e-01  -1.2279424e-02   4.6789085e-01  -1.6192724e-01   5.4720787e-01   6.7160461e-02   6.1159196e-01   6.8917252e-02   4.5910115e-01   9.5895165e-02   5.7997873e-01   8.7251991e-04   6.4666933e-01   4.5627236e-01   5.6753785e-01  -2.3011559e-02
  -6.1174103e-01   3.6146808e-01   3.6717698e-01   1.2817094e-01   4.5357245e-01  -1.2736820e-02   5.6466333e-01   1.3879612e-01   6.2506939e-01   9.2947744e-02   4.8674479e-01   2.2008429e-01   5.8959857e-01   9.9802669e-02   7.2700624e-01   4.0119079e-01   5.6736359e-01   1.7165410e-02
  -4.6803602e-01   3.8094656e-01   4.0270918e-01   2.1806409e-01   4.6168259e-01   1.0241560e-01   5.8926923e-01   1.5438457e-01   6.3946821e-01   8.0133365e-02   5.2918074e-01   2.6951428e-01   6.1304628e-01   1.5343961e-01   7.8833924e-01   2.5430855e-01   5.7195348e-01   3.1255575e-02
  -3.3953918e-01   2.8514692e-01   4.5066231e-01   2.5274582e-01   4.8553485e-01   1.7413822e-01   6.1205009e-01   1.1845549e-01   6.4908496e-01   3.5140500e-02   5.7360944e-01   2.4559345e-01   6.4178783e-01   1.5963174e-01   8.1715190e-01   5.4675207e-02   5.7667318e-01   1.9491930e-02
  -2.6258203e-01   1.1659540e-01   5.0058876e-01   2.4009360e-01   5.1789080e-01   2.0503215e-01   6.2603671e-01   5.0500442e-02   6.4983314e-01  -2.7020711e-02   6.0911466e-01   1.6859387e-01   6.6812290e-01   1.2944337e-01   8.0826840e-01  -1.4743810e-01   5.7771892e-01  -9.0742717e-03
  -2.5335799e-01  -6.4375104e-02   5.4456946e-01   1.9634958e-01   5.5273343e-01   2.0594495e-01   6.2818854e-01  -2.2559098e-02   6.4055241e-01  -8.6308622e-02   6.2930117e-01   6.9674446e-02   6.8717246e-01   8.1807180e-02   7.6586391e-01  -3.0318002e-01   5.7336080e-01  -4.0568655e-02
  -3.0531798e-01  -2.0025806e-01   5.7827485e-01   1.4029183e-01   5.8617370e-01   1.9052370e-01   6.1979322e-01  -7.5732774e-02   6.2323955e-01  -1.2445261e-01   6.3319987e-01  -1.9602257e-02   6.9760171e-01   3.6222218e-02   7.0196210e-01  -3.7741882e-01   5.6429782e-01  -6.1552492e-02
  -3.9366443e-01  -2.5383403e-01   6.0090529e-01   8.7695643e-02   6.1647581e-01   1.7005530e-01   6.0549546e-01  -9.3689165e-02   6.0228547e-01  -1.3064899e-01   6.2453184e-01  -7.6445879e-02   7.0112451e-01   6.3547014e-03   6.3309397e-01  -3.5717550e-01   5.5317689e-01  -6.3519274e-02
  -4.8505957e-01  -2.1781554e-01   6.1417201e-01   4.7416970e-02   6.4333637e-01   1.4986156e-01   5.9134694e-01  -7.4774209e-02   5.8299926e-01  -1.0450201e-01   6.0971199e-01  -9.2303139e-02   7.0108384e-01  -3.6532640e-03   5.7590808e-01  -2.5397854e-01   5.4349367e-01  -4.5387100e-02
  -5.4900361e-01  -1.1375657e-01   6.2075949e-01   2.0360554e-02   6.6677386e-01   1.2851898e-01   5.8259665e-01  -3.0071090e-02   5.6994969e-01  -5.5288176e-02   5.9535715e-01  -7.3056180e-02   7.0070651e-01   1.0427244e-03   5.4300491e-01  -9.9282086e-02   5.3829610e-01  -1.3197088e-02
  -5.6716436e-01   1.8052319e-02   6.2286198e-01   1.4144719e-03   6.8612359e-01   1.0005834e-01   5.8195708e-01   2.1652405e-02   5.6565735e-01   1.7697880e-03   5.8612897e-01  -3.4682673e-02   7.0169378e-01   9.5875788e-03   5.4006210e-01   6.5278727e-02   5.3913848e-01   2.2558674e-02
  -5.3757123e-01   1.3295998e-01   6.2137468e-01  -1.6730786e-02   6.9962898e-01   5.8082590e-02   5.8894783e-01   6.0838051e-02   5.7006839e-01   5.0545362e-02   5.8362556e-01   3.4584472e-03   7.0368681e-01   1.0587225e-02   5.6508082e-01   1.9921512e-01   5.4565784e-01   5.0736537e-02
  -4.7370488e-01   1.9566033e-01   6.1584849e-01  -3.9589112e-02   7.0472775e-01   6.0751688e-05   6.0028501e-01   7.3529281e-02   5.8078512e-01   7.8720803e-02   5.8636310e-01   2.5281252e-02   7.0459649e-01  -3.1484173e-03   6.0950993e-01   2.7313283e-01   5.5577046e-01   6.3137835e-02
  -3.9896189e-01   1.8993886e-01   6.0515432e-01  -6.8158296e-02   6.9896800e-01  -6.9898737e-02   6.1117473e-01   5.5559614e-02   5.9396697e-01   8.1030672e-02   5.9077909e-01   2.2846240e-02   7.0165669e-01  -3.1698238e-02   6.6093492e-01   2.7502362e-01   5.6641617e-01   5.6944207e-02
  -3.3856964e-01   1.2216724e-01   5.8848396e-01  -9.8350452e-02   6.8117456e-01  -1.4097579e-01   6.1703134e-01   1.3457253e-02   6.0558110e-01   6.0269369e-02   5.9281789e-01  -1.7663393e-03   6.9276525e-01  -6.7824396e-02   7.0649006e-01   2.1170861e-01   5.7457531e-01   3.5353129e-02
  -3.1162099e-01   1.7681246e-02   5.6623161e-01  -1.2256342e-01   6.5237028e-01  -1.9837022e-01   6.1503510e-01  -3.8129503e-02   6.1260014e-01   2.5818586e-02   5.8952533e-01  -3.7992466e-02   6.7759260e-01  -9.9509034e-02   7.3603590e-01   1.0532897e-01   5.7821270e-01   6.2600927e-03
  -3.2545485e-01  -8.8326554e-02   5.4043567e-01  -1.3251314e-01   6.1610223e-01  -2.2770962e-01   6.0508492e-01  -8.1430462e-02   6.1382173e-01  -9.6865627e-03   5.8017295e-01  -7.0909267e-02   6.5808819e-01  -1.1421622e-01   7.4439334e-01  -1.3660467e-02   5.7687887e-01  -2.0457100e-02
  -3.7413290e-01  -1.6282062e-01   5.1459800e-01  -1.2236415e-01   5.7796595e-01  -2.1969650e-01   5.8982386e-01  -1.0153061e-01   6.1005800e-01  -3.4612273e-02   5.6654589e-01  -8.6729983e-02   6.3814764e-01  -1.0353145e-01   7.3209356e-01  -1.1519845e-01   5.7176932e-01  -3.6264450e-02
  -4.4137039e-01  -1.8482262e-01   4.9294571e-01  -9.0873959e-02   5.4446225e-01  -1.7308736e-01   5.7375382e-01  -9.0888171e-02   6.0366142e-01  -4.1747406e-02   5.5231549e-01  -7.7345844e-02   6.2255588e-01  -6.6177550e-02   7.0454976e-01  -1.7691478e-01   5.6523826e-01  -3.6534109e-02
  -5.0620579e-01  -1.5088260e-01   4.7941767e-01  -4.2160400e-02   5.2155332e-01  -9.5449810e-02   5.6184095e-01  -5.1430250e-02   5.9765268e-01  -3.0114506e-02   5.4184801e-01  -4.2824444e-02   6.1561071e-01  -8.7726185e-03   6.7019518e-01  -1.8875408e-01   5.6000163e-01  -2.1776268e-02
  -5.4959172e-01  -7.4645846e-02   4.7666465e-01   1.5091282e-02   5.1331187e-01  -1.5226065e-03   5.5803335e-01   6.3230359e-03   5.9472877e-01  -4.7148594e-03   5.3882729e-01   8.8088764e-03   6.1984804e-01   5.5874309e-02   6.3811416e-01  -1.5393442e-01   5.5827640e-01   2.7852643e-03
  -5.6022514e-01   1.8690965e-02   4.8527854e-01   6.9712601e-02   5.2092681e-01   9.0294418e-02   5.6403877e-01   6.6602237e-02   5.9639688e-01   2.5452672e-02   5.4503706e-01   6.4150647e-02   6.3516715e-01   1.1233378e-01   6.1567155e-01  -8.6617291e-02   5.6106458e-01   2.9020372e-02
  -5.3693423e-01   1.0094767e-01   5.0362741e-01   1.1077709e-01   5.4252656e-01   1.6218843e-01   5.7893182e-01   1.1303100e-01   6.0262390e-01   5.0369914e-02   5.5986676e-01   1.0847510e-01   6.5881727e-01   1.4671168e-01   6.0705757e-01  -7.0201751e-03   5.6791886e-01   4.8437378e-02
  -4.8851275e-01   1.4932870e-01   5.2812186e-01   1.3024075e-01   5.7355446e-01   2.0092661e-01   5.9935420e-01   1.3310569e-01   6.1186396e-01   6.1921784e-02   5.8037062e-01   1.2982273e-01   6.8594919e-01   1.5033565e-01   6.1256859e-01   6.4040256e-02   5.7705412e-01   5.4633809e-02
  -4.3022799e-01   1.5268653e-01   5.5403316e-01   1.2488591e-01   6.0783830e-01   2.0069964e-01   6.2047947e-01   1.2150478e-01   6.2158748e-01   5.6159464e-02   6.0207003e-01   1.2227731e-01   7.1082363e-01   1.2202895e-01   6.2904525e-01   1.1033727e-01   5.8590313e-01   4.5093613e-02
  -3.7889855e-01   1.1376986e-01   5.7654741e-01   9.7011109e-02   6.3894610e-01   1.6412659e-01   6.3730433e-01   8.1277997e-02   6.2904245e-01   3.4233333e-02   6.2012231e-01   8.7423039e-02   7.2820661e-01   6.8378553e-02   6.5105747e-01   1.2365722e-01   5.9185782e-01   2.1800217e-02
  -3.4807183e-01   4.7249411e-02   5.9178630e-01   5.3713433e-02   6.6150215e-01   1.0123204e-01   6.4590710e-01   2.2721775e-02   6.3202409e-01   1.8400913e-03   6.3052484e-01   3.3699936e-02   7.3458695e-01   1.9700710e-03   6.7247343e-01   1.0484057e-01   5.9298355e-01  -9.4316495e-03
  -3.4413073e-01  -2.5427717e-02   5.9765786e-01   5.0422041e-03   6.7230353e-01   2.6796738e-02   6.4448224e-01  -3.9565867e-02   6.2952345e-01  -3.2521837e-02   6.3116082e-01  -2.5960506e-02   7.2905829e-01  -6.1917844e-02   6.8811548e-01   6.2720341e-02   5.8859304e-01  -4.0626117e-02
  -3.6533416e-01  -8.3275670e-02   5.9413589e-01  -3.8667167e-02   6.7073992e-01  -4.3505524e-02   6.3363921e-01  -9.0920117e-02   6.2193353e-01  -6.0191780e-02   6.2219590e-01  -7.7887884e-02   7.1336168e-01  -1.0941426e-01   6.9489379e-01   1.0658274e-02   5.7938297e-01  -6.4003020e-02
  -4.0309032e-01  -1.1168209e-01   5.8308598e-01  -6.9162872e-02   6.5865836e-01  -9.6596578e-02   6.1612127e-01  -1.2027229e-01   6.1089301e-01  -7.4648470e-02   6.0591995e-01  -1.1107868e-01   6.9134623e-01  -1.3133952e-01   6.9228821e-01  -3.7287541e-02   5.6722960e-01  -7.3984599e-02
  -4.4509376e-01  -1.0605251e-01   5.6767059e-01  -8.1987514e-02   6.3970084e-01  -1.2459047e-01   5.9600578e-01  -1.2266016e-01   5.9880870e-01  -7.3089812e-02   5.8607631e-01  -1.1970883e-01   6.6793970e-01  -1.2512994e-01   6.8214460e-01  -6.9981235e-02   5.5468581e-01  -6.8525716e-02
  -4.7933606e-01  -7.2130908e-02   5.5149649e-01  -7.7095628e-02   6.1830434e-01  -1.2587506e-01   5.7761180e-01  -9.9921348e-02   5.8819714e-01  -5.6856350e-02   5.6686845e-01  -1.0409084e-01   6.4790597e-01  -9.4891767e-02   6.6788847e-01  -8.1634275e-02   5.4431830e-01  -4.9404167e-02
