   1.6647179e-01   4.0928126e-01   5.1268338e-02   5.0149842e-01   9.3249967e-03   5.2723606e-01   1.6556815e-01   5.1889986e-01   3.9702453e-02   5.9071519e-01   1.7806797e-03   7.1137486e-01   1.1116942e-01   7.8179597e-01   1.7693842e-01   1.2009947e-01   8.0326402e-02   3.9290962e-01
   1.7716855e-01  -3.3198121e-01   1.8274120e-01   8.3485345e-01   1.4855115e-01   8.4617394e-01   2.5825453e-01   6.1942733e-01   1.6196932e-01   8.4991390e-01   1.6951142e-01   9.3131894e-01   2.5972401e-01   9.5760088e-01   2.4829697e-01   6.0774844e-01   1.7154693e-01   7.2566915e-01
  -4.3243323e-02  -8.5517146e-01   3.6262783e-01   1.0000000e+00   3.3503564e-01   1.0000000e+00   3.6308413e-01   6.7573087e-01   3.1673599e-01   9.8121617e-01   3.6597107e-01   1.0000000e+00   4.2620370e-01   1.0000000e+00   3.9627612e-01   9.1507244e-01   3.0540487e-01   9.2579404e-01
  -3.8501375e-01  -1.0000000e+00   5.5780121e-01   9.9624948e-01   5.3570276e-01   9.9210262e-01   4.7549261e-01   7.1640640e-01   4.8377551e-01   1.0000000e+00   5.6298245e-01   9.4210363e-01   5.9098518e-01   9.4331735e-01   5.8168555e-01   1.0000000e+00   4.6102057e-01   1.0000000e+00
  -7.0757453e-01  -7.6019192e-01   7.3823620e-01   8.5394787e-01   7.2113443e-01   8.5334509e-01   5.9369759e-01   7.4597901e-01   6.4592056e-01   9.2575290e-01   7.3838227e-01   7.9027248e-01   7.4008744e-01   8.1773851e-01   7.6297565e-01   8.7859291e-01   6.1953010e-01   9.6505223e-01
  -8.9573432e-01  -2.7343184e-01   8.8120304e-01   6.1464035e-01   8.6924802e-01   6.2322624e-01   7.1451271e-01   7.4383129e-01   7.8906494e-01   7.7516848e-01   8.7629113e-01   5.7316450e-01   8.6348223e-01   6.3956674e-01   9.0587528e-01   6.0659388e-01   7.6492730e-01   8.3883495e-01
  -8.9549550e-01   2.6901904e-01   9.7152369e-01   3.1343577e-01   9.6525493e-01   3.3419883e-01   8.3015315e-01   6.7595499e-01   9.0161352e-01   5.6191663e-01   9.6583631e-01   3.1211953e-01   9.5279014e-01   4.1313622e-01   9.8813062e-01   2.5101589e-01   8.8383701e-01   6.3616336e-01
  -7.1841336e-01   6.9604132e-01   1.0000000e+00  -2.1614685e-02   1.0000000e+00   1.1529505e-02   9.2738427e-01   5.1129836e-01   9.7420438e-01   2.9950858e-01   1.0000000e+00   2.4999773e-02   1.0000000e+00   1.4006491e-01   1.0000000e+00  -1.2389720e-01   9.6510042e-01   3.7049561e-01
  -4.2930941e-01   8.8429509e-01   9.6307514e-01  -3.5783019e-01   9.6950971e-01  -3.1574551e-01   9.8931563e-01   2.3922036e-01   1.0000000e+00   5.7387984e-03   9.7556608e-01  -2.6666126e-01   9.9794264e-01  -1.6865299e-01   9.4378290e-01  -4.5562360e-01   1.0000000e+00   6.0537930e-02
  -1.2549886e-01   7.7525147e-01   8.6474381e-01  -6.4924562e-01   8.7679348e-01  -6.0591128e-01   1.0000000e+00  -1.1720557e-01   9.7588624e-01  -2.9209403e-01   8.9460225e-01  -5.3136000e-01   9.4286640e-01  -4.8281381e-01   8.3355231e-01  -6.8295826e-01   9.8376690e-01  -2.6233308e-01
   8.9880050e-02   4.0234581e-01   7.1883248e-01  -8.4199829e-01   7.3425820e-01  -8.0776306e-01   9.5017624e-01  -4.9733759e-01   9.0429182e-01  -5.5454794e-01   7.6657471e-01  -7.2733339e-01   8.3787811e-01  -7.5108033e-01   6.9405451e-01  -7.5814917e-01   9.1785519e-01  -5.5136943e-01
   1.4382293e-01  -1.0738684e-01   5.4890021e-01  -8.9316373e-01   5.6417551e-01  -8.7728864e-01   8.4272593e-01  -8.1754361e-01   7.9494859e-01  -7.3659793e-01   6.0964213e-01  -8.1314618e-01   6.9582578e-01  -9.1373797e-01   5.5624750e-01  -6.6610943e-01   8.1200764e-01  -7.5325850e-01
   1.7668611e-02  -5.8286577e-01   3.8417337e-01  -7.8849373e-01   3.9523881e-01  -7.9576554e-01   6.9383894e-01  -1.0000000e+00   6.6452245e-01  -8.0229353e-01   4.4880624e-01  -7.6416791e-01   5.3865707e-01  -9.2525481e-01   4.5005726e-01  -4.3267743e-01   6.8380067e-01  -8.2562161e-01
  -2.4784502e-01  -8.7086950e-01   2.5335069e-01  -5.4770562e-01   2.5664920e-01  -5.7720433e-01   5.3006988e-01  -9.9766767e-01   5.3399164e-01  -7.3780417e-01   3.1133515e-01  -5.8373058e-01   3.9350507e-01  -7.7189713e-01   3.9709933e-01  -1.1732716e-01   5.5570202e-01  -7.5169939e-01
  -5.6849808e-01  -8.8616625e-01   1.7842144e-01  -2.1921871e-01   1.7176521e-01  -2.6521709e-01   3.8201378e-01  -8.0887395e-01   4.2429742e-01  -5.5783266e-01   2.2075556e-01  -3.0543588e-01   2.8653646e-01  -4.7922737e-01   4.0587591e-01   2.0448001e-01   4.5028162e-01  -5.4747054e-01
  -8.4574644e-01  -6.3646268e-01   1.7022798e-01   1.3238845e-01   1.5320743e-01   7.8230569e-02   2.7680993e-01  -4.7736441e-01   3.5169081e-01  -3.0271797e-01   1.9135873e-01   1.4284171e-02   2.3660457e-01  -1.0690516e-01   4.7066166e-01   4.6191820e-01   3.8508577e-01  -2.5865601e-01
  -1.0000000e+00  -2.1236787e-01   2.2684410e-01   4.4274398e-01   2.0070738e-01   3.8903285e-01   2.3167020e-01  -7.7311007e-02   3.2425341e-01  -2.6394506e-02   2.2498534e-01   3.1176663e-01   2.5068671e-01   2.6847657e-01   5.7406814e-01   6.0513068e-01   3.6871012e-01   5.2498683e-02
  -9.9182595e-01   2.5271471e-01   3.3507485e-01   6.5964410e-01   3.0228194e-01   6.1391402e-01   2.5103306e-01   3.0770272e-01   3.4105874e-01   2.1793235e-01   3.1142950e-01   5.3149401e-01   3.2302038e-01   5.7302437e-01   6.9171709e-01   6.0997638e-01   3.9971221e-01   3.2342186e-01
  -8.3140637e-01   6.2494765e-01   4.7326478e-01   7.4953498e-01   4.3695917e-01   7.1784364e-01   3.2606698e-01   6.0186188e-01   3.9298474e-01   3.8825069e-01   4.3088295e-01   6.3602645e-01   4.3650731e-01   7.4999511e-01   7.9710307e-01   4.7871707e-01   4.6735303e-01   5.0394054e-01
  -5.7062659e-01   8.0556067e-01   6.1544546e-01   7.0098711e-01   5.7900417e-01   6.8762227e-01   4.3740050e-01   7.5109234e-01   4.6536421e-01   4.6018384e-01   5.5836942e-01   6.1099575e-01   5.6673558e-01   7.6930552e-01   8.6668742e-01   2.3965649e-01   5.5453363e-01   5.6482399e-01
  -2.8681485e-01   7.5294939e-01   7.3583876e-01   5.2835407e-01   7.0244992e-01   5.3494651e-01   5.5945631e-01   7.3434071e-01   5.4120846e-01   4.3115679e-01   6.6856286e-01   4.6806260e-01   6.8691380e-01   6.3401947e-01   8.8473720e-01  -5.2946685e-02   6.4152040e-01   5.0336590e-01
  -6.0154603e-02   4.9545934e-01   8.1396383e-01   2.7206445e-01   7.8615851e-01   2.9663116e-01   6.6638708e-01   5.7077340e-01   6.0502791e-01   3.2204206e-01   7.4109444e-01   2.4487843e-01   7.7370815e-01   3.8257182e-01   8.4774236e-01  -3.2706654e-01   7.1039013e-01   3.4527441e-01
   5.1145140e-02   1.2111477e-01   8.3911903e-01  -1.0647634e-02   8.1833300e-01   2.6345137e-02   7.3854274e-01   3.1385877e-01   6.4652640e-01   1.7117422e-01   7.6525508e-01  -3.6985959e-03   8.1281083e-01   7.9298639e-02   7.6607551e-01  -5.1344344e-01   7.4929734e-01   1.3739852e-01
   2.5866210e-02  -2.5371823e-01   8.1196817e-01  -2.6086402e-01   7.9830096e-01  -2.1924184e-01   7.6643185e-01   3.4056327e-02   6.6239811e-01   2.2540631e-02   7.4176897e-01  -2.2038024e-01   8.0157479e-01  -2.0367489e-01   6.6119063e-01  -5.6698464e-01   7.5458623e-01  -6.6273418e-02
  -1.1632659e-01  -5.2180507e-01   7.4352851e-01  -4.3245432e-01   7.3580731e-01  -3.9429387e-01   7.5193998e-01  -2.0164178e-01   6.5626813e-01  -8.7054571e-02   6.8184194e-01  -3.6056196e-01   7.4879536e-01  -4.0578039e-01   5.5968903e-01  -4.7966838e-01   7.3081516e-01  -2.1950000e-01
  -3.2416959e-01  -6.1661753e-01   6.5167747e-01  -5.0158138e-01   6.4780071e-01  -4.7340469e-01   7.0627946e-01  -3.4689180e-01   6.3662391e-01  -1.3738965e-01   6.0345069e-01  -4.0269208e-01   6.7143458e-01  -4.9238856e-01   4.8609866e-01  -2.8061613e-01   6.8854572e-01  -2.9483813e-01
  -5.3265518e-01  -5.2941555e-01   5.5644948e-01  -4.6999566e-01   5.5391198e-01  -4.5538495e-01   6.4578997e-01  -3.8570386e-01   6.1366391e-01  -1.2853032e-01   5.2626424e-01  -3.5170773e-01   5.8962703e-01  -4.6110430e-01   4.5665090e-01  -2.5869650e-02   6.4087719e-01  -2.8851500e-01
  -6.8414478e-01  -3.0614157e-01   4.7525394e-01  -3.6102523e-01   4.7172641e-01  -3.6006628e-01   5.8683645e-01  -3.3171283e-01   5.9599745e-01  -7.7662057e-02   4.6653483e-01  -2.3435686e-01   5.2129548e-01  -3.3807104e-01   4.7563323e-01   2.1905688e-01   5.9968227e-01  -2.1778693e-01
  -7.4345089e-01  -2.6268083e-02   4.1979606e-01  -2.1007029e-01   4.1361491e-01  -2.1973067e-01   5.4196766e-01  -2.1821237e-01   5.8857893e-01  -1.0935742e-02   4.3394800e-01  -8.8788407e-02   4.7849051e-01  -1.6645746e-01   5.3553789e-01   3.9643023e-01   5.7304478e-01  -1.1245285e-01
  -7.0626489e-01   2.2414913e-01   3.9450207e-01  -5.4025160e-02   3.8496034e-01  -6.9376626e-02   5.1746943e-01  -8.5594723e-02   5.9177062e-01   4.5503709e-02   4.3018228e-01   4.6823272e-02   4.6533846e-01   6.9021945e-03   6.1959986e-01   4.6971049e-01   5.6382274e-01  -5.0172936e-03
  -5.9582346e-01   3.7741590e-01   3.9730676e-01   7.6956599e-02   3.8467388e-01   6.1191238e-02   5.1341913e-01   3.0087667e-02   6.0213942e-01   7.2614268e-02   4.5011148e-01   1.4321105e-01   4.7869479e-01   1.4296151e-01   7.0666600e-01   4.2866858e-01   5.7010319e-01   7.7701666e-02
  -4.5365895e-01   4.0068659e-01   4.2137120e-01   1.6428430e-01   4.0666826e-01   1.5230913e-01   5.2494429e-01   1.0474381e-01   6.1396142e-01   6.2651752e-02   4.8408146e-01   1.8537888e-01   5.1003251e-01   2.1803254e-01   7.7618037e-01   2.8961361e-01   5.8650551e-01   1.2001472e-01
  -3.2556246e-01   3.0254300e-01   4.5756318e-01   2.0270280e-01   4.4217553e-01   1.9672560e-01   5.4456123e-01   1.3025685e-01   6.2128448e-01   2.0446815e-02   5.2105344e-01   1.7436033e-01   5.4842737e-01   2.2736776e-01   8.1288222e-01   9.0610174e-02   6.0622391e-01   1.1977844e-01
  -2.4792551e-01   1.2702599e-01   4.9688402e-01   1.9891188e-01   4.8213459e-01   1.9887397e-01   5.6470157e-01   1.1383012e-01   6.1984044e-01  -3.8800041e-02   5.5157704e-01   1.2487004e-01   5.8362019e-01   1.8371084e-01   8.1001656e-01  -1.1764549e-01   6.2308509e-01   8.7067442e-02
  -2.3707081e-01  -6.2795854e-02   5.3255238e-01   1.6757475e-01   5.1934006e-01   1.7151867e-01   5.7997165e-01   7.3217113e-02   6.0848123e-01  -9.4839573e-02   5.7015913e-01   5.9395334e-02   6.0866922e-01   1.1130482e-01   7.7080907e-01  -2.8458079e-01   6.3327805e-01   3.9543043e-02
  -2.8704836e-01  -2.0673089e-01   5.6088493e-01   1.2558368e-01   5.4947978e-01   1.3043212e-01   5.8813428e-01   2.8958634e-02   5.8934326e-01  -1.2928774e-01   5.7589408e-01   3.6456775e-04   6.2099989e-01   3.6834346e-02   7.0696719e-01  -3.7234532e-01   6.3594080e-01  -4.2641363e-03
  -3.7375207e-01  -2.6544543e-01   5.8125164e-01   8.6874662e-02   5.7125888e-01   8.9383284e-02   5.9001144e-01  -2.6373527e-03   5.6707789e-01  -1.3129000e-01   5.7181725e-01  -3.6422792e-02   6.2215796e-01  -1.8694890e-02   6.3544849e-01  -3.6486769e-01   6.3284912e-01  -3.0793329e-02
  -4.6447685e-01  -2.3075443e-01   5.9511075e-01   5.8689813e-02   5.8559669e-01   5.6373671e-02   5.8837030e-01  -1.4326205e-02   5.4728668e-01  -1.0055009e-01   5.6311995e-01  -4.5674650e-02   6.1634219e-01  -4.5399984e-02   5.7388071e-01  -2.7103673e-01   6.2728576e-01  -3.5148829e-02
  -5.2914305e-01  -1.2445382e-01   6.0457519e-01   4.0709340e-02   5.9431428e-01   3.2553057e-02   5.8633359e-01  -8.6929578e-03   5.3476463e-01  -4.6574282e-02   5.5498090e-01  -3.2432222e-02   6.0838610e-01  -4.5341594e-02   5.3610176e-01  -1.2064363e-01   6.2258646e-01  -2.1281873e-02
  -5.4930561e-01   1.1976417e-02   6.1110545e-01   2.7012375e-02   5.9889316e-01   1.3805816e-02   5.8598847e-01   4.7111233e-03   5.3214221e-01   1.5025745e-02   5.5079642e-01  -8.6330723e-03   6.0197338e-01  -2.9341305e-02   5.2902004e-01   4.4952993e-02   6.2091851e-01   7.8954664e-04
  -5.2258069e-01   1.3221462e-01   6.1478011e-01   9.9281527e-03   5.9974305e-01  -5.8817281e-03   5.8764505e-01   1.4312343e-02   5.3928161e-01   6.7631994e-02   5.5129297e-01   1.1999730e-02   5.9860307e-01  -1.1515230e-02   5.5149853e-01   1.8432797e-01   6.2264919e-01   1.9369643e-02
  -4.6173116e-01   1.9934505e-01   6.1436443e-01  -1.5895279e-02   5.9619512e-01  -3.0816876e-02   5.8992608e-01   1.1471025e-02   5.5352655e-01   9.8412154e-02   5.5468336e-01   1.8869515e-02   5.9752086e-01  -3.7025147e-03   5.9536586e-01   2.6625846e-01   6.2643667e-01   2.5401836e-02
  -3.8937435e-01   1.9606282e-01   6.0805383e-01  -5.0708546e-02   5.8711296e-01  -6.1120172e-02   5.9053995e-01  -6.1234522e-03   5.7063694e-01   1.0164842e-01   5.5766544e-01   7.8944226e-03   5.9647003e-01  -1.1408256e-02   6.4806283e-01   2.7654629e-01   6.2991397e-01   1.5479966e-02
  -3.3012373e-01   1.2843787e-01   5.9455059e-01  -8.9126715e-02   5.7181245e-01  -9.2223464e-02   5.8740774e-01  -3.3628512e-02   5.8610493e-01   7.9823502e-02   5.5687799e-01  -1.7488694e-02   5.9292456e-01  -3.2326418e-02   6.9614820e-01   2.1998683e-01   6.3069709e-01  -7.2527791e-03
  -3.0269776e-01   2.2322942e-02   5.7401533e-01  -1.2189149e-01   5.5087377e-01  -1.1639566e-01   5.7969740e-01  -6.0977049e-02   5.9644507e-01   4.2235092e-02   5.5029611e-01  -4.7903403e-02   5.8532718e-01  -5.7739641e-02   7.2869465e-01   1.1730594e-01   6.2735105e-01  -3.4503874e-02
  -3.1453022e-01  -8.6180896e-02   5.4850920e-01  -1.3907643e-01   5.2649591e-01  -1.2554385e-01   5.6836236e-01  -7.6720891e-02   6.0006381e-01   1.6758264e-03   5.3808120e-01  -7.1543029e-02   5.7387604e-01  -7.6114511e-02   7.3967732e-01  -1.6896491e-03   6.1997172e-01  -5.5932689e-02
  -3.6012410e-01  -1.6283262e-01   5.2180506e-01  -1.3351202e-01   5.0228280e-01  -1.1419374e-01   5.5603353e-01  -7.2337614e-02   5.9752368e-01  -2.9681237e-02   5.2267412e-01  -7.8357212e-02   5.6065098e-01  -7.7513750e-02   7.2895649e-01  -1.0654925e-01   6.1023706e-01  -6.2822470e-02
  -4.2381846e-01  -1.8592129e-01   4.9857149e-01  -1.0331135e-01   4.8247148e-01  -8.1635321e-02   5.4624287e-01  -4.5472162e-02   5.9110673e-01  -4.3861550e-02   5.0804960e-01  -6.3503166e-02   5.4899343e-01  -5.7298941e-02   7.0160234e-01  -1.7385759e-01   6.0087535e-01  -5.1074495e-02
  -4.8539855e-01  -1.5177351e-01   4.8324737e-01  -5.2696245e-02   4.7090064e-01  -3.2518516e-02   5.4231748e-01  -9.4057288e-04   5.8393018e-01  -3.8937791e-02   4.9848293e-01  -2.8852170e-02   5.4244317e-01  -1.7778188e-02   6.6604818e-01  -1.9200835e-01   5.9480066e-01  -2.2470897e-02
  -5.2648718e-01  -7.4275215e-02   4.7894058e-01   8.8865125e-03   4.7003070e-01   2.4086169e-02   5.4631674e-01   5.0550032e-02   5.7893412e-01  -1.8922618e-02   4.9725017e-01   1.7626778e-02   5.4360980e-01   3.2419259e-02   6.3170179e-01  -1.6251114e-01   5.9421227e-01   1.5933203e-02
  -5.3608031e-01   2.0623949e-02   4.8658614e-01   6.8992235e-02   4.8023004e-01   7.6801449e-02   5.5827404e-01   9.5415495e-02   5.7799029e-01   7.9415108e-03   5.0557882e-01   6.4187195e-02   5.5326499e-01   8.0807305e-02   6.0654223e-01  -9.8184743e-02   5.9987879e-01   5.3907778e-02
  -5.1320364e-01   1.0401281e-01   5.0468076e-01   1.1531042e-01   4.9961286e-01   1.1479834e-01   5.7607376e-01   1.2121974e-01   5.8143691e-01   3.2074418e-02   5.2224708e-01   9.8790016e-02   5.7001445e-01   1.1477969e-01   5.9538459e-01  -1.8521521e-02   6.1088472e-01   8.1142364e-02
  -4.6635170e-01   1.5250803e-01   5.2960073e-01   1.3853771e-01   5.2441488e-01   1.3034142e-01   5.9592947e-01   1.2009825e-01   5.8810318e-01   4.5342467e-02   5.4386657e-01   1.1230777e-01   5.9058434e-01   1.2504352e-01   5.9914764e-01   5.5606239e-02   6.2485554e-01   9.0047837e-02
  -4.1037550e-01   1.5468447e-01   5.5639725e-01   1.3458930e-01   5.4979930e-01   1.2067231e-01   6.1331417e-01   9.1067121e-02   5.9573816e-01   4.3313067e-02   5.6571479e-01   1.0096801e-01   6.1060011e-01   1.0821653e-01   6.1506074e-01   1.0709376e-01   6.3856177e-01   7.7840937e-02
  -3.6162349e-01   1.1358051e-01   5.7992248e-01   1.0550768e-01   5.7094245e-01   8.8665028e-02   6.2414127e-01   4.0444747e-02   6.0174518e-01   2.6357390e-02   5.8294539e-01   6.7327643e-02   6.2569740e-01   6.7801573e-02   6.3777243e-01   1.2639601e-01   6.4877339e-01   4.7289363e-02
  -3.3295008e-01   4.4505455e-02   5.9599163e-01   5.8731509e-02   5.8411618e-01   4.1974223e-02   6.2585052e-01  -1.9905002e-02   6.0399027e-01  -7.5483218e-04   5.9183084e-01   1.9418699e-02   6.3264487e-01   1.3137856e-02   6.6100703e-01   1.1299494e-01   6.5311606e-01   5.8225014e-03
  -3.3068335e-01  -3.0354869e-02   6.0215246e-01   5.1278130e-03   5.8736836e-01  -8.9006102e-03   6.1796831e-01  -7.5677219e-02   6.0134836e-01  -3.0443974e-02   5.9055273e-01  -3.1450243e-02   6.3003447e-01  -4.3104463e-02   6.7908289e-01   7.4340754e-02   6.5059074e-01  -3.6510712e-02
  -3.5268525e-01  -8.9349288e-02   5.9825685e-01  -4.3854612e-02   5.8099135e-01  -5.3333667e-02   6.0235171e-01  -1.1418905e-01   5.9410634e-01  -5.4690273e-02   5.7974609e-01  -7.3827589e-02   6.1872860e-01  -8.8442198e-02   6.8843437e-01   2.3198889e-02   6.4190444e-01  -6.9886643e-02
  -3.9048207e-01  -1.1751373e-01   5.8613303e-01  -7.8833408e-02   5.6713311e-01  -8.2974712e-02   5.8249181e-01  -1.2742402e-01   5.8371663e-01  -6.7283418e-02   5.6204242e-01  -9.8928442e-02   6.0138496e-01  -1.1363199e-01   6.8799285e-01  -2.6494793e-02   6.2909631e-01  -8.7145721e-02
  -4.3195618e-01  -1.1034586e-01   5.6908249e-01  -9.4447918e-02   5.4925096e-01  -9.3475182e-02   5.6268732e-01  -1.1388319e-01   5.7242415e-01  -6.5369205e-02   5.4142642e-01  -1.0259860e-01   5.8181739e-01  -1.1474208e-01   6.7920610e-01  -6.3109129e-02   6.1504151e-01  -8.5436631e-02
  -4.6538888e-01  -7.3984896e-02   5.5096997e-01  -9.0113624e-02   5.3120123e-01  -8.5039101e-02   5.4693350e-01  -7.8449988e-02   5.6262070e-01  -4.9917970e-02   5.2217795e-01  -8.5883936e-02   5.6399671e-01  -9.3615029e-02   6.6528557e-01  -7.9912900e-02   6.0268493e-01  -6.6549185e-02
