   1.0382279e-01   1.2425351e-02   1.4687092e-01   7.9202112e-01   7.6413346e-02   4.8394312e-01   1.9566806e-01   6.3991992e-01   2.3981971e-02   5.3404531e-01   1.2390180e-01   2.0291712e-01   1.4756249e-03   1.4473073e-01   3.6552618e-02   6.3070042e-01   8.4462918e-02   9.5709705e-02
  -4.5001781e-03  -6.5462850e-01   3.2928705e-01   9.8500115e-01   2.0138672e-01   8.2063918e-01   2.8634985e-01   7.9912813e-01   1.4542677e-01   8.1680712e-01   1.8213053e-01   5.4753423e-01   7.1032503e-02   5.6537160e-01   2.3955887e-01   9.3460010e-01   1.3445265e-01   4.9715107e-01
  -2.7850384e-01  -1.0000000e+00   5.3252730e-01   1.0000000e+00   3.7449367e-01   9.9310211e-01   3.9126081e-01   8.7741575e-01   3.0545304e-01   9.6999698e-01   2.8543420e-01   7.9612431e-01   2.0930166e-01   8.5821157e-01   4.8949613e-01   1.0000000e+00   2.4172994e-01   7.8981085e-01
  -5.9703557e-01  -9.3335196e-01   7.2279905e-01   8.6329937e-01   5.6421533e-01   1.0000000e+00   5.0323168e-01   9.1767193e-01   4.8151099e-01   1.0000000e+00   4.1919024e-01   9.4813473e-01   3.8925970e-01   1.0000000e+00   7.2753915e-01   8.4918933e-01   3.8696902e-01   9.5821291e-01
  -8.3658650e-01  -5.2788788e-01   8.7398565e-01   6.2076325e-01   7.4155183e-01   8.6678365e-01   6.1875588e-01   9.3405813e-01   6.5307086e-01   9.2211634e-01   5.6851011e-01   1.0000000e+00   5.8168495e-01   9.9027559e-01   9.0690711e-01   5.4958993e-01   5.4942001e-01   1.0000000e+00
  -9.1659591e-01   3.5707912e-02   9.6931965e-01   3.1654956e-01   8.8340441e-01   6.2811235e-01   7.3406599e-01   9.0978800e-01   8.0267909e-01   7.5528363e-01   7.1767224e-01   9.4505327e-01   7.5901539e-01   8.4577526e-01   1.0000000e+00   1.8027797e-01   7.0879661e-01   9.2268514e-01
  -8.1809385e-01   5.6063853e-01   1.0000000e+00  -1.4462165e-02   9.7307827e-01   3.1677827e-01   8.4211180e-01   8.1035233e-01   9.1639319e-01   5.2000844e-01   8.5005940e-01   7.7871619e-01   8.9799096e-01   5.9412949e-01   9.9832997e-01  -1.8772232e-01   8.4665168e-01   7.4068432e-01
  -5.8051328e-01   8.8808559e-01   9.6388307e-01  -3.3922330e-01   1.0000000e+00  -3.3595418e-02   9.3139408e-01   6.0506235e-01   9.8406227e-01   2.3915242e-01   9.4896546e-01   5.0686269e-01   9.8146048e-01   2.7134842e-01   9.1028876e-01  -4.9230947e-01   9.4744814e-01   4.7562129e-01
  -2.8414552e-01   9.1948491e-01   8.6614417e-01  -6.1746523e-01   9.6064936e-01  -3.8041861e-01   9.8807421e-01   2.8860313e-01   1.0000000e+00  -5.9317961e-02   1.0000000e+00   1.5480284e-01   1.0000000e+00  -7.7313924e-02   7.5904653e-01  -6.7874263e-01   1.0000000e+00   1.5923698e-01
  -2.7933410e-02   6.4302684e-01   7.2080551e-01  -8.0324036e-01   8.6059649e-01  -6.7004918e-01   1.0000000e+00  -1.0469145e-01   9.6412070e-01  -3.3969295e-01   9.9447379e-01  -2.2696105e-01   9.5375554e-01  -3.9707419e-01   5.7978970e-01  -7.0989760e-01   9.9933050e-01  -1.6427291e-01
   1.0218955e-01   1.5061743e-01   5.5059867e-01  -8.5935019e-01   7.1578110e-01  -8.4888949e-01   9.6173831e-01  -5.0409114e-01   8.8323083e-01  -5.6117465e-01   9.3304395e-01  -5.6875690e-01   8.5375222e-01  -6.3137628e-01   4.1303482e-01  -5.8295285e-01   9.4851964e-01  -4.4288866e-01
   6.2586651e-02  -3.9217296e-01   3.8344457e-01  -7.7352893e-01   5.5075629e-01  -8.8156117e-01   8.7775483e-01  -8.2576427e-01   7.7110127e-01  -6.8770074e-01   8.2719267e-01  -8.0129238e-01   7.2076416e-01  -7.3717046e-01   2.9489781e-01  -3.3501057e-01   8.5898175e-01  -6.2925621e-01
  -1.3392381e-01  -8.0772053e-01   2.4666875e-01  -5.6374149e-01   3.9398711e-01  -7.6290951e-01   7.6233715e-01  -1.0000000e+00   6.4662436e-01  -6.9913906e-01   6.9753292e-01  -8.7688624e-01   5.8137875e-01  -6.9832851e-01   2.4807893e-01  -3.1931691e-02   7.4862779e-01  -6.9343776e-01
  -4.2438559e-01  -9.6747719e-01   1.6132272e-01  -2.7270941e-01   2.7188690e-01  -5.1942670e-01   6.3643676e-01  -9.9207026e-01   5.3027069e-01  -5.9852248e-01   5.6930535e-01  -7.8394489e-01   4.6219848e-01  -5.3099692e-01   2.7707840e-01   2.5196125e-01   6.3826949e-01  -6.3088935e-01
  -7.1857024e-01  -8.3261086e-01   1.3823490e-01   4.3374359e-02   2.0339377e-01  -2.0213807e-01   5.2256341e-01  -8.1178719e-01   4.3980746e-01  -4.1258945e-01   4.6642259e-01  -5.5082006e-01   3.8386342e-01  -2.7975759e-01   3.6877122e-01   4.5506308e-01   5.4720453e-01  -4.6399181e-01
  -9.2932611e-01  -4.6061240e-01   1.7671348e-01   3.2836830e-01   1.9661690e-01   1.2664108e-01   4.3950113e-01  -5.0781758e-01   3.8670432e-01  -1.8451305e-01   4.0601962e-01  -2.3667403e-01   3.5678931e-01  -5.1409011e-03   4.9769476e-01   5.4283586e-01   4.8927131e-01  -2.3583214e-01
  -1.0000000e+00   2.2550033e-02   2.6569856e-01   5.3767159e-01   2.4801149e-01   4.0810083e-01   3.9836057e-01  -1.5093566e-01   3.7416704e-01   3.8119051e-02   3.9494620e-01   8.6247165e-02   3.7955957e-01   2.3298056e-01   6.3342862e-01   5.1022935e-01   4.7027972e-01   1.6112057e-03
  -9.1858986e-01   4.7190981e-01   3.8683186e-01   6.4366455e-01   3.4421915e-01   5.9762278e-01   4.0106177e-01   1.8521349e-01   3.9746213e-01   2.1465494e-01   4.2926780e-01   3.5099105e-01   4.4056215e-01   3.8923248e-01   7.4728470e-01   3.7392179e-01   4.8765951e-01   2.0015335e-01
  -7.1634172e-01   7.6367004e-01   5.1792599e-01   6.3623092e-01   4.6521312e-01   6.6933183e-01   4.4094878e-01   4.3722560e-01   4.4579169e-01   3.1775876e-01   4.9610080e-01   5.0762989e-01   5.2146674e-01   4.3926262e-01   8.1660086e-01   1.6477477e-01   5.3187861e-01   3.2389030e-01
  -4.5681774e-01   8.2551610e-01   6.3661977e-01   5.2397844e-01   5.8813073e-01   6.1960754e-01   5.0467762e-01   5.6418790e-01   5.0500762e-01   3.3781046e-01   5.7683903e-01   5.3299389e-01   6.0159633e-01   3.8347416e-01   8.2814987e-01  -7.4290526e-02   5.8896255e-01   3.5608487e-01
  -2.1543394e-01   6.5414763e-01   7.2426773e-01   3.3424115e-01   6.9170681e-01   4.6815489e-01   5.7583131e-01   5.5754153e-01   5.6103528e-01   2.8453444e-01   6.5188284e-01   4.3639766e-01   6.6281477e-01   2.4674822e-01   7.8081616e-01  -2.9171409e-01   6.4410370e-01   3.0270879e-01
  -5.8215604e-02   3.1437415e-01   7.6918135e-01   1.0900535e-01   7.6016992e-01   2.5437637e-01   6.3895576e-01   4.4279144e-01   6.0295526e-01   1.8443975e-01   7.0526932e-01   2.5749145e-01   6.9349584e-01   7.2850352e-02   6.8659202e-01  -4.3667223e-01   6.8512389e-01   1.9052901e-01
  -2.1319378e-02  -8.1358030e-02   7.6902241e-01  -1.0498376e-01   7.8646681e-01   2.7465869e-02   6.8363683e-01   2.7050268e-01   6.2563058e-01   7.2920550e-02   7.2887539e-01   5.4347882e-02   6.9146792e-01  -8.7873484e-02   5.6877330e-01  -4.7475606e-01   7.0556713e-01   5.8721853e-02
  -1.0321841e-01  -4.1339735e-01   7.3022673e-01  -2.6835322e-01   7.7254540e-01  -1.6700857e-01   7.0625172e-01   9.7032959e-02   6.3004559e-01  -1.7222689e-02   7.2346404e-01  -1.1603464e-01   6.6343932e-01  -1.9387475e-01   4.5584530e-01  -3.9946039e-01   7.0544707e-01  -5.4307744e-02
  -2.6805130e-01  -5.9113020e-01   6.6568533e-01  -3.5776613e-01   7.2773801e-01  -2.9754418e-01   7.0963050e-01  -3.2841507e-02   6.2206580e-01  -6.4949561e-02   6.9732196e-01  -2.1397889e-01   6.2230090e-01  -2.2354544e-01   3.7414398e-01  -2.3421535e-01   6.9025878e-01  -1.2175310e-01
  -4.5935898e-01  -5.7897881e-01   5.9102253e-01  -3.6965934e-01   6.6548626e-01  -3.5242382e-01   7.0078999e-01  -9.8066552e-02   6.0984233e-01  -6.5869642e-02   6.6278215e-01  -2.2686951e-01   5.8274347e-01  -1.7979579e-01   3.4101847e-01  -2.4505626e-02   6.6847761e-01  -1.3472184e-01
  -6.1913847e-01  -4.0220855e-01   5.2072805e-01  -3.1808486e-01   5.9958579e-01  -3.3904026e-01   6.8772437e-01  -1.0359587e-01   6.0087540e-01  -3.1119961e-02   6.3199691e-01  -1.6894789e-01   5.5679223e-01  -8.6484898e-02   3.6096482e-01   1.7621482e-01   6.4855073e-01  -1.0193028e-01
  -7.0553493e-01  -1.3211997e-01   4.6519808e-01  -2.2788409e-01   5.4106844e-01  -2.7778219e-01   6.7651010e-01  -7.3028798e-02   5.9971903e-01   1.8658078e-02   6.1340267e-01  -7.2485955e-02   5.5062868e-01   2.1333359e-02   4.2552929e-01   3.2149474e-01   6.3640224e-01  -4.3823210e-02
  -7.0299073e-01   1.4108302e-01   4.2947048e-01  -1.2629185e-01   4.9660687e-01  -1.9363705e-01   6.6979297e-01  -3.6284407e-02   6.0703976e-01   6.1146923e-02   6.0999938e-01   2.4815655e-02   5.6363401e-01   1.0892552e-01   5.1657260e-01   3.8232130e-01   6.3422761e-01   1.5643359e-02
  -6.2402202e-01   3.3653212e-01   4.1344098e-01  -3.5813387e-02   4.6832279e-01  -1.0876064e-01   6.6669965e-01  -1.7943007e-02   6.1990732e-01   7.9195992e-02   6.1936954e-01   9.1401838e-02   5.8935292e-01   1.5152234e-01   6.1135636e-01   3.5173431e-01   6.4050570e-01   5.6469619e-02
  -5.0232987e-01   4.0455756e-01   4.1332155e-01   2.9900215e-02   4.5483051e-01  -3.7932047e-02   6.6405878e-01  -2.9644197e-02   6.3315839e-01   6.5125300e-02   6.3530300e-01   1.0970757e-01   6.1803602e-01   1.3985721e-01   6.8808970e-01   2.4360401e-01   6.5112519e-01   6.7598791e-02
  -3.8069842e-01   3.3839027e-01   4.2359250e-01   6.7229318e-02   4.5281137e-01   1.3023004e-02   6.5822578e-01  -6.7476088e-02   6.4125067e-01   2.2245801e-02   6.5024204e-01   7.9593719e-02   6.3979161e-01   8.1390500e-02   7.3067805e-01   8.7829872e-02   6.6106615e-01   4.9023038e-02
  -2.9740630e-01   1.7282845e-01   4.3888590e-01   8.1120248e-02   4.5860524e-01   4.6153143e-02   6.4687497e-01  -1.1463280e-01   6.4008669e-01  -3.6641066e-02   6.5783112e-01   1.6795487e-02   6.4748933e-01  -2.8743975e-03   7.3182483e-01  -7.6924814e-02   6.6613767e-01   1.0686458e-02
  -2.7461134e-01  -2.9779609e-02   4.5544202e-01   8.1676686e-02   4.6947011e-01   6.8392865e-02   6.3024120e-01  -1.4844606e-01   6.2839256e-01  -9.3538574e-02   6.5496851e-01  -5.3293644e-02   6.3880254e-01  -8.5328718e-02   6.9421716e-01  -2.1222780e-01   6.6435679e-01  -3.1539455e-02
  -3.1303609e-01  -2.0100790e-01   4.7170668e-01   7.9894241e-02   4.8412402e-01   8.7656990e-02   6.1129946e-01  -1.4920729e-01   6.0812748e-01  -1.3096764e-01   6.4259761e-01  -1.0443627e-01   6.1665089e-01  -1.4021438e-01   6.2936887e-01  -2.8847668e-01   6.5645705e-01  -6.1461896e-02
  -3.9374922e-01  -2.8924462e-01   4.8806931e-01   8.3461421e-02   5.0255075e-01   1.0896284e-01   5.9484485e-01  -1.0826672e-01   5.8385743e-01  -1.3768414e-01   6.2511592e-01  -1.1866358e-01   5.8802256e-01  -1.5163406e-01   5.5434039e-01  -2.9188319e-01   6.4545065e-01  -6.8287984e-02
  -4.8615285e-01  -2.7380000e-01   5.0590734e-01   9.4332635e-02   5.2520952e-01   1.3224342e-01   5.8584599e-01  -3.1524304e-02   5.6132594e-01  -1.1179806e-01   6.0864888e-01  -9.1510336e-02   5.6163113e-01  -1.1761461e-01   4.8736719e-01  -2.2697657e-01   6.3542907e-01  -4.9843517e-02
  -5.5851540e-01  -1.6850845e-01   5.2637277e-01   1.0828395e-01   5.5204325e-01   1.5205793e-01   5.8769669e-01   6.1906060e-02   5.4576478e-01  -6.0950347e-02   5.9892241e-01  -3.2695464e-02   5.4524338e-01  -4.9947528e-02   4.4343505e-01  -1.1457652e-01   6.3010592e-01  -1.2887330e-02
  -5.8822822e-01  -1.4371465e-02   5.4926229e-01   1.1670604e-01   5.8158560e-01   1.5944427e-01   6.0085477e-01   1.4557289e-01   5.4037784e-01   4.0366510e-04   5.9931397e-01   3.7797670e-02   5.4334562e-01   3.0066542e-02   4.3077024e-01   1.4467782e-02   6.3150210e-01   2.9522144e-02
  -5.6802370e-01   1.3635541e-01   5.7249110e-01   1.1025641e-01   6.1063361e-01   1.4555761e-01   6.2247998e-01   1.9436503e-01   5.4555220e-01   5.5752410e-02   6.0983455e-01   9.6978863e-02   5.5600262e-01   9.8691436e-02   4.4944047e-01   1.2796698e-01   6.3929736e-01   6.2789720e-02
  -5.0679707e-01   2.3666008e-01   5.9234719e-01   8.2685490e-02   6.3463867e-01   1.0544348e-01   6.4711068e-01   1.9227029e-01   5.5892917e-01   9.1211634e-02   6.2724624e-01   1.2604206e-01   5.7907816e-01   1.3659613e-01   4.9206176e-01   2.0027782e-01   6.5098150e-01   7.5457677e-02
  -4.2571755e-01   2.5827530e-01   6.0443142e-01   3.3795614e-02   6.4872476e-01   4.0912926e-02   6.6814711e-01   1.3758660e-01   5.7620943e-01   9.9220419e-02   6.4614257e-01   1.1596990e-01   6.0560196e-01   1.3411221e-01   5.4621885e-01   2.1800168e-01   6.6267597e-01   6.2758675e-02
  -3.5100894e-01   1.9879082e-01   6.0500335e-01  -2.9588047e-02   6.4906008e-01  -3.8656210e-02   6.7972740e-01   4.3974826e-02   5.9244823e-01   8.0313849e-02   6.6065320e-01   7.0032754e-02   6.2786833e-01   9.3549247e-02   5.9789424e-01   1.8221335e-01   6.7036968e-01   2.8039736e-02
  -3.0537044e-01   8.0875619e-02   5.9233681e-01  -9.5073866e-02   6.3419641e-01  -1.1812026e-01   6.7852199e-01  -6.3215648e-02   6.0351735e-01   4.2549118e-02   6.6632176e-01   2.5239119e-03   6.3974050e-01   2.8037640e-02   6.3512613e-01   1.0692633e-01   6.7123747e-01  -1.8336613e-02
  -3.0157237e-01  -5.6644573e-02   5.6745590e-01  -1.4816018e-01   6.0574050e-01  -1.8051573e-01   6.6466294e-01  -1.5440638e-01   6.0714848e-01  -1.3800886e-03   6.6136899e-01  -6.6077557e-02   6.3823896e-01  -4.2899350e-02   6.5057333e-01   1.4249113e-02   6.6447995e-01  -6.2381219e-02
  -3.3900631e-01  -1.7134434e-01   5.3420573e-01  -1.7625252e-01   5.6832035e-01  -2.1162027e-01   6.4181056e-01  -2.0430175e-01   6.0346171e-01  -3.8034008e-02   6.4722569e-01  -1.1536337e-01   6.2429405e-01  -9.9115060e-02   6.4291136e-01  -7.1735855e-02   6.5162008e-01  -9.0708880e-02
  -4.0479580e-01  -2.3081208e-01   4.9846239e-01  -1.7227247e-01   5.2864534e-01  -2.0397345e-01   6.1609838e-01  -1.9933666e-01   5.9471853e-01  -5.7295172e-02   6.2801120e-01  -1.3128810e-01   6.0226633e-01  -1.2575604e-01   6.1649663e-01  -1.3125509e-01   6.3603842e-01  -9.4660325e-02
  -4.7863301e-01  -2.2127151e-01   4.6680185e-01  -1.3642110e-01   4.9402146e-01  -1.5873249e-01   5.9441522e-01  -1.4097241e-01   5.8446671e-01  -5.4888245e-02   6.0923280e-01  -1.0980136e-01   5.7852154e-01  -1.1688880e-01   5.7965623e-01  -1.5300150e-01   6.2197090e-01  -7.2569254e-02
  -5.3913262e-01  -1.5013491e-01   4.4503648e-01  -7.6084040e-02   4.7075679e-01  -8.5358051e-02   5.8258016e-01  -4.4886297e-02   5.7644145e-01  -3.3086909e-02   5.9621408e-01  -5.7494203e-02   5.5962796e-01  -7.6500361e-02   5.4232194e-01  -1.3590337e-01   6.1333760e-01  -3.0010082e-02
  -5.7031188e-01  -4.2315470e-02   4.3688229e-01  -3.9851499e-03   4.6274439e-01   7.1341330e-04   5.8376587e-01   6.3606571e-02   5.7345180e-01   3.9610142e-04   5.9257515e-01   1.0696068e-02   5.5053418e-01  -1.6840952e-02   5.1343015e-01  -8.8381450e-02   6.1263736e-01   2.1921823e-02
  -5.6571188e-01   6.9076913e-02   4.4322057e-01   6.5078927e-02   4.7071911e-01   8.1954484e-02   5.9777720e-01   1.5687210e-01   5.7665468e-01   3.5132632e-02   5.9933019e-01   7.6281095e-02   5.5337157e-01   4.5635058e-02   4.9890402e-01  -2.5073214e-02   6.2032112e-01   6.9971177e-02
  -5.2932139e-01   1.5252190e-01   4.6203077e-01   1.1751022e-01   4.9224405e-01   1.4255655e-01   6.2121294e-01   2.1180507e-01   5.8535230e-01   6.0879265e-02   6.1474772e-01   1.2212138e-01   5.6710311e-01   9.4643602e-02   5.0063617e-01   3.7150313e-02   6.3473492e-01   1.0211371e-01
  -4.7376974e-01   1.8732015e-01   4.8891337e-01   1.4401286e-01   5.2233515e-01   1.7197198e-01   6.4837658e-01   2.1581438e-01   5.9724395e-01   7.0421367e-02   6.3486897e-01   1.3705768e-01   5.8791552e-01   1.1840514e-01   5.1637597e-01   8.3557619e-02   6.5255614e-01   1.1073121e-01
  -4.1576483e-01   1.6831052e-01   5.1820599e-01   1.4133898e-01   5.5470510e-01   1.6682470e-01   6.7283270e-01   1.6935706e-01   6.0917025e-01   6.1249047e-02   6.5468892e-01   1.1838716e-01   6.1042686e-01   1.1226087e-01   5.4080985e-01   1.0480886e-01   6.6971502e-01   9.4270675e-02
  -3.7118164e-01   1.0592197e-01   5.4422666e-01   1.1261441e-01   5.8312396e-01   1.3117337e-01   6.8897414e-01   8.5262368e-02   6.1797133e-01   3.5926378e-02   6.6944649e-01   7.2080029e-02   6.2909924e-01   7.9341349e-02   5.6712320e-01   9.8599088e-02   6.8238979e-01   5.7342862e-02
  -3.5056413e-01   2.2063411e-02   5.6249166e-01   6.6267388e-02   6.0273363e-01   7.5168520e-02   6.9339626e-01  -1.4912758e-02   6.2133443e-01   1.1933835e-03   6.7584221e-01   1.0850419e-02   6.3965532e-01   2.9343448e-02   5.8881225e-01   6.9612564e-02   6.8794070e-01   9.3421936e-03
  -3.5672034e-01  -5.7724025e-02   5.7054409e-01   1.3514839e-02   6.1092400e-01   1.2083054e-02   6.8558447e-01  -1.0715295e-01   6.1834753e-01  -3.4233439e-02   6.7276378e-01  -4.9851617e-02   6.4004563e-01  -2.4666605e-02   6.0124258e-01   2.7417414e-02   6.8546805e-01  -3.8365372e-02
  -3.8460743e-01  -1.1175817e-01   5.6827291e-01  -3.4335872e-02   6.0765606e-01  -4.4827622e-02   6.6789795e-01  -1.7097167e-01   6.0966564e-01  -6.1985744e-02   6.6143079e-01  -9.5887535e-02   6.3079621e-01  -6.9706364e-02   6.0255515e-01  -1.6310945e-02   6.7592996e-01  -7.5291297e-02
  -4.2390127e-01  -1.2840875e-01   5.5760194e-01  -6.8569884e-02   5.9510468e-01  -8.5400288e-02   6.4470754e-01  -1.9444573e-01   5.9720437e-01  -7.6265487e-02   6.4483742e-01  -1.1808839e-01   6.1459456e-01  -9.6293390e-02   5.9374086e-01  -5.1102880e-02   6.6172422e-01  -9.4433556e-02
  -4.6242717e-01  -1.0786886e-01   5.4182394e-01  -8.4498327e-02   5.7692915e-01  -1.0418093e-01   6.2123885e-01  -1.7598990e-01   5.8359653e-01  -7.4876095e-02   6.2689155e-01  -1.1376612e-01   5.9545817e-01  -1.0016806e-01   5.7803913e-01  -6.9874609e-02   6.4602904e-01  -9.3419118e-02
  -4.8977199e-01  -6.0920334e-02   5.2473654e-01  -8.1955099e-02   5.5733602e-01  -1.0096436e-01   6.0230729e-01  -1.2380699e-01   5.7153664e-01  -5.9396236e-02   6.1142429e-01  -8.6698541e-02   5.7768852e-01  -8.2776409e-02   5.5992816e-01  -7.0212539e-02   6.3203134e-01  -7.4591453e-02
