   1.3584135e-01   4.7059185e-01   5.5100488e-02   6.7893618e-01   8.3728127e-02   1.1115958e-01   1.6632813e-01   8.9625857e-01   4.1938180e-02   4.7866800e-01   7.1693499e-02   5.8262569e-02   1.0276939e-01   3.4241085e-01   7.7735234e-02   4.8594798e-01   3.5661872e-02   1.0146680e-01
   1.7064653e-01  -2.6596930e-01   2.3190787e-01   9.3168817e-01   1.4369090e-01   5.5389343e-01   3.1321620e-01   1.0000000e+00   1.4727065e-01   7.7691018e-01   1.1443349e-01   4.4693052e-01   1.8518752e-01   7.0687044e-01   2.3559718e-01   8.5805433e-01   8.6966813e-02   5.0593025e-01
  -3.3335591e-02  -8.1275528e-01   4.4329620e-01   1.0000000e+00   2.6968146e-01   8.5809720e-01   4.6325638e-01   9.5105431e-01   2.9118572e-01   9.4717878e-01   2.1336090e-01   7.3939074e-01   3.1172865e-01   9.1973949e-01   4.5285079e-01   1.0000000e+00   1.9527288e-01   7.9350166e-01
  -3.7327745e-01  -1.0000000e+00   6.5098910e-01   9.0361670e-01   4.3485871e-01   1.0000000e+00   5.9934658e-01   8.2958995e-01   4.5328752e-01   1.0000000e+00   3.5171806e-01   9.2546547e-01   4.6041294e-01   1.0000000e+00   6.7593169e-01   9.1453766e-01   3.4053079e-01   9.5630805e-01
  -7.0963115e-01  -8.0205273e-01   8.2433669e-01   6.9034104e-01   6.1103994e-01   9.8704087e-01   7.1557179e-01   6.9797757e-01   6.1557683e-01   9.5236368e-01   5.1155211e-01   1.0000000e+00   6.1292922e-01   9.7392192e-01   8.5848212e-01   6.5840082e-01   5.0258860e-01   1.0000000e+00
  -9.2118070e-01  -3.3846673e-01   9.4386616e-01   4.1194452e-01   7.7322326e-01   8.4522077e-01   8.1284368e-01   5.8177385e-01   7.6285479e-01   8.2050711e-01   6.7424430e-01   9.5992825e-01   7.5465945e-01   8.6189783e-01   9.7048276e-01   3.1173895e-01   6.6287918e-01   9.3714095e-01
  -9.4481552e-01   2.0473218e-01   1.0000000e+00   1.0704700e-01   9.0139809e-01   6.0334216e-01   8.9316502e-01   4.7118541e-01   8.8243334e-01   6.1879971e-01   8.2095043e-01   8.0615097e-01   8.7340536e-01   6.7523976e-01   1.0000000e+00  -5.1045369e-02   8.0510489e-01   7.8216811e-01
  -7.8454213e-01   6.5346774e-01   9.9008023e-01  -1.9677635e-01   9.8038469e-01   2.8834127e-01   9.5528914e-01   3.3807786e-01   9.6399667e-01   3.6236489e-01   9.3359847e-01   5.4817604e-01   9.5829810e-01   4.2185390e-01   9.5049726e-01  -3.6960650e-01   9.1539237e-01   5.5071802e-01
  -4.9961730e-01   8.7631332e-01   9.1726429e-01  -4.7142660e-01   1.0000000e+00  -6.8140762e-02   9.9365722e-01   1.5599929e-01   1.0000000e+00   7.0040291e-02   9.9671057e-01   2.0868925e-01   1.0000000e+00   1.1491766e-01   8.3801788e-01  -5.9351745e-01   9.8272344e-01   2.6246424e-01
  -1.8647913e-01   8.0557420e-01   7.9155723e-01  -6.8115064e-01   9.5670894e-01  -4.2062737e-01   1.0000000e+00  -8.0636955e-02   9.8659644e-01  -2.3113424e-01   1.0000000e+00  -1.7060698e-01   9.9221846e-01  -2.1710795e-01   6.8901111e-01  -6.8388543e-01   1.0000000e+00  -5.3310401e-02
   5.0176711e-02   4.6563271e-01   6.3108996e-01  -7.8850177e-01   8.5624715e-01  -7.1059664e-01   9.6761335e-01  -3.4552626e-01   9.2534143e-01  -5.0303661e-01   9.4178521e-01  -5.2811117e-01   9.3459027e-01  -5.2604055e-01   5.3637661e-01  -6.2533034e-01   9.6599334e-01  -3.5482847e-01
   1.3163546e-01  -2.7288278e-02   4.6083796e-01  -7.6988661e-01   7.1467413e-01  -8.8163488e-01   8.9587011e-01  -5.8752932e-01   8.2466689e-01  -7.0182984e-01   8.3136653e-01  -7.9437381e-01   8.3508216e-01  -7.5379250e-01   4.1274028e-01  -4.3655058e-01   8.8697041e-01  -5.9400434e-01
   3.2059490e-02  -5.0697756e-01   3.0826449e-01  -6.2702004e-01   5.5635835e-01  -8.9833980e-01   7.9267900e-01  -7.4945874e-01   6.9989519e-01  -7.9029688e-01   6.8874885e-01  -9.1247398e-01   7.1016653e-01  -8.5101155e-01   3.4266475e-01  -1.6768444e-01   7.7677747e-01  -7.2900800e-01
  -2.1461299e-01  -8.1897819e-01   1.9760523e-01  -3.8722468e-01   4.0912044e-01  -7.5748606e-01   6.7378678e-01  -7.8861194e-01   5.7101683e-01  -7.5078937e-01   5.4093062e-01  -8.5652505e-01   5.8205680e-01  -7.9431957e-01   3.3702340e-01   1.1505877e-01   6.5472769e-01  -7.3667204e-01
  -5.2853414e-01  -8.7083677e-01   1.4508291e-01  -9.6147651e-02   2.9841264e-01  -4.8905674e-01   5.5936951e-01  -6.9150322e-01   4.5876969e-01  -5.9273800e-01   4.1592906e-01  -6.4097411e-01   4.7393639e-01  -5.9542108e-01   3.9152526e-01   3.4840484e-01   5.4186477e-01  -6.2004628e-01
  -8.1261104e-01  -6.6052220e-01   1.5603693e-01   1.9333068e-01   2.4194744e-01  -1.4871805e-01   4.6895337e-01  -4.7941933e-01   3.8003817e-01  -3.5185216e-01   3.3607692e-01  -3.1803015e-01   4.0444739e-01  -2.9982916e-01   4.8935032e-01   4.8841119e-01   4.5642207e-01  -4.0906828e-01
  -9.8425934e-01  -2.6823005e-01   2.2478667e-01   4.3294549e-01   2.4657729e-01   1.9682365e-01   4.1670186e-01  -2.0011618e-01   3.4439254e-01  -7.9793837e-02   3.1315291e-01   3.8039244e-02   3.8356483e-01   2.6637781e-02   6.0656844e-01   5.1681287e-01   4.1012171e-01  -1.5215151e-01
  -1.0000000e+00   1.7820996e-01   3.3647780e-01   5.8730053e-01   3.0756253e-01   4.8508443e-01   4.0838967e-01   8.7155709e-02   3.5247032e-01   1.6976950e-01   3.4622472e-01   3.5121525e-01   4.1070239e-01   3.1581110e-01   7.1772354e-01   4.3774566e-01   4.0604895e-01   9.6724914e-02
  -8.6445839e-01   5.4921096e-01   4.7035073e-01   6.3683280e-01   4.1044434e-01   6.6879265e-01   4.4082364e-01   3.2649248e-01   3.9675176e-01   3.5318054e-01   4.2295775e-01   5.6107048e-01   4.7566670e-01   5.1262566e-01   8.0026560e-01   2.7102528e-01   4.3884544e-01   2.9053706e-01
  -6.2404066e-01   7.4525364e-01   6.0313985e-01   5.7814549e-01   5.3423576e-01   7.2129895e-01   5.0322189e-01   4.7479869e-01   4.6382984e-01   4.4325952e-01   5.2306617e-01   6.3210833e-01   5.6142361e-01   5.8364060e-01   8.3759324e-01   4.9372608e-02   4.9659526e-01   3.9704568e-01
  -3.5227709e-01   7.2094318e-01   7.1276665e-01   4.2613905e-01   6.5544776e-01   6.4181733e-01   5.7976840e-01   5.1129506e-01   5.3749872e-01   4.3430713e-01   6.2295425e-01   5.6108568e-01   6.4791310e-01   5.2442005e-01   8.2214943e-01  -1.8130314e-01   5.6373094e-01   4.0533309e-01
  -1.2679488e-01   4.9735291e-01   7.8243379e-01   2.1368914e-01   7.5295632e-01   4.5676670e-01   6.5370462e-01   4.4383517e-01   6.0258723e-01   3.4347088e-01   7.0141870e-01   3.7860019e-01   7.1692098e-01   3.6200466e-01   7.5795068e-01  -3.6801627e-01   6.2492931e-01   3.2836169e-01
  -7.1732430e-03   1.5361084e-01   8.0372795e-01  -1.4561743e-02   8.1209978e-01   2.1344679e-01   7.1140048e-01   3.0582624e-01   6.4822395e-01   2.0573100e-01   7.4440478e-01   1.4090220e-01   7.5625034e-01   1.4773656e-01   6.6059781e-01  -4.6458954e-01   6.6858821e-01   1.9854212e-01
  -1.6974887e-02  -2.0005022e-01   7.7826374e-01  -2.1355579e-01   8.2755647e-01  -3.3129916e-02   7.4567873e-01   1.4426436e-01   6.7017733e-01   6.2976758e-02   7.4827588e-01  -8.7043518e-02   7.6261715e-01  -5.8638458e-02   5.5395399e-01  -4.4794082e-01   6.8943991e-01   5.7068966e-02
  -1.4042057e-01  -4.5996152e-01   7.1629670e-01  -3.4896576e-01   8.0313973e-01  -2.3488142e-01   7.5644176e-01   3.5758037e-03   6.7073399e-01  -4.8733792e-02   7.1934333e-01  -2.5079142e-01   7.4126076e-01  -2.0721073e-01   4.6365681e-01  -3.2555196e-01   6.8873055e-01  -5.8996471e-02
  -3.3014217e-01  -5.5992732e-01   6.3367194e-01  -4.0420542e-01   7.4969022e-01  -3.6127032e-01   7.4934705e-01  -8.7062763e-02   6.5698974e-01  -1.0851713e-01   6.7103194e-01  -3.2027573e-01   7.0346641e-01  -2.7090282e-01   4.1035161e-01  -1.3241281e-01   6.7277423e-01  -1.2638034e-01
  -5.2456702e-01  -4.8860617e-01   5.4767296e-01  -3.8217465e-01   6.8145414e-01  -4.0401500e-01   7.3285648e-01  -1.2029725e-01   6.3792074e-01  -1.1439811e-01   6.1925036e-01  -2.9520874e-01   6.6253049e-01  -2.5038652e-01   4.0454141e-01   8.0483678e-02   6.5022300e-01  -1.3993530e-01
  -6.6772252e-01  -2.8692955e-01   4.7318278e-01  -3.0153564e-01   6.1233070e-01  -3.7471994e-01   7.1498062e-01  -1.0871236e-01   6.2144683e-01  -8.0470701e-02   5.7778664e-01  -2.0063260e-01   6.2978423e-01  -1.6958488e-01   4.4469787e-01   2.6105949e-01   6.2920689e-01  -1.1059788e-01
  -7.2532346e-01  -2.9598489e-02   4.1998356e-01  -1.8942299e-01   5.5295497e-01  -2.9737353e-01   7.0078652e-01  -7.6468727e-02   6.1230237e-01  -2.9720035e-02   5.5494218e-01  -7.5857185e-02   6.1175885e-01  -6.4868363e-02   5.1851532e-01   3.6953308e-01   6.1515176e-01  -5.8989082e-02
  -6.9226720e-01   2.0184022e-01   3.9183202e-01  -7.3241400e-02   5.0935471e-01  -1.9888096e-01   6.9147141e-01  -4.8236281e-02   6.1128240e-01   1.4575120e-02   5.5229130e-01   3.8962515e-02   6.0927001e-01   2.7788481e-02   6.0684184e-01   3.8643183e-01   6.0984893e-01  -7.3234547e-03
  -5.9041370e-01   3.4243493e-01   3.8712878e-01   2.5268260e-02   4.8315484e-01  -1.0193088e-01   6.8501708e-01  -4.0724441e-02   6.1580212e-01   3.5377206e-02   5.6550723e-01   1.1327834e-01   6.1831323e-01   8.2445085e-02   6.8858526e-01   3.1418243e-01   6.1178391e-01   2.6975672e-02
  -4.5949879e-01   3.6055508e-01   4.0052447e-01   9.3453579e-02   4.7269043e-01  -2.0884907e-02   6.7779093e-01  -5.7897637e-02   6.2127535e-01   2.5965929e-02   5.8651228e-01   1.3286354e-01   6.3206668e-01   8.8975384e-02   7.4552622e-01   1.7472118e-01   6.1727304e-01   3.5433822e-02
  -3.4354944e-01   2.6438103e-01   4.2500856e-01   1.2852442e-01   4.7459578e-01   3.9164857e-02   6.6656552e-01  -9.0745510e-02   6.2294557e-01  -9.0416293e-03   6.0639059e-01   1.0174285e-01   6.4346003e-01   5.4128957e-02   7.6616239e-01   3.7808585e-03   6.2208141e-01   1.9817702e-02
  -2.7701564e-01   9.6567330e-02   4.5392246e-01   1.3604572e-01   4.8532939e-01   8.0799728e-02   6.5024427e-01  -1.2144063e-01   6.1763122e-01  -5.5883351e-02   6.1822314e-01   3.9136568e-02   6.4755505e-01  -2.1553057e-03   7.4800945e-01  -1.5733930e-01   6.2301315e-01  -9.5765839e-03
  -2.7503176e-01  -8.2124425e-02   4.8240927e-01   1.2647813e-01   5.0222349e-01   1.1070682e-01   6.3065259e-01  -1.3082141e-01   6.0483564e-01  -9.6797952e-02   6.1900117e-01  -2.8150209e-02   6.4299992e-01  -5.4548358e-02   6.9774020e-01  -2.7148965e-01   6.1897101e-01  -3.8370430e-02
  -3.3063001e-01  -2.1348675e-01   5.0801295e-01   1.1098152e-01   5.2383664e-01   1.3556722e-01   6.1213086e-01  -1.0615423e-01   5.8689088e-01  -1.1621473e-01   6.1010124e-01  -7.5037472e-02   6.3215590e-01  -8.1315581e-02   6.2918976e-01  -3.1447299e-01   6.1117638e-01  -5.3530331e-02
  -4.1910825e-01  -2.6007904e-01   5.3040378e-01   9.7602849e-02   5.4963116e-01   1.5856214e-01   6.0010031e-01  -4.6535307e-02   5.6814188e-01  -1.0595881e-01   5.9630643e-01  -8.6218819e-02   6.1995118e-01  -7.1600995e-02   5.5966397e-01  -2.8068138e-01   6.0254837e-01  -4.7990329e-02
  -5.0760693e-01  -2.1503034e-01   5.5042938e-01   8.9003106e-02   5.7917767e-01   1.7761899e-01   5.9912539e-01   3.6039188e-02   5.5348627e-01  -6.7646376e-02   5.8380256e-01  -6.0237483e-02   6.1191953e-01  -2.8502122e-02   5.0552870e-01  -1.8368622e-01   5.9650727e-01  -2.2846020e-02
  -5.6626652e-01  -1.0129283e-01   5.6890854e-01   8.2313347e-02   6.1125001e-01   1.8588509e-01   6.1116143e-01   1.2007257e-01   5.4680080e-01  -1.1760737e-02   5.7791414e-01  -8.7236835e-03   6.1214848e-01   3.2695211e-02   4.7825386e-01  -5.1749938e-02   5.9566560e-01   1.3393896e-02
  -5.7764117e-01   3.8869298e-02   5.8559650e-01   7.1274976e-02   6.4317388e-01   1.7454058e-01   6.3456158e-01   1.8148730e-01   5.4972241e-01   4.6160086e-02   5.8126634e-01   4.8721736e-02   6.2177319e-01   9.0456087e-02   4.8187675e-01   8.0617792e-02   6.0082681e-01   4.8189950e-02
  -5.4063491e-01   1.5875154e-01   5.9885315e-01   4.9564099e-02   6.7085766e-01   1.3668815e-01   6.6431806e-01   2.0103180e-01   5.6127049e-01   9.0404714e-02   5.9311895e-01   9.1447077e-02   6.3865039e-01   1.2428972e-01   5.1274396e-01   1.8158805e-01   6.1072696e-01   6.9334727e-02
  -4.6974168e-01   2.2171393e-01   6.0596553e-01   1.4177836e-02   6.8944971e-01   7.1234252e-02   6.9325333e-01   1.7049866e-01   5.7816653e-01   1.0970721e-01   6.0969275e-01   1.0443432e-01   6.5799254e-01   1.2141642e-01   5.6095538e-01   2.2978188e-01   6.2239839e-01   6.9028078e-02
  -3.8922759e-01   2.1120217e-01   6.0413582e-01  -3.2559551e-02   6.9459361e-01  -1.4985927e-02   7.1399251e-01   9.5557591e-02   5.9586866e-01   1.0025281e-01   6.2553779e-01   8.2726655e-02   6.7392427e-01   8.0662012e-02   6.1336984e-01   2.1852189e-01   6.3214385e-01   4.6337294e-02
  -3.2497908e-01   1.3439801e-01   5.9166854e-01  -8.3019154e-02   6.8382387e-01  -1.0768725e-01   7.2105873e-01  -5.3225441e-03   6.0990618e-01   6.6501982e-02   6.3534342e-01   3.2685602e-02   6.8134478e-01   1.2823712e-02   6.5711052e-01   1.5626194e-01   6.3672543e-01   7.5204887e-03
  -2.9678941e-01   1.8474334e-02   5.6887038e-01  -1.2630899e-01   6.5756266e-01  -1.8829961e-01   7.1239177e-01  -1.0576413e-01   6.1707605e-01   1.9548168e-02   6.3556610e-01  -3.0322631e-02   6.7745973e-01  -6.2668383e-02   6.8254230e-01   6.3174550e-02   6.3435528e-01  -3.5920848e-02
  -3.1185425e-01  -9.8898243e-02   5.3852216e-01  -1.5159626e-01   6.1957970e-01  -2.3902517e-01   6.9019693e-01  -1.7917921e-01   6.1639877e-01  -2.6449445e-02   6.2571008e-01  -8.6960538e-02   6.6285050e-01  -1.2384767e-01   6.8561852e-01  -3.5018325e-02   6.2539470e-01  -7.0875165e-02
  -3.6415364e-01  -1.8214296e-01   5.0537634e-01  -1.5142048e-01   5.7626871e-01  -2.4773658e-01   6.6016988e-01  -2.0622450e-01   6.0911791e-01  -5.8639356e-02   6.0827210e-01  -1.2010367e-01   6.4114111e-01  -1.5290396e-01   6.6799221e-01  -1.1402137e-01   6.1215216e-01  -8.6679352e-02
  -4.3666694e-01  -2.0839077e-01   4.7523147e-01  -1.2399214e-01   5.3540731e-01  -2.1143018e-01   6.3007139e-01  -1.8023222e-01   5.9825631e-01  -6.9101876e-02   5.8805750e-01  -1.1990892e-01   6.1805376e-01  -1.4138534e-01   6.3619723e-01  -1.5682784e-01   5.9828077e-01  -7.8283406e-02
  -5.0742627e-01  -1.7345530e-01   4.5358236e-01  -7.3845838e-02   5.0441298e-01  -1.3709115e-01   6.0758594e-01  -1.0869025e-01   5.8758684e-01  -5.6740322e-02   5.7068504e-01  -8.6419680e-02   5.9972322e-01  -9.2344347e-02   5.9946454e-01  -1.5710470e-01   5.8769145e-01  -4.7591172e-02
  -5.5642274e-01  -9.1503693e-02   4.4433752e-01  -1.0772115e-02   4.8870285e-01  -3.9936937e-02   5.9830160e-01  -1.0708846e-02   5.8049698e-01  -2.7002838e-02   5.6095592e-01  -2.9055680e-02   5.9098548e-01  -1.9014388e-02   5.6717198e-01  -1.1953682e-01   5.8344296e-01  -2.6909061e-03
  -5.7115209e-01   1.0707170e-02   4.4895571e-01   5.2528302e-02   4.9059414e-01   6.0244707e-02   6.0438042e-01   8.8426790e-02   5.7909071e-01   1.0198776e-02   5.6158243e-01   3.6500901e-02   5.9414499e-01   5.9232381e-02   5.4661987e-01  -5.7424366e-02   5.8693881e-01   4.4584703e-02
  -5.4989991e-01   1.0272858e-01   4.6608697e-01   1.0347104e-01   5.0883808e-01   1.4373096e-01   6.2405095e-01   1.6410140e-01   5.8365288e-01   4.3577717e-02   5.7245768e-01   9.2903764e-02   6.0837475e-01   1.2236555e-01   5.4140909e-01   1.1480097e-02   5.9753508e-01   8.1998321e-02
  -5.0113310e-01   1.5954709e-01   4.9196222e-01   1.3244047e-01   5.3907971e-01   1.9516491e-01   6.5227243e-01   1.9851060e-01   5.9272989e-01   6.3643630e-02   5.9083658e-01   1.2585338e-01   6.3009336e-01   1.5494534e-01   5.5105846e-01   6.9775319e-02   6.1278767e-01   1.0013229e-01
  -4.4036240e-01   1.6814012e-01   5.2124815e-01   1.3483908e-01   5.7488554e-01   2.0663719e-01   6.8207636e-01   1.8473601e-01   6.0361872e-01   6.5083516e-02   6.1212141e-01   1.2762655e-01   6.5394686e-01   1.4982216e-01   5.7154114e-01   1.0448770e-01   6.2909894e-01   9.4676049e-02
  -3.8516884e-01   1.3037938e-01   5.4824842e-01   1.1199258e-01   6.0919720e-01   1.7908333e-01   7.0636610e-01   1.2810240e-01   6.1317323e-01   4.7991423e-02   6.3111427e-01   9.8863469e-02   6.7422818e-01   1.0969429e-01   5.9663560e-01   1.0984023e-01   6.4265511e-01   6.7404497e-02
  -3.4980831e-01   6.1150847e-02   5.6818725e-01   7.0524731e-02   6.3589860e-01   1.2146491e-01   7.1973806e-01   4.4149331e-02   6.1872180e-01   1.7487195e-02   6.4342576e-01   4.7926297e-02   6.8638348e-01   4.5860011e-02   6.1975994e-01   8.7936677e-02   6.5042432e-01   2.5430297e-02
  -3.4202315e-01  -1.7055241e-02   5.7802847e-01   2.0520987e-02   6.5084484e-01   4.8174281e-02   7.1951726e-01  -4.5754603e-02   6.1866656e-01  -1.8010421e-02   6.4639186e-01  -1.1758112e-02   6.8792293e-01  -2.5149241e-02   6.3545183e-01   4.7252917e-02   6.5076429e-01  -2.0861993e-02
  -3.6055840e-01  -8.1578699e-02   5.7718597e-01  -2.7112387e-02   6.5278361e-01  -2.4732390e-02   7.0654950e-01  -1.2041030e-01   6.1299905e-01  -4.9320929e-02   6.3986363e-01  -6.5582514e-02   6.7915804e-01  -8.6297641e-02   6.4086600e-01  -3.4399388e-05   6.4391744e-01  -6.0726839e-02
  -3.9736032e-01  -1.1603239e-01   5.6718457e-01  -6.3153116e-02   6.4303043e-01  -8.3197550e-02   6.8442807e-01  -1.6383477e-01   6.0304139e-01  -6.8987049e-02   6.2581479e-01  -1.0155829e-01   6.6265635e-01  -1.2428430e-01   6.3587326e-01  -4.1699049e-02   6.3165649e-01  -8.5700086e-02
  -4.4011005e-01  -1.1455044e-01   5.5121061e-01  -8.2011767e-02   6.2501590e-01  -1.1805512e-01   6.5858993e-01  -1.6891856e-01   5.9110105e-01  -7.3088361e-02   6.0781608e-01  -1.1312857e-01   6.4257484e-01  -1.3262675e-01   6.2292167e-01  -6.8432366e-02   6.1684585e-01  -9.1538753e-02
  -4.7643903e-01  -8.2121718e-02   5.3317100e-01  -8.2473760e-02   6.0322837e-01  -1.2625851e-01   6.3479597e-01  -1.3812560e-01   5.7978125e-01  -6.1814758e-02   5.8997475e-01  -1.0011482e-01   6.2346054e-01  -1.1242752e-01   6.0603888e-01  -7.5737513e-02   6.0264238e-01  -7.8748130e-02
