   7.0985096e-02   5.2188940e-01   1.3113340e-01   2.0923857e-01   4.8324797e-02   1.2604187e-01   1.1188650e-01   2.0845160e-01   1.0402232e-01   2.5068889e-02   1.6181400e-01   3.2288865e-01   1.3340957e-01   6.4164699e-02   1.4211408e-01   1.8530654e-01   1.1126041e-01   3.8155863e-01
   1.2540224e-01  -2.0661561e-01   2.0726261e-01   6.3692779e-01   1.1408061e-01   5.6890945e-01   1.6607094e-01   5.5932957e-01   1.3805649e-01   4.2080117e-01   2.3269958e-01   6.8456143e-01   1.7597899e-01   4.6755905e-01   2.2911648e-01   6.6076555e-01   1.9593742e-01   7.1517177e-01
  -5.5465834e-02  -7.7455717e-01   3.4494801e-01   9.0612607e-01   2.4859471e-01   8.6759447e-01   2.6029309e-01   7.9456133e-01   2.2315754e-01   7.1682916e-01   3.4300130e-01   9.0103531e-01   2.7303815e-01   7.6319906e-01   3.9291480e-01   9.4409538e-01   3.2136564e-01   9.1926664e-01
  -3.7973762e-01  -1.0000000e+00   5.1439887e-01   1.0000000e+00   4.2280621e-01   1.0000000e+00   3.8013041e-01   9.3583119e-01   3.4430184e-01   9.0982388e-01   4.7447905e-01   9.9796932e-01   4.0692137e-01   9.4106138e-01   5.9062964e-01   1.0000000e+00   4.6819604e-01   1.0000000e+00
  -7.1402681e-01  -8.3761399e-01   6.8602471e-01   9.3609116e-01   6.0662443e-01   9.7592316e-01   5.1396691e-01   1.0000000e+00   4.8631255e-01   1.0000000e+00   6.1252632e-01   1.0000000e+00   5.5917665e-01   1.0000000e+00   7.7831760e-01   8.5168456e-01   6.1895633e-01   9.7429566e-01
  -9.3632822e-01  -3.9042926e-01   8.3523733e-01   7.5048725e-01   7.7381860e-01   8.2464131e-01   6.5153950e-01   9.8940774e-01   6.3404394e-01   9.8756805e-01   7.4511772e-01   9.1942194e-01   7.1149913e-01   9.4257681e-01   9.2103345e-01   5.6093516e-01   7.5890814e-01   8.5999246e-01
  -9.7730304e-01   1.5979237e-01   9.4396786e-01   4.7942620e-01   9.0401831e-01   5.7858448e-01   7.8196259e-01   8.9372256e-01   7.7250218e-01   8.7497823e-01   8.6108838e-01   7.5751661e-01   8.4620927e-01   7.7454697e-01   9.9746749e-01   1.9884025e-01   8.7572806e-01   6.7091529e-01
  -8.3303831e-01   6.3174679e-01   1.0000000e+00   1.5378112e-01   9.8250675e-01   2.6678209e-01   8.9261460e-01   6.9932795e-01   8.8743169e-01   6.7010405e-01   9.4918689e-01   5.1284572e-01   9.4694444e-01   5.0769798e-01   1.0000000e+00  -1.6915443e-01   9.5895878e-01   4.1828092e-01
  -5.5750118e-01   8.8729507e-01   9.9660554e-01  -1.9264284e-01   1.0000000e+00  -7.8998499e-02   9.6951020e-01   4.0391892e-01   9.6631814e-01   3.8963610e-01   9.9837263e-01   1.9311422e-01   1.0000000e+00   1.6582989e-01   9.3354979e-01  -4.8296176e-01   1.0000000e+00   1.1719810e-01
  -2.4220429e-01   8.5081675e-01   9.3395249e-01  -5.1409127e-01   9.5400283e-01  -4.1565692e-01   1.0000000e+00   3.0141222e-02   1.0000000e+00   6.2720257e-02   1.0000000e+00  -1.7373920e-01   9.9670817e-01  -2.0942749e-01   8.1458173e-01  -6.8688412e-01   9.9332602e-01  -2.0617980e-01
   8.8737464e-03   5.3488761e-01   8.2123187e-01  -7.5469443e-01   8.5110683e-01  -6.8817343e-01   9.7669583e-01  -3.6668061e-01   9.8470218e-01  -2.6590509e-01   9.5100560e-01  -5.3313154e-01   9.3638084e-01  -5.5665131e-01   6.6951814e-01  -7.4017553e-01   9.3848110e-01  -5.1039206e-01
   1.1421994e-01   4.7184309e-02   6.7723182e-01  -8.6463849e-01   7.0823422e-01  -8.4293874e-01   9.0175248e-01  -7.0803858e-01   9.2423511e-01  -5.4100105e-01   8.5734744e-01  -8.1270267e-01   8.2888417e-01  -8.0586440e-01   5.2990175e-01  -6.3395692e-01   8.4224107e-01  -7.4427287e-01
   4.1108287e-02  -4.4918375e-01   5.2747192e-01  -8.1902358e-01   5.5051012e-01  -8.4667109e-01   7.8817745e-01  -9.1791150e-01   8.3038695e-01  -7.1158841e-01   7.3472496e-01  -9.4610550e-01   6.9413007e-01  -9.0050781e-01   4.2521778e-01  -3.9800406e-01   7.1888977e-01  -8.6198252e-01
  -1.8437130e-01  -7.9431429e-01   3.9894299e-01  -6.2646579e-01   4.0635092e-01  -6.9798620e-01   6.5780408e-01  -9.4777033e-01   7.2116885e-01  -7.4673905e-01   6.0617386e-01  -8.9635031e-01   5.5847857e-01  -8.1688847e-01   3.7572031e-01  -9.2511517e-02   5.8829284e-01  -8.3798028e-01
  -4.8853727e-01  -8.8524994e-01   3.1427763e-01  -3.2685783e-01   3.0132186e-01  -4.2851707e-01   5.3623431e-01  -7.9277630e-01   6.1696864e-01  -6.4605646e-01   4.9687265e-01  -6.7039288e-01   4.4870554e-01  -5.7371719e-01   3.8806380e-01   2.0987987e-01   4.7198676e-01  -6.7655020e-01
  -7.7630043e-01  -7.0647315e-01   2.8712758e-01   1.8865007e-02   2.5274675e-01  -9.4793972e-02   4.4656577e-01  -4.9378364e-01   5.3589713e-01  -4.4045610e-01   4.2796622e-01  -3.1935892e-01   3.8559228e-01  -2.2833120e-01   4.5487574e-01   4.4386171e-01   3.8853245e-01  -4.1237038e-01
  -9.6292621e-01  -3.2968402e-01   3.1966733e-01   3.4378085e-01   2.6631558e-01   2.3639011e-01   4.0377681e-01  -1.2458036e-01   4.8970815e-01  -1.8268793e-01   4.1128694e-01   7.5993276e-02   3.7895522e-01   1.3941146e-01   5.5773461e-01   5.6631628e-01   3.4942888e-01  -1.0150129e-01
  -1.0000000e+00   1.2069231e-01   4.0293485e-01   5.8980923e-01   3.3574015e-01   5.0401061e-01   4.1169237e-01   2.3101171e-01   4.8172347e-01   6.8807103e-02   4.4687251e-01   4.2917784e-01   4.2590588e-01   4.4986923e-01   6.7234733e-01   5.6091209e-01   3.5700739e-01   1.9424584e-01
  -8.8505404e-01   5.1089588e-01   5.1925913e-01   7.1603846e-01   4.4491136e-01   6.6282155e-01   4.6319301e-01   4.9854423e-01   5.0715845e-01   2.6320170e-01   5.2375490e-01   6.6737051e-01   5.1244942e-01   6.4073557e-01   7.7350603e-01   4.3467630e-01   4.0475253e-01   4.2073985e-01
  -6.5959142e-01   7.3458497e-01   6.4569633e-01   7.0451348e-01   5.7131500e-01   6.8984019e-01   5.4232353e-01   6.2758341e-01   5.5482461e-01   3.6677129e-01   6.2264046e-01   7.4547946e-01   6.1695759e-01   6.7862360e-01   8.3962682e-01   2.1618668e-01   4.7912145e-01   5.4173301e-01
  -3.9341762e-01   7.3812421e-01   7.5847983e-01   5.6369695e-01   6.9058384e-01   5.8772746e-01   6.2851133e-01   6.0149708e-01   6.1024985e-01   3.6866058e-01   7.2055787e-01   6.5499822e-01   7.1533176e-01   5.6477579e-01   8.5681666e-01  -4.6493148e-02   5.6290293e-01   5.4508096e-01
  -1.6393564e-01   5.3375982e-01   8.3768083e-01   3.2900434e-01   7.8124827e-01   3.8547733e-01   7.0149962e-01   4.4216281e-01   6.5920625e-01   2.8342499e-01   7.9609510e-01   4.2768678e-01   7.8640819e-01   3.3587987e-01   8.2223892e-01  -2.9177439e-01   6.3903666e-01   4.4527020e-01
  -3.3137160e-02   1.9562148e-01   8.7145871e-01   5.5587761e-02   8.2917341e-01   1.3246246e-01   7.4640291e-01   2.0446841e-01   6.9126951e-01   1.4714647e-01   8.3460719e-01   1.2871492e-01   8.1697999e-01   5.5759821e-02   7.4558075e-01  -4.5930748e-01   6.9444131e-01   2.7934811e-01
  -2.9108709e-02  -1.6747876e-01   8.5836853e-01  -1.9697581e-01   8.3027449e-01  -1.1508744e-01   7.5728047e-01  -4.1815525e-02   7.0229671e-01   5.2726958e-03   8.3171975e-01  -1.6327349e-01   8.0479650e-01  -2.0353661e-01   6.4682545e-01  -5.0907786e-01   7.2272257e-01   9.4932315e-02
  -1.4132761e-01  -4.4795018e-01   8.0656919e-01  -3.7970452e-01   7.9023481e-01  -3.0814599e-01   7.3747624e-01  -2.3286139e-01   6.9458257e-01  -1.0133318e-01   7.9335091e-01  -3.7859788e-01   7.5801205e-01  -3.8155298e-01   5.5085824e-01  -4.3291927e-01   7.2454048e-01  -6.3471684e-02
  -3.2631075e-01  -5.7236248e-01   7.3105678e-01  -4.6529901e-01   7.2223434e-01  -4.1606912e-01   6.9770419e-01  -3.2827283e-01   6.7539333e-01  -1.4807586e-01   7.3330644e-01  -4.7513089e-01   6.9225352e-01  -4.4509932e-01   4.8079548e-01  -2.5607007e-01   7.0634388e-01  -1.6593491e-01
  -5.2381982e-01  -5.2091964e-01   6.4937484e-01  -4.5213929e-01   6.4297460e-01  -4.3153446e-01   6.5207604e-01  -3.1963965e-01   6.5405840e-01  -1.3187539e-01   6.6873865e-01  -4.4678469e-01   6.2572957e-01  -3.9440879e-01   4.5209282e-01  -2.8128290e-02   6.7761917e-01  -2.0270697e-01
  -6.7679659e-01  -3.2835778e-01   5.7722020e-01  -3.6103624e-01   5.6838443e-01  -3.6871962e-01   6.1364989e-01  -2.2853738e-01   6.3881371e-01  -6.9073005e-02   6.1519879e-01  -3.2048076e-01   5.7414035e-01  -2.5905154e-01   4.6904770e-01   1.9227670e-01   6.4778333e-01  -1.8314808e-01
  -7.4706311e-01  -6.6378248e-02   5.2545170e-01  -2.2606717e-01   5.1048938e-01  -2.5567421e-01   5.9120203e-01  -9.5244499e-02   6.3462517e-01   1.2675412e-02   5.8311737e-01  -1.4343241e-01   5.4723328e-01  -8.5618374e-02   5.2481244e-01   3.5296763e-01   6.2387978e-01  -1.2898518e-01
  -7.2520681e-01   1.8126545e-01   4.9846124e-01  -8.3738852e-02   4.7548138e-01  -1.2491857e-01   5.8736645e-01   3.5444606e-02   6.4204711e-01   8.4065250e-02   5.7579381e-01   3.2338266e-02   5.4698959e-01   7.6876696e-02   6.0368784e-01   4.2053190e-01   6.0916651e-01  -6.5869481e-02
  -6.2926545e-01   3.4483029e-01   4.9479842e-01   3.6284482e-02   4.6389209e-01  -4.9277600e-03   5.9915493e-01   1.2743559e-01   6.5778850e-01   1.2277571e-01   5.8996691e-01   1.6421352e-01   5.6853431e-01   1.8998004e-01   6.8576890e-01   3.8552566e-01   6.0327511e-01  -1.5434944e-02
  -4.9671996e-01   3.8576135e-01   5.0881372e-01   1.1627673e-01   4.7180283e-01   8.4916045e-02   6.1969752e-01   1.6122897e-01   6.7610785e-01   1.1846015e-01   6.1769537e-01   2.2760684e-01   6.0236417e-01   2.3344079e-01   7.5164367e-01   2.6227686e-01   6.0318816e-01   9.5191760e-03
  -3.7176395e-01   3.0553975e-01   5.3294439e-01   1.5229402e-01   4.9276510e-01   1.3678820e-01   6.4079992e-01   1.3742131e-01   6.9075867e-01   7.4819555e-02   6.4915251e-01   2.2011057e-01   6.3746615e-01   2.0838788e-01   7.8679769e-01   8.4640247e-02   6.0477284e-01   7.3348912e-03
  -2.9126046e-01   1.4225856e-01   5.6004847e-01   1.5235612e-01   5.1993755e-01   1.5377394e-01   6.5564119e-01   7.4294717e-02   6.9699339e-01   7.6671081e-03   6.7563819e-01   1.5945417e-01   6.6454513e-01   1.3465155e-01   7.8478474e-01  -1.0239770e-01   6.0445054e-01  -1.3590784e-02
  -2.7428718e-01  -4.4456147e-02   5.8510081e-01   1.3165361e-01   5.4780206e-01   1.4642371e-01   6.6070280e-01   2.5974529e-05   6.9295381e-01  -6.0769286e-02   6.9183807e-01   7.5575221e-02   6.7834635e-01   4.2804213e-02   7.4832272e-01  -2.5376928e-01   6.0042454e-01  -3.9021732e-02
  -3.1813299e-01  -1.9379558e-01   6.0592513e-01   1.0660566e-01   5.7309366e-01   1.2792816e-01   6.5643434e-01  -5.7384954e-02   6.8007389e-01  -1.0920645e-01   6.9676451e-01  -9.7363797e-05   6.7852572e-01  -3.6098250e-02   6.8819820e-01  -3.3526530e-01   5.9313929e-01  -5.4491603e-02
  -4.0132874e-01  -2.6290112e-01   6.2291663e-01   8.9330573e-02   5.9483655e-01   1.0924758e-01   6.4657798e-01  -7.9341944e-02   6.6243064e-01  -1.2402335e-01   6.9324926e-01  -4.4811128e-02   6.6896935e-01  -8.0019898e-02   6.2022614e-01  -3.3173017e-01   5.8490948e-01  -5.0533260e-02
  -4.9234208e-01  -2.3856204e-01   6.3793771e-01   8.4125482e-02   6.1358461e-01   9.5691088e-02   6.3644811e-01  -6.1979348e-02   6.4528634e-01  -1.0303811e-01   6.8626188e-01  -5.0709231e-02   6.5588079e-01  -8.1648388e-02   5.6104209e-01  -2.5001534e-01   5.7889102e-01  -2.5759979e-02
  -5.6043373e-01  -1.3816774e-01   6.5287090e-01   8.6980440e-02   6.3026669e-01   8.6010531e-02   6.3087004e-01  -1.6021229e-02   6.3338574e-01  -5.5245372e-02   6.8078348e-01  -2.5293888e-02   6.4541581e-01  -4.8735303e-02   5.2396176e-01  -1.1586953e-01   5.7782744e-01   1.3133518e-02
  -5.8534609e-01  -1.0359353e-03   6.6831558e-01   8.8113467e-02   6.4507818e-01   7.4123275e-02   6.3243161e-01   3.8195881e-02   6.2951714e-01   2.9162223e-03   6.7993128e-01   1.3248405e-02   6.4159082e-01   3.2757206e-04   5.1586325e-01   3.4061293e-02   5.8298028e-01   5.4112575e-02
  -5.6235201e-01   1.2615305e-01   6.8299554e-01   7.6602425e-02   6.5693367e-01   5.2755598e-02   6.4072217e-01   7.8492843e-02   6.3385525e-01   5.3236329e-02   6.8404725e-01   4.3786399e-02   6.4522418e-01   4.3822659e-02   5.3610192e-01   1.6239226e-01   5.9366529e-01   8.4161104e-02
  -5.0230932e-01   2.0394248e-01   6.9397754e-01   4.5208233e-02   6.6360350e-01   1.7350586e-02   6.5259320e-01   8.8361247e-02   6.4410131e-01   8.1220790e-02   6.9081293e-01   4.9860768e-02   6.5398060e-01   6.4010595e-02   5.7728430e-01   2.4027833e-01   6.0742481e-01   9.3545203e-02
  -4.2698414e-01   2.1124680e-01   6.9765191e-01  -6.1834214e-03   6.6250090e-01  -3.1120414e-02   6.6334052e-01   6.2253140e-02   6.5635516e-01   8.0107720e-02   6.9630689e-01   2.5194104e-02   6.6345192e-01   5.2585571e-02   6.2767597e-01   2.5376948e-01   6.2078103e-01   7.8878303e-02
  -3.6145974e-01   1.5028892e-01   6.9110056e-01  -6.9754139e-02   6.5179792e-01  -8.5537844e-02   6.6837350e-01   7.1525748e-03   6.6640881e-01   5.2403227e-02   6.9658383e-01  -2.4445552e-02   6.6884579e-01   1.2824087e-02   6.7447605e-01   2.0592834e-01   6.3030761e-01   4.4119094e-02
  -3.2640098e-01   4.4315380e-02   6.7330313e-01  -1.3176792e-01   6.3139258e-01  -1.3437490e-01   6.6475454e-01  -5.9865108e-02   6.7100703e-01   8.6294460e-03   6.8916726e-01  -8.3393610e-02   6.6664741e-01  -4.1992106e-02   7.0694334e-01   1.1454093e-01   6.3363472e-01  -7.1497895e-04
  -3.3137574e-01  -7.1036528e-02   6.4592951e-01  -1.7674904e-01   6.0349328e-01  -1.6523630e-01   6.5234916e-01  -1.1739573e-01   6.6888598e-01  -3.6357312e-02   6.7418516e-01  -1.3159690e-01   6.5597497e-01  -9.3314479e-02   7.1903842e-01   6.1971623e-03   6.3022641e-01  -4.2771089e-02
  -3.7329260e-01  -1.5970461e-01   6.1312271e-01  -1.9212084e-01   5.7233013e-01  -1.6871201e-01   6.3380332e-01  -1.4654593e-01   6.6094520e-01  -6.8134205e-02   6.5436875e-01  -1.5134774e-01   6.3876742e-01  -1.2349521e-01   7.1015483e-01  -9.1212256e-02   6.2141666e-01  -7.0303253e-02
  -4.3779549e-01  -1.9652551e-01   5.8070578e-01  -1.7206065e-01   5.4335833e-01  -1.4147853e-01   6.1386408e-01  -1.3693456e-01   6.4992751e-01  -7.7139523e-02   6.3439939e-01  -1.3322412e-01   6.1929557e-01  -1.2145747e-01   6.8484296e-01  -1.5566069e-01   6.1002644e-01  -7.6214049e-02
  -5.0475639e-01  -1.7384237e-01   5.5477410e-01  -1.1912870e-01   5.2196612e-01  -8.7418386e-02   5.9791424e-01  -8.9508673e-02   6.3944346e-01  -6.1113023e-02   6.1947777e-01  -7.8898336e-02   6.0279357e-01  -8.5800120e-02   6.5101304e-01  -1.7560276e-01   5.9945881e-01  -5.9837540e-02
  -5.5452317e-01  -1.0218769e-01   5.4029493e-01  -4.3634035e-02   5.1223777e-01  -1.6788543e-02   5.9047019e-01  -1.5931069e-02   6.3289512e-01  -2.5198922e-02   6.1385650e-01  -5.0785910e-04   5.9396275e-01  -2.4850106e-02   6.1771242e-01  -1.5145373e-01   5.9274562e-01  -2.6760742e-02
  -5.7384281e-01  -5.9200754e-03   5.3990282e-01   3.8839446e-02   5.1594094e-01   5.6154150e-02   5.9387324e-01   6.4835069e-02   6.3247296e-01   1.9895488e-02   6.1956916e-01   8.2765863e-02   5.9558893e-01   4.5851899e-02   5.9278724e-01  -9.4285420e-02   5.9169313e-01   1.2979923e-02
  -5.5925387e-01   8.5610406e-02   5.5332259e-01   1.1142945e-01   5.3212238e-01   1.1672212e-01   6.0767298e-01   1.3222463e-01   6.3858496e-01   6.1430722e-02   6.3584889e-01   1.5037859e-01   6.0777830e-01   1.0833502e-01   5.8111920e-01  -2.1665722e-02   5.9644214e-01   4.8066062e-02
  -5.1712848e-01   1.4667431e-01   5.7751482e-01   1.5978978e-01   5.5736058e-01   1.5306289e-01   6.2881464e-01   1.6937951e-01   6.4984442e-01   8.8093522e-02   6.5934512e-01   1.8569589e-01   6.2799075e-01   1.4691303e-01   5.8387856e-01   4.7137283e-02   6.0552953e-01   6.8907355e-02
  -4.6124620e-01   1.6246957e-01   6.0737687e-01   1.7538901e-01   5.8651667e-01   1.5889496e-01   6.5242474e-01   1.6758703e-01   6.6347896e-01   9.3034100e-02   6.8493368e-01   1.8038827e-01   6.5168251e-01   1.5233614e-01   5.9859585e-01   9.6015927e-02   6.1632418e-01   7.0199720e-02
  -4.0804993e-01   1.3248410e-01   6.3697380e-01   1.5720838e-01   6.1393184e-01   1.3475301e-01   6.7313799e-01   1.2824702e-01   6.7615544e-01   7.5463492e-02   7.0706082e-01   1.3636228e-01   6.7354562e-01   1.2396770e-01   6.2023392e-01   1.1561132e-01   6.2581244e-01   5.2131264e-02
  -3.7174701e-01   6.9279886e-02   6.6085119e-01   1.1150234e-01   6.3465172e-01   8.7512259e-02   6.8644486e-01   6.1992424e-02   6.8487346e-01   4.0462687e-02   7.2110331e-01   6.4846353e-02   6.8884398e-01   6.9496482e-02   6.4271351e-01   1.0476774e-01   6.3141299e-01   1.9998687e-02
  -3.6064759e-01  -6.0607364e-03   6.7511012e-01   4.9975111e-02   6.4538745e-01   2.8552286e-02   6.8971210e-01  -1.4360550e-02   6.8768420e-01  -2.6445192e-03   7.2439615e-01  -1.6703464e-02   6.9449014e-01   2.6614301e-03   6.6043883e-01   6.9924323e-02   6.3160509e-01  -1.7403063e-02
  -3.7486699e-01  -7.1250528e-02   6.7823357e-01  -1.3485756e-02   6.4520518e-01  -2.9315833e-02   6.8285080e-01  -8.2769049e-02   6.8421158e-01  -4.3192034e-02   7.1690255e-01  -8.9633584e-02   6.8983359e-01  -6.0793450e-02   6.6977275e-01   2.2621269e-02   6.2635250e-01  -5.0466468e-02
  -4.0762946e-01  -1.0915894e-01   6.7102519e-01  -6.6083863e-02   6.3537574e-01  -7.4765292e-02   6.6801462e-01  -1.2843931e-01   6.7553366e-01  -7.1981465e-02   7.0090221e-01  -1.3863682e-01   6.7650187e-01  -1.0708933e-01   6.6950910e-01  -2.4078772e-02   6.1693966e-01  -7.1253882e-02
  -4.4770804e-01  -1.1253879e-01   6.5623928e-01  -9.8991102e-02   6.1893531e-01  -1.0045266e-01   6.4896840e-01  -1.4342515e-01   6.6384146e-01  -8.3597905e-02   6.8034344e-01  -1.5541881e-01   6.5790581e-01  -1.2775705e-01   6.6094672e-01  -5.9057540e-02   6.0560539e-01  -7.5507639e-02
  -4.8324633e-01  -8.4766938e-02   6.3771125e-01  -1.0869006e-01   5.9980666e-01  -1.0405310e-01   6.3001715e-01  -1.2769378e-01   6.5178001e-01  -7.7243600e-02   6.5974825e-01  -1.3979674e-01   6.3825175e-01  -1.2097353e-01   6.4718272e-01  -7.5527024e-02   5.9490206e-01  -6.3286384e-02
