   1.7276064e-01   2.7892818e-01   1.0365925e-02   4.4958535e-02   8.5160291e-02   6.3580955e-01   1.1578124e-01   9.2281776e-01   8.2928067e-02   5.1585699e-01   5.2119497e-02   4.9164808e-01   1.0287469e-01   5.1723823e-01   1.3307715e-01   2.3027506e-01   1.1707900e-01   6.6448587e-02
   1.4054308e-01  -4.3876522e-01   6.4558319e-02   5.0016051e-01   2.3653779e-01   9.0151816e-01   3.0143345e-01   1.0000000e+00   1.8456542e-01   7.7645433e-01   1.6154503e-01   7.7856330e-01   2.0718403e-01   7.8762181e-01   2.2950198e-01   6.9727675e-01   1.5887398e-01   4.6075709e-01
  -1.0857415e-01  -9.1317766e-01   1.9534947e-01   8.2951200e-01   4.2315826e-01   1.0000000e+00   4.8766211e-01   9.3873887e-01   3.1884219e-01   9.3657135e-01   3.0947286e-01   9.4592138e-01   3.4494827e-01   9.4330049e-01   4.0103427e-01   9.6400237e-01   2.5385279e-01   7.5402097e-01
  -4.5904613e-01  -1.0000000e+00   3.7436711e-01   9.9671379e-01   6.1362713e-01   9.4629716e-01   6.5385801e-01   7.9934005e-01   4.7040738e-01   1.0000000e+00   4.7604109e-01   1.0000000e+00   4.9885755e-01   9.9469606e-01   6.0308815e-01   1.0000000e+00   3.8542987e-01   9.3481951e-01
  -7.7107940e-01  -7.1132500e-01   5.6963360e-01   1.0000000e+00   7.8187521e-01   7.7710521e-01   7.9013561e-01   6.3058634e-01   6.2459354e-01   9.7087624e-01   6.4286482e-01   9.5044752e-01   6.5334880e-01   9.5194804e-01   7.9111081e-01   8.3357544e-01   5.3595860e-01   1.0000000e+00
  -9.3544600e-01  -1.9577135e-01   7.5139825e-01   8.6156827e-01   9.0940990e-01   5.3126054e-01   8.9363658e-01   4.5710427e-01   7.6728052e-01   8.5259728e-01   7.9309367e-01   8.0570881e-01   7.9404941e-01   8.2015837e-01   9.3035544e-01   5.2854695e-01   6.8775173e-01   9.5211212e-01
  -9.0585661e-01   3.5260004e-01   8.9511430e-01   6.1086176e-01   9.8440982e-01   2.3808186e-01   9.6401104e-01   2.8127615e-01   8.8504790e-01   6.5118789e-01   9.1129553e-01   5.7432557e-01   9.0716093e-01   6.0198652e-01   1.0000000e+00   1.5585754e-01   8.2390197e-01   7.9844319e-01
  -7.0219655e-01   7.6434931e-01   9.8203110e-01   2.7877780e-01   1.0000000e+00  -7.8765753e-02   1.0000000e+00   9.4056773e-02   9.6580769e-01   3.7859780e-01   9.8377538e-01   2.6963816e-01   9.7950516e-01   3.0458959e-01   9.9321218e-01  -2.1781737e-01   9.2901114e-01   5.5203316e-01
  -3.9547303e-01   9.2063780e-01   1.0000000e+00  -9.5733423e-02   9.5427597e-01  -3.8982217e-01   9.9867947e-01  -1.1075382e-01   1.0000000e+00   5.5752455e-02   1.0000000e+00  -8.3545131e-02   1.0000000e+00  -5.1422431e-02   9.1628198e-01  -5.2851260e-01   9.9039462e-01   2.3570799e-01
  -8.7065105e-02   7.7273177e-01   9.4582575e-01  -4.5808749e-01   8.5223460e-01  -6.5289438e-01   9.5726758e-01  -3.2403997e-01   9.8226543e-01  -2.8336448e-01   9.5509032e-01  -4.4240996e-01   9.6241772e-01  -4.2390682e-01   7.8805256e-01  -7.1700432e-01   1.0000000e+00  -1.1228515e-01
   1.2049255e-01   3.6828678e-01   8.2811153e-01  -7.4285929e-01   7.0790136e-01  -8.1915041e-01   8.7661015e-01  -5.1665591e-01   9.1365369e-01  -5.9032214e-01   8.5299699e-01  -7.4650595e-01   8.6892720e-01  -7.4922341e-01   6.3773691e-01  -7.4369761e-01   9.5696060e-01  -4.3730595e-01
   1.5900555e-01  -1.5608851e-01   6.6767857e-01  -8.9303592e-01   5.4398528e-01  -8.5102577e-01   7.6443679e-01  -6.4864221e-01   8.0340833e-01  -8.1113961e-01   7.0853328e-01  -9.3250977e-01   7.3252663e-01  -9.5826452e-01   4.9891675e-01  -6.0616791e-01   8.6951534e-01  -6.7937711e-01
   1.6482023e-02  -6.2691337e-01   4.9388630e-01  -8.7923529e-01   3.8801569e-01  -7.3783726e-01   6.3573941e-01  -6.8586223e-01   6.6851172e-01  -9.0231446e-01   5.4591081e-01  -9.5568951e-01   5.7591169e-01  -1.0000000e+00   4.0151878e-01  -3.4261480e-01   7.5436010e-01  -7.9100081e-01
  -2.6033252e-01  -8.9550404e-01   3.3834580e-01  -7.0795482e-01   2.6654294e-01  -5.0025406e-01   5.1036060e-01  -6.1328735e-01   5.3091633e-01  -8.4535388e-01   3.9414502e-01  -8.0612538e-01   4.2715002e-01  -8.5951657e-01   3.6454141e-01  -2.0166872e-02   6.3356850e-01  -7.5183510e-01
  -5.8379028e-01  -8.8557420e-01   2.2811191e-01  -4.1905841e-01   1.9945315e-01  -1.8532866e-01   4.0858869e-01  -4.4193958e-01   4.1298087e-01  -6.5425813e-01   2.8052643e-01  -5.1435042e-01   3.1330150e-01  -5.6497663e-01   3.9217224e-01   2.8485079e-01   5.2976802e-01  -5.7571403e-01
  -8.5575085e-01  -6.1549140e-01   1.8011879e-01  -7.4661070e-02   1.9585720e-01   1.4540495e-01   3.4618273e-01  -2.0716515e-01   3.3245645e-01  -3.7277594e-01   2.2411934e-01  -1.4422777e-01   2.5391075e-01  -1.8108375e-01   4.7398249e-01   5.0762175e-01   4.6092988e-01  -3.0760700e-01
  -1.0000000e+00  -1.8284239e-01   1.9848495e-01   2.5781010e-01   2.5281061e-01   4.3157167e-01   3.3066407e-01   4.2685181e-02   2.9877508e-01  -6.0954173e-02   2.3157949e-01   2.2606154e-01   2.5663230e-01   2.1038733e-01   5.8888836e-01   6.0838109e-01   4.3649300e-01  -9.8012337e-03
  -9.8193398e-01   2.7696662e-01   2.7508704e-01   5.1960590e-01   3.5685834e-01   6.2537679e-01   3.6031551e-01   2.5955127e-01   3.1194171e-01   2.2067698e-01   2.9666891e-01   5.2378789e-01   3.1645338e-01   5.3149411e-01   7.1048096e-01   5.7377219e-01   4.5616507e-01   2.5450617e-01
  -8.1624071e-01   6.3328869e-01   3.9190209e-01   6.6936807e-01   4.8694907e-01   6.9783551e-01   4.2493831e-01   4.0513188e-01   3.6321091e-01   4.2339614e-01   4.0214592e-01   6.9579932e-01   4.1726420e-01   7.2357862e-01   8.1215781e-01   4.1490005e-01   5.1057382e-01   4.3443527e-01
  -5.5726785e-01   7.9330594e-01   5.2505865e-01   6.8750668e-01   6.1853582e-01   6.4136174e-01   5.0856214e-01   4.5698342e-01   4.3779331e-01   5.1790765e-01   5.2410959e-01   7.1630007e-01   5.3598099e-01   7.5640313e-01   8.7186596e-01   1.6527176e-01   5.8412758e-01   5.0002481e-01
  -2.8242037e-01   7.2277155e-01   6.4928399e-01   5.8011327e-01   7.2785476e-01   4.7247587e-01   5.9282901e-01   4.1352225e-01   5.1817757e-01   4.9953012e-01   6.3693098e-01   5.9191937e-01   6.4737339e-01   6.3431945e-01   8.7649989e-01  -1.1976597e-01   6.5859486e-01   4.4815435e-01
  -6.9260652e-02   4.5681532e-01   7.4302600e-01   3.7937759e-01   7.9665566e-01   2.3114424e-01   6.6126334e-01   2.9629569e-01   5.8816246e-01   3.8993984e-01   7.1892191e-01   3.6226640e-01   7.2972317e-01   3.9743972e-01   8.2575494e-01  -3.7148486e-01   7.1746132e-01   3.0429483e-01
   2.8235555e-02   8.6872200e-02   7.9294958e-01   1.3521057e-01   8.1609018e-01  -2.8432797e-02   7.0333898e-01   1.4364193e-01   6.3664162e-01   2.3024058e-01   7.5734491e-01   8.9422658e-02   7.6991001e-01   1.1074748e-01   7.3299327e-01  -5.2717820e-01   7.4997244e-01   1.1463133e-01
  -6.4092539e-03  -2.7132848e-01   7.9592725e-01  -9.8438939e-02   7.8800120e-01  -2.5190942e-01   7.1642462e-01  -1.6036559e-03   6.5953682e-01   6.7999677e-02   7.5061488e-01  -1.5970711e-01   7.6574071e-01  -1.5465849e-01   6.2191574e-01  -5.4975971e-01   7.5313924e-01  -6.8269855e-02
  -1.5007373e-01  -5.1541667e-01   7.5850753e-01  -2.7719195e-01   7.2362632e-01  -3.9832371e-01   7.0542020e-01  -1.0496675e-01   6.5972236e-01  -5.6860891e-02   7.0757027e-01  -3.3172597e-01   7.2537799e-01  -3.4117880e-01   5.2006792e-01  -4.3870810e-01   7.3156105e-01  -2.0067335e-01
  -3.5036195e-01  -5.8620898e-01   6.9410519e-01  -3.7551274e-01   6.4011238e-01  -4.4860262e-01   6.8025556e-01  -1.4919506e-01   6.4499803e-01  -1.2209134e-01   6.4403276e-01  -3.9927252e-01   6.6405816e-01  -4.1832233e-01   4.5148527e-01  -2.2845368e-01   6.9517388e-01  -2.5840501e-01
  -5.4393939e-01  -4.8243670e-01   6.1891869e-01  -3.9032108e-01   5.5595578e-01  -4.0782189e-01   6.5221898e-01  -1.3737705e-01   6.2497126e-01  -1.2683947e-01   5.7790985e-01  -3.6524992e-01   5.9931571e-01  -3.8762327e-01   4.3062773e-01   2.3188595e-02   6.5583396e-01  -2.4094398e-01
  -6.7694921e-01  -2.5481994e-01   5.4773897e-01  -3.3762369e-01   4.8661657e-01  -3.0038768e-01   6.3029310e-01  -8.8910707e-02   6.0787690e-01  -8.7954337e-02   5.2431199e-01  -2.5737468e-01   5.4615149e-01  -2.7727527e-01   4.5933672e-01   2.5271770e-01   6.2380751e-01  -1.6765612e-01
  -7.1910401e-01   1.6129817e-02   4.9116398e-01  -2.4412276e-01   4.4179520e-01  -1.6066348e-01   6.1898947e-01  -3.0575059e-02   5.9856477e-01  -3.1448661e-02   4.9245952e-01  -1.1639558e-01   5.1391158e-01  -1.2986384e-01   5.2758762e-01   4.0736655e-01   6.0548433e-01  -6.8731106e-02
  -6.7031126e-01   2.4666776e-01   4.5428163e-01  -1.3802403e-01   4.2430493e-01  -2.3130078e-02   6.1770926e-01   1.2970353e-02   5.9767204e-01   1.6605652e-02   4.8436560e-01   1.6485563e-02   5.0489607e-01   1.0934069e-02   6.1669167e-01   4.5664633e-01   6.0234551e-01   2.4678437e-02
  -5.5681847e-01   3.7448691e-01   4.3722171e-01  -4.1760743e-02   4.3096654e-01   8.5522752e-02   6.2201257e-01   2.6645521e-02   6.0231134e-01   3.7654139e-02   4.9581563e-01   1.1013190e-01   5.1523456e-01   1.1165359e-01   7.0456590e-01   3.9664883e-01   6.1157647e-01   8.8874711e-02
  -4.2078213e-01   3.7321538e-01   4.3664489e-01   3.1335079e-02   4.5455483e-01   1.5049073e-01   6.2578687e-01   8.1464719e-03   6.0758275e-01   2.4653181e-02   5.1860944e-01   1.4916569e-01   5.3704018e-01   1.5528171e-01   7.7087244e-01   2.4832797e-01   6.2761288e-01   1.1223906e-01
  -3.0635675e-01   2.5773847e-01   4.4759822e-01   7.7786838e-02   4.8626996e-01   1.7024228e-01   6.2371600e-01  -3.2261911e-02   6.0848907e-01  -1.6728557e-02   5.4345147e-01   1.3596030e-01   5.6122896e-01   1.4357453e-01   8.0159069e-01   5.1811613e-02   6.4416436e-01   9.6913686e-02
  -2.4629057e-01   7.6461601e-02   4.6524340e-01   1.0201940e-01   5.1812367e-01   1.5444444e-01   6.1328651e-01  -7.6071454e-02   6.0172289e-01  -7.0804485e-02   5.6272731e-01   8.7522792e-02   5.8026038e-01   9.3931725e-02   7.9188400e-01  -1.4344654e-01   6.5617090e-01   5.6376160e-02
  -2.5253823e-01  -1.0675934e-01   4.8611217e-01   1.1267766e-01   5.4476699e-01   1.1920452e-01   5.9579016e-01  -1.0363261e-01   5.8686777e-01  -1.1772189e-01   5.7252190e-01   2.8271005e-02   5.9015638e-01   3.1888955e-02   7.4688715e-01  -2.9106854e-01   6.6121540e-01   9.7272977e-03
  -3.1513651e-01  -2.3408368e-01   5.0844557e-01   1.1843547e-01   5.6408073e-01   8.1208019e-02   5.7575892e-01  -1.0120959e-01   5.6643618e-01  -1.4032863e-01   5.7302764e-01  -1.8683951e-02   5.9095355e-01  -1.8066367e-02   6.7977367e-01  -3.5880879e-01   6.5977992e-01  -2.5215985e-02
  -4.0735846e-01  -2.7113403e-01   5.3187970e-01   1.2453096e-01   5.7681004e-01   5.2572696e-02   5.5938274e-01  -6.5728799e-02   5.4502769e-01  -1.2969535e-01   5.6772393e-01  -3.8776988e-02   5.8594685e-01  -4.0206291e-02   6.0814241e-01  -3.3606082e-01   6.5461800e-01  -3.7635606e-02
  -4.9593685e-01  -2.1552004e-01   5.5655392e-01   1.3085279e-01   5.8532618e-01   3.7782710e-02   5.5230094e-01  -5.7387067e-03   5.2779791e-01  -8.7595706e-02   5.6153712e-01  -2.9638592e-02   5.7991563e-01  -3.1573825e-02   5.4934211e-01  -2.3536947e-01   6.4939824e-01  -2.6553946e-02
  -5.5196184e-01  -9.4015270e-02   5.8210151e-01   1.3228152e-01   5.9213157e-01   3.3677756e-02   5.5767204e-01   6.1602955e-02   5.1888392e-01  -2.5253036e-02   5.5883537e-01  -1.2824574e-04   5.7716046e-01  -1.1322333e-03   5.1629103e-01  -8.7636246e-02   6.4724290e-01   4.7972664e-05
  -5.5988263e-01   4.8819664e-02   6.0683024e-01   1.2115760e-01   5.9852750e-01   3.2099027e-02   5.7494807e-01   1.1625451e-01   5.2014653e-01   4.0668058e-02   5.6176988e-01   3.4135541e-02   5.7985672e-01   3.4836065e-02   5.1445426e-01   6.7309383e-02   6.4953759e-01   2.8977792e-02
  -5.2048604e-01   1.6613924e-01   6.2765213e-01   9.0990127e-02   6.0413098e-01   2.4099247e-02   6.0004567e-01   1.4152250e-01   5.3081720e-01   9.3301613e-02   5.6975863e-01   5.6950020e-02   5.8751707e-01   5.9233320e-02   5.4136371e-01   1.9132893e-01   6.5560097e-01   4.6941075e-02
  -4.4956094e-01   2.2290683e-01   6.4061907e-01   4.0059343e-02   6.0706052e-01   3.9549148e-03   6.2641701e-01   1.2916914e-01   5.4778643e-01   1.2034807e-01   5.7979918e-01   5.7139923e-02   5.9726949e-01   6.0114055e-02   5.8777906e-01   2.5735067e-01   6.6297846e-01   4.5155419e-02
  -3.7166908e-01   2.0533607e-01   6.4209622e-01  -2.6576898e-02   6.0486531e-01  -2.8328943e-02   6.4697735e-01   8.1869855e-02   5.6661450e-01   1.1723724e-01   5.8770214e-01   3.2153904e-02   6.0504799e-01   3.4557007e-02   6.4063806e-01   2.5501376e-01   6.6841501e-01   2.2210950e-02
  -3.1193666e-01   1.2361103e-01   6.3007432e-01  -9.7507060e-02   5.9569501e-01  -6.6770989e-02   6.5617415e-01   1.2530243e-02   5.8283107e-01   8.7984467e-02   5.8965602e-01  -1.1251857e-02   6.0711918e-01  -1.0546395e-02   6.8662864e-01   1.9180993e-01   6.6905456e-01  -1.5546918e-02
  -2.8835471e-01   6.9999473e-03   6.0512806e-01  -1.5784725e-01   5.7927228e-01  -1.0144475e-01   6.5157610e-01  -5.9550121e-02   5.9314307e-01   4.3420008e-02   5.8361078e-01  -5.9503151e-02   6.0144110e-01  -6.1067189e-02   7.1544645e-01   8.9439460e-02   6.6347204e-01  -5.6276199e-02
  -3.0659425e-01  -1.0626707e-01   5.7072265e-01  -1.9340206e-01   5.5736905e-01  -1.2177811e-01   6.3460985e-01  -1.1431339e-01   5.9624945e-01  -2.3947547e-03   5.7009442e-01  -9.6740377e-02   5.8847307e-01  -1.0037889e-01   7.2206474e-01  -2.2931832e-02   6.5225309e-01  -8.6542646e-02
  -3.5906936e-01  -1.8194148e-01   5.3264699e-01  -1.9492306e-01   5.3357037e-01  -1.2020406e-01   6.1010880e-01  -1.3699049e-01   5.9299799e-01  -3.6711395e-02   5.5214083e-01  -1.1024636e-01   5.7112150e-01  -1.1505825e-01   7.0741951e-01  -1.1705211e-01   6.3788631e-01  -9.5870947e-02
  -4.2839411e-01  -1.9965783e-01   4.9776938e-01  -1.6065874e-01   5.1241987e-01  -9.4554979e-02   5.8487069e-01  -1.2198784e-01   5.8586583e-01  -5.1578013e-02   5.3437196e-01  -9.4313422e-02   5.5385813e-01  -9.8970547e-02   6.7743945e-01  -1.7230906e-01   6.2402150e-01  -7.9901779e-02
  -4.9327514e-01  -1.5802733e-01   4.7250608e-01  -9.6951555e-02   4.9827604e-01  -4.8894540e-02   5.6576029e-01  -7.4143693e-02   5.7806165e-01  -4.5650814e-02   5.2164710e-01  -5.1901095e-02   5.4141113e-01  -5.5054568e-02   6.4106234e-01  -1.7993183e-01   6.1441300e-01  -4.1656167e-02
  -5.3506023e-01  -7.3433260e-02   4.6140363e-01  -1.6709910e-02   4.9419699e-01   7.4614050e-03   5.5788444e-01  -6.9649824e-03   5.7251922e-01  -2.3848281e-02   5.1767331e-01   6.4125077e-03   5.3741069e-01   5.7272604e-03   6.0776261e-01  -1.4367990e-01   6.1185452e-01   9.4750224e-03
  -5.4337772e-01   2.6404934e-02   4.6607610e-01   6.3756635e-02   5.0107699e-01   6.2380834e-02   5.6319882e-01   6.1463111e-02   5.7101415e-01   4.7397652e-03   5.2388315e-01   6.5648470e-02   5.4328757e-01   6.7728068e-02   5.8508480e-01  -7.7481045e-02   6.1733609e-01   6.0551151e-02
  -5.1812139e-01   1.1173011e-01   4.8500506e-01   1.2852145e-01   5.1747191e-01   1.0401430e-01   5.8022942e-01   1.1346502e-01   5.7381211e-01   2.9938774e-02   5.3913543e-01   1.1070238e-01   5.5797026e-01   1.1509783e-01   5.7718731e-01  -6.9743525e-04   6.2984467e-01   9.8732725e-02
  -4.6883241e-01   1.5935829e-01   5.1390728e-01   1.6552620e-01   5.3989850e-01   1.2366959e-01   6.0452374e-01   1.3624975e-01   5.7969823e-01   4.3410266e-02   5.5998832e-01   1.3029203e-01   5.7814079e-01   1.3594042e-01   5.8418220e-01   6.6987933e-02   6.4660594e-01   1.1461746e-01
  -4.1112265e-01   1.5890435e-01   5.4675850e-01   1.6911765e-01   5.6367359e-01   1.1789337e-01   6.2991779e-01   1.2498951e-01   5.8645804e-01   4.0915358e-02   5.8162431e-01   1.1983903e-01   5.9912907e-01   1.2536474e-01   6.0258607e-01   1.1038097e-01   6.6382268e-01   1.0461910e-01
  -3.6161424e-01   1.1472608e-01   5.7716333e-01   1.4100062e-01   5.8403018e-01   8.9162312e-02   6.5018727e-01   8.3674398e-02   5.9161425e-01   2.3256869e-02   5.9911280e-01   8.2449243e-02   6.1614049e-01   8.6538903e-02   6.2659959e-01   1.2198905e-01   6.7766049e-01   7.1706404e-02
  -3.3319913e-01   4.3313254e-02   5.9968784e-01   8.9384610e-02   5.9717579e-01   4.5008766e-02   6.6057338e-01   2.3590736e-02   5.9316385e-01  -4.3093784e-03   6.0861196e-01   2.7762489e-02   6.2542791e-01   2.9500054e-02   6.4976466e-01   1.0290177e-01   6.8517212e-01   2.4340233e-02
  -3.3150397e-01  -3.2446503e-02   6.1096387e-01   2.6750500e-02   6.0112777e-01  -4.0158358e-03   6.5894521e-01  -3.9906904e-02   5.9017292e-01  -3.3807277e-02   6.0830879e-01  -3.0772877e-02   6.2521028e-01  -3.1694049e-02   6.6664686e-01   6.1672368e-02   6.8500942e-01  -2.5902119e-02
  -3.5409082e-01  -9.0879102e-02   6.1017642e-01  -3.3438195e-02   5.9600152e-01  -4.7191635e-02   6.4612692e-01  -9.1733539e-02   5.8298770e-01  -5.7109414e-02   5.9871786e-01  -7.9715649e-02   6.1596819e-01  -8.2964849e-02   6.7403192e-01   1.1081348e-02   6.7763299e-01  -6.7583899e-02
  -3.9201270e-01  -1.1757368e-01   5.9895182e-01  -7.9759928e-02   5.8379235e-01  -7.6129141e-02   6.2548282e-01  -1.2074958e-01   5.7307690e-01  -6.8167176e-02   5.8238967e-01  -1.0892135e-01   6.0016411e-01  -1.1366476e-01   6.7139582e-01  -3.5525727e-02   6.6506790e-01  -9.2185719e-02
  -4.3303964e-01  -1.0878524e-01   5.8073763e-01  -1.0508224e-01   5.6774987e-01  -8.6484204e-02   6.0192537e-01  -1.2214288e-01   5.6258801e-01  -6.4476074e-02   5.6315603e-01  -1.1371506e-01   5.8151128e-01  -1.1886217e-01   6.6067591e-01  -6.7587903e-02   6.5030627e-01  -9.5912941e-02
  -4.6555849e-01  -7.1416450e-02   5.5985426e-01  -1.0756813e-01   5.5151749e-01  -7.8524907e-02   5.8061893e-01  -9.8012845e-02   5.5375107e-01  -4.7442375e-02   5.4512434e-01  -9.5479444e-02   5.6399693e-01  -9.9966360e-02   6.4546820e-01  -7.9563115e-02   6.3652256e-01  -8.0144905e-02
