   1.2576532e-01   1.9111427e-01   7.3570047e-02   4.9415396e-01   9.0180194e-02   4.4189824e-01   2.7118482e-02   2.2267088e-01   7.7371416e-02   4.6033231e-01   2.9516309e-02   7.1012442e-01   8.6977578e-02   8.2404133e-01   5.0339597e-02   6.6748432e-01   6.6994135e-02   5.0845324e-01
   6.4688390e-02  -5.3003063e-01   2.1153578e-01   8.4405458e-01   2.0887423e-01   8.0810234e-01   9.3754989e-02   5.4921419e-01   1.7626275e-01   7.6919189e-01   1.9461832e-01   9.3233889e-01   2.6709821e-01   9.9401388e-01   2.5840571e-01   9.5351253e-01   1.7992220e-01   8.0953505e-01
  -1.9464404e-01  -9.6978399e-01   4.0072718e-01   1.0000000e+00   3.7894023e-01   9.9269555e-01   2.0920391e-01   7.9494989e-01   3.1321935e-01   9.4404969e-01   3.8809532e-01   1.0000000e+00   4.6378669e-01   1.0000000e+00   5.0827392e-01   1.0000000e+00   3.3168019e-01   9.6985205e-01
  -5.3334935e-01  -1.0000000e+00   6.0212990e-01   9.7005517e-01   5.6646801e-01   1.0000000e+00   3.5871638e-01   9.4844845e-01   4.6814708e-01   1.0000000e+00   5.8170109e-01   9.3904704e-01   6.4909522e-01   8.8532581e-01   7.4189044e-01   8.3308803e-01   4.9920866e-01   1.0000000e+00
  -8.1718393e-01  -6.5956698e-01   7.8209053e-01   7.9577921e-01   7.4138056e-01   8.6388327e-01   5.2578711e-01   1.0000000e+00   6.2377308e-01   9.5592062e-01   7.5325094e-01   7.8233100e-01   8.0406193e-01   6.9554775e-01   9.1415682e-01   5.2461099e-01   6.6238333e-01   9.2221266e-01
  -9.4859738e-01  -1.1523391e-01   9.1666994e-01   5.2773785e-01   8.8102189e-01   6.2678495e-01   6.9233747e-01   9.4104847e-01   7.6564354e-01   8.2821725e-01   8.8676170e-01   5.5853248e-01   9.1758962e-01   4.6443950e-01   1.0000000e+00   1.5659506e-01   8.0503160e-01   7.5972083e-01
  -8.9316523e-01   4.3548129e-01   9.9146645e-01   2.0902450e-01   9.7018139e-01   3.2566835e-01   8.3914216e-01   7.6772671e-01   8.8168924e-01   6.3126322e-01   9.7126078e-01   2.9023098e-01   9.8377695e-01   2.1255278e-01   9.9357163e-01  -2.0114585e-01   9.1458466e-01   5.3218931e-01
  -6.7755875e-01   8.2408896e-01   1.0000000e+00  -1.2356839e-01   1.0000000e+00  -6.8885321e-03   9.4715460e-01   4.8691766e-01   9.6215391e-01   3.8025961e-01   1.0000000e+00  -1.7205919e-03   1.0000000e+00  -4.6170396e-02   9.0478269e-01  -4.9156244e-01   9.8161324e-01   2.5772434e-01
  -3.7682095e-01   9.3542520e-01   9.4339418e-01  -4.2989436e-01   9.6798421e-01  -3.3322952e-01   1.0000000e+00   1.2504994e-01   1.0000000e+00   9.5685062e-02   9.7071373e-01  -2.9136249e-01   9.6639309e-01  -2.9524065e-01   7.5673948e-01  -6.6686746e-01   1.0000000e+00  -4.0983039e-02
  -9.1319278e-02   7.3372384e-01   8.3160051e-01  -6.6311582e-01   8.7958187e-01  -6.0581012e-01   9.8793763e-01  -2.6674218e-01   9.9219724e-01  -1.9202086e-01   8.8723535e-01  -5.4308629e-01   8.8718962e-01  -5.0895883e-01   5.8276356e-01  -6.9486135e-01   9.6826994e-01  -3.3132521e-01
   8.2849413e-02   2.8570543e-01   6.8391660e-01  -7.7986676e-01   7.4943138e-01  -7.7525711e-01   9.1162701e-01  -6.1809783e-01   9.4130307e-01  -4.4269789e-01   7.6114798e-01  -7.1509241e-01   7.7243407e-01  -6.5419863e-01   4.2090707e-01  -5.7315942e-01   8.9121261e-01  -5.7192544e-01
   8.7996136e-02  -2.5437639e-01   5.2664905e-01  -7.5685058e-01   6.0026557e-01  -8.0717112e-01   7.8421668e-01  -8.5753518e-01   8.5653105e-01  -6.1487084e-01   6.1202117e-01  -7.7149629e-01   6.3860192e-01  -7.0070873e-01   3.0508967e-01  -3.3622568e-01   7.8076268e-01  -7.2201164e-01
  -7.6290396e-02  -7.0666908e-01   3.8782002e-01  -6.0042207e-01   4.5866561e-01  -6.9527530e-01   6.2940784e-01  -9.3489908e-01   7.5283292e-01  -6.7912936e-01   4.6468932e-01  -6.9647968e-01   5.0667553e-01  -6.3401462e-01   2.5683696e-01  -4.5663495e-02   6.5471057e-01  -7.5439107e-01
  -3.5541898e-01  -9.2816474e-01   2.9130693e-01  -3.4453206e-01   3.4954466e-01  -4.6360012e-01   4.7652319e-01  -8.3588396e-01   6.4817118e-01  -6.2793116e-01   3.4446269e-01  -5.0173673e-01   3.9829884e-01  -4.6249295e-01   2.8078949e-01   2.2849304e-01   5.3363419e-01  -6.6421183e-01
  -6.6013291e-01  -8.5854798e-01   2.5207590e-01  -4.1623556e-02   2.9094628e-01  -1.6042945e-01   3.5384355e-01  -5.8677161e-01   5.5967847e-01  -4.7919033e-01   2.7157493e-01  -2.2600876e-01   3.3114419e-01  -2.1792100e-01   3.6507578e-01   4.2767668e-01   4.3677231e-01  -4.7208514e-01
  -8.9719399e-01  -5.3524124e-01   2.7376044e-01   2.5017577e-01   2.9064419e-01   1.5375387e-01   2.8224107e-01  -2.4709613e-01   4.9995804e-01  -2.7133775e-01   2.5666799e-01   7.4082440e-02   3.1496596e-01   5.1527306e-02   4.8610349e-01   5.1840935e-01   3.7804861e-01  -2.1969234e-01
  -1.0000000e+00  -7.2535253e-02   3.4873724e-01   4.7981860e-01   3.4509848e-01   4.2065943e-01   2.7070188e-01   1.0735794e-01   4.7460466e-01  -5.1713786e-02   2.9854263e-01   3.3893118e-01   3.4944604e-01   2.9364838e-01   6.1542340e-01   4.9478851e-01   3.6326578e-01   4.1175746e-02
  -9.4584052e-01   3.8634461e-01   4.6056754e-01   6.1110257e-01   4.4109636e-01   5.9500775e-01   3.1541795e-01   4.0374954e-01   4.8192203e-01   1.3583221e-01   3.8516680e-01   5.1969953e-01   4.2476494e-01   4.6417637e-01   7.2582427e-01   3.7101928e-01   3.8961071e-01   2.6126770e-01
  -7.5840404e-01   7.1118521e-01   5.8723206e-01   6.2578115e-01   5.5862019e-01   6.4999287e-01   4.0141377e-01   5.8581837e-01   5.1407328e-01   2.5866116e-01   4.9654204e-01   5.8615208e-01   5.2381631e-01   5.3394442e-01   7.9538755e-01   1.7495448e-01   4.4682135e-01   4.0291680e-01
  -4.9786229e-01   8.1807599e-01   7.0514829e-01   5.2653196e-01   6.7477612e-01   5.8159026e-01   5.0637837e-01   6.2494099e-01   5.5934711e-01   3.0103037e-01   6.0901800e-01   5.3183922e-01   6.2576494e-01   4.9435474e-01   8.1078663e-01  -5.3628439e-02   5.1979422e-01   4.4712759e-01
  -2.4148093e-01   6.8816579e-01   7.9351436e-01   3.3821193e-01   7.6821555e-01   4.1040895e-01   6.0598650e-01   5.2609279e-01   6.0512009e-01   2.6712564e-01   7.0020727e-01   3.7581586e-01   7.1037199e-01   3.6010054e-01   7.6990916e-01  -2.6541770e-01   5.9210194e-01   3.9720376e-01
  -6.1601748e-02   3.7317713e-01   8.3844099e-01   1.0464544e-01   8.2342447e-01   1.7900782e-01   6.7949073e-01   3.2742773e-01   6.4091664e-01   1.8058847e-01   7.5371013e-01   1.6000450e-01   7.6233605e-01   1.6765943e-01   6.8331814e-01  -4.1044071e-01   6.4965325e-01   2.7820066e-01
  -2.6823159e-03  -2.1431942e-02   8.3611388e-01  -1.2249889e-01   8.3424992e-01  -5.9047130e-02   7.1496981e-01   8.8849601e-02   6.6122935e-01   7.6936239e-02   7.6308648e-01  -6.1632316e-02   7.7508869e-01  -3.4241761e-02   5.7263668e-01  -4.5390941e-01   6.8407749e-01   1.2916997e-01
  -7.1122842e-02  -3.7414378e-01   7.9258664e-01  -2.9760132e-01   8.0420572e-01  -2.5383966e-01   7.1101669e-01  -1.2673463e-01   6.6618752e-01  -8.5700967e-03   7.3232926e-01  -2.3828123e-01   7.5144273e-01  -1.9879476e-01   4.6495448e-01  -3.8770172e-01   6.9376397e-01  -9.2810671e-03
  -2.3535253e-01  -5.8568907e-01   7.2159204e-01  -3.9208816e-01   7.4480655e-01  -3.7142402e-01   6.7598016e-01  -2.7088835e-01   6.6076487e-01  -5.1961149e-02   6.7409726e-01  -3.3568108e-01   7.0215464e-01  -2.9370693e-01   3.8567779e-01  -2.3304111e-01   6.8329700e-01  -1.0640864e-01
  -4.3892684e-01  -6.0818315e-01   6.4040586e-01  -3.9944021e-01   6.7180719e-01  -4.0033551e-01   6.2431677e-01  -3.2099940e-01   6.5235423e-01  -4.6872078e-02   6.0548888e-01  -3.4353526e-01   6.4219776e-01  -3.0836259e-01   3.5192373e-01  -3.2820956e-02   6.6105255e-01  -1.4837786e-01
  -6.1958212e-01  -4.5517880e-01   5.6549121e-01  -3.3381985e-01   6.0100767e-01  -3.5126603e-01   5.7193451e-01  -2.8260748e-01   6.4795236e-01  -4.3801888e-03   5.4326178e-01  -2.7526167e-01   5.8647213e-01  -2.5386009e-01   3.6872532e-01   1.6164655e-01   6.3622616e-01  -1.3918771e-01
  -7.2879702e-01  -1.9100095e-01   5.0886300e-01  -2.2312650e-01   5.4457862e-01  -2.5053246e-01   5.3174022e-01  -1.8313811e-01   6.5175920e-01   5.3003677e-02   4.9965769e-01  -1.6084321e-01   5.4602457e-01  -1.5657760e-01   4.2868639e-01   3.0514332e-01   6.1609424e-01  -9.6040168e-02
  -7.4399376e-01   9.5279217e-02   4.7639546e-01  -9.9465419e-02   5.0917217e-01  -1.3031598e-01   5.1100179e-01  -6.0385647e-02   6.6414388e-01   1.0017749e-01   4.8030187e-01  -3.6156002e-02   5.2613077e-01  -4.8387503e-02   5.1499540e-01   3.6862773e-01   6.0450939e-01  -4.1636539e-02
  -6.7257705e-01   3.1835435e-01   4.6775670e-01   9.4306329e-03   4.9558850e-01  -1.9599228e-02   5.1045236e-01   4.9039599e-02   6.8180757e-01   1.1739714e-01   4.8392126e-01   6.7001836e-02   5.2602005e-01   4.2432853e-02   6.0610737e-01   3.4392079e-01   6.0152842e-01   3.2011249e-03
  -5.4614462e-01   4.2023287e-01   4.7797742e-01   8.5654541e-02   5.0006441e-01   6.1909022e-02   5.2539042e-01   1.1866839e-01   6.9913966e-01   9.5496570e-02   5.0399263e-01   1.2792795e-01   5.4032544e-01   9.7517353e-02   6.8100360e-01   2.4266411e-01   6.0427143e-01   2.4884620e-02
  -4.0898086e-01   3.8384243e-01   4.9966906e-01   1.2322817e-01   5.1626637e-01   1.0642369e-01   5.4786906e-01   1.3730595e-01   7.1007441e-01   3.8001974e-02   5.3130577e-01   1.4044944e-01   5.6133530e-01   1.1142541e-01   7.2365946e-01   9.2302831e-02   6.0838701e-01   1.9760971e-02
  -3.0379360e-01   2.3504411e-01   5.2539138e-01   1.2725606e-01   5.3751073e-01   1.1764718e-01   5.6944261e-01   1.1009203e-01   7.1005617e-01  -3.9940354e-02   5.5688014e-01   1.1271967e-01   5.8154217e-01   9.1369260e-02   7.2627191e-01  -7.0228993e-02   6.0976278e-01  -5.9188431e-03
  -2.5899032e-01   3.1594111e-02   5.4956716e-01   1.1042532e-01   5.5862137e-01   1.0743429e-01   5.8369682e-01   5.4962645e-02   6.9755357e-01  -1.1611641e-01   5.7444769e-01   6.3138893e-02   5.9578930e-01   5.3456035e-02   6.9063979e-01  -2.0671617e-01   6.0597690e-01  -3.8971245e-02
  -2.8120173e-01  -1.5742773e-01   5.6952605e-01   8.7843460e-02   5.7699314e-01   9.0541202e-02   5.8787963e-01  -4.4673606e-03   6.7465859e-01  -1.6826278e-01   5.8185386e-01   1.3466298e-02   6.0244390e-01   1.6443223e-02   6.2738427e-01  -2.8660383e-01   5.9707230e-01  -6.4359942e-02
  -3.5545786e-01  -2.7433400e-01   5.8543259e-01   7.1785119e-02   5.9259298e-01   7.9126619e-02   5.8314006e-01  -4.7161989e-02   6.4649739e-01  -1.8117776e-01   5.8095560e-01  -1.8556914e-02   6.0323619e-01  -4.8589819e-03   5.5300975e-01  -2.9431066e-01   5.8538849e-01  -7.0617168e-02
  -4.5199976e-01  -2.8966919e-01   5.9930568e-01   6.7952695e-02   6.0707713e-01   7.8780663e-02   5.7350021e-01  -6.1112911e-02   6.1971191e-01  -1.5133396e-01   5.7625798e-01  -2.4477814e-02   6.0199825e-01  -4.1910515e-03   4.8564749e-01  -2.3267833e-01   5.7461028e-01  -5.3644869e-02
  -5.3709838e-01  -2.0880752e-01   6.1351024e-01   7.4170745e-02   6.2239020e-01   8.7108638e-02   5.6401551e-01  -4.6188376e-02   6.0049372e-01  -8.7627040e-02   5.7283433e-01  -6.8660234e-03   6.0280279e-01   1.4830020e-02   4.4049252e-01  -1.2144468e-01   5.6838735e-01  -1.7813232e-02
  -5.8380165e-01  -6.6503464e-02   6.2932140e-01   8.2004164e-02   6.3942535e-01   9.5392634e-02   5.5887149e-01  -1.2542449e-02   5.9287600e-01  -8.0863883e-03   5.7435244e-01   2.2925290e-02   6.0825113e-01   4.1028681e-02   4.2634680e-01   8.8578471e-03   5.6906176e-01   2.5968423e-02
  -5.8000940e-01   8.6714969e-02   6.4594973e-01   8.0556751e-02   6.5712450e-01   9.2518737e-02   5.5992763e-01   2.4066474e-02   5.9764936e-01   6.5875727e-02   5.8170185e-01   4.9586161e-02   6.1835276e-01   6.0339507e-02   4.4379599e-01   1.2552613e-01   5.7682083e-01   6.4150144e-02
  -5.3048363e-01   2.0180108e-01   6.6058168e-01   6.1169954e-02   6.7254380e-01   6.9833442e-02   5.6634789e-01   4.8394987e-02   6.1240270e-01   1.1577667e-01   5.9285869e-01   5.9599441e-02   6.3056206e-01   6.1185208e-02   4.8590187e-01   2.0200451e-01   5.8968895e-01   8.5086881e-02
  -4.5401220e-01   2.4532168e-01   6.6920597e-01   2.1109375e-02   6.8166664e-01   2.4940332e-02   5.7511436e-01   5.0707659e-02   6.3236352e-01   1.3084498e-01   6.0368430e-01   4.5708650e-02   6.4065979e-01   3.8506440e-02   5.4047755e-01   2.2375154e-01   6.0414440e-01   8.2535836e-02
  -3.7656522e-01   2.0825530e-01   6.6801962e-01  -3.4777913e-02   6.8076654e-01  -3.6593841e-02   5.8225218e-01   2.9720617e-02   6.5185157e-01   1.1051560e-01   6.0944287e-01   9.2850922e-03   6.4425224e-01  -4.3519942e-03   5.9350060e-01   1.9074655e-01   6.1621205e-01   5.7461875e-02
  -3.2288937e-01   1.0703533e-01   6.5488027e-01  -9.5098163e-02   6.6781103e-01  -1.0233522e-01   5.8429318e-01  -7.3783756e-03   6.6587593e-01   6.3975873e-02   6.0649008e-01  -4.0133653e-02   6.3834942e-01  -5.6528488e-02   6.3263171e-01   1.1620815e-01   6.2265819e-01   1.7599923e-02
  -3.0872445e-01  -2.3125292e-02   6.3036332e-01  -1.4525856e-01   6.4348065e-01  -1.5653557e-01   5.7955978e-01  -4.7674373e-02   6.7149941e-01   6.9461405e-03   5.9367015e-01  -8.7946832e-02   6.2258239e-01  -1.0304175e-01   6.5012467e-01   2.2099100e-02   6.2197957e-01  -2.5062567e-02
  -3.3682972e-01  -1.4064102e-01   5.9790817e-01  -1.7189197e-01   6.1129381e-01  -1.8486581e-01   5.6870956e-01  -7.7105389e-02   6.6842940e-01  -4.3329431e-02   5.7279695e-01  -1.1923894e-01   5.9948696e-01  -1.2956900e-01   6.4412374e-01  -6.7176046e-02   6.1476379e-01  -5.8080476e-02
  -3.9681545e-01  -2.1060273e-01   5.6320873e-01  -1.6677571e-01   5.7698364e-01  -1.7863610e-01   5.5457910e-01  -8.5027168e-02   6.5890385e-01  -7.3066665e-02   5.4830204e-01  -1.2339548e-01   5.7398157e-01  -1.2687540e-01   6.1858939e-01  -1.3088970e-01   6.0348599e-01  -7.2229689e-02
  -4.6935771e-01  -2.1509182e-01   5.3286646e-01  -1.2925277e-01   5.4714423e-01  -1.3739167e-01   5.4126093e-01  -6.7586366e-02   6.4679819e-01  -7.5628667e-02   5.2599350e-01  -9.7359185e-02   5.5202632e-01  -9.3674873e-02   5.8168836e-01  -1.5666614e-01   5.9170093e-01  -6.4112829e-02
  -5.3271109e-01  -1.5710698e-01   5.1280130e-01  -6.6435107e-02   5.2764203e-01  -6.9082071e-02   5.3282391e-01  -2.8714064e-02   6.3636231e-01  -5.2731781e-02   5.1143447e-01  -4.6414015e-02   5.3899339e-01  -3.6957910e-02   5.4337597e-01  -1.4252953e-01   5.8297290e-01  -3.6827087e-02
  -5.6905446e-01  -5.7688495e-02   5.0691216e-01   8.6380472e-03   5.2228756e-01   1.1998121e-02   5.3213957e-01   2.1308723e-02   6.3103070e-01  -1.3141782e-02   5.0849454e-01   1.7477825e-02   5.3829328e-01   3.0051484e-02   5.1293245e-01  -9.6152841e-02   5.7991190e-01   1.2888450e-03
  -5.6988895e-01   5.1459267e-02   5.1605618e-01   8.0173422e-02   5.3183656e-01   8.8705701e-02   5.3993684e-01   6.8886202e-02   6.3242150e-01   3.0239062e-02   5.1819838e-01   7.8927907e-02   5.5035312e-01   9.1440072e-02   4.9665671e-01  -3.2184349e-02   5.8340057e-01   3.9156650e-02
  -5.3734372e-01   1.3863219e-01   5.3800445e-01   1.3352627e-01   5.5397308e-01   1.4528794e-01   5.5468227e-01   1.0121332e-01   6.4009166e-01   6.4422452e-02   5.3858734e-01   1.2337858e-01   5.7263555e-01   1.3289599e-01   4.9682696e-01   3.2220941e-02   5.9248834e-01   6.6246357e-02
  -4.8285350e-01   1.8088260e-01   5.6796549e-01   1.5845308e-01   5.8385650e-01   1.7087756e-01   5.7297426e-01   1.0965810e-01   6.5176455e-01   7.9728722e-02   5.6519797e-01   1.4063750e-01   6.0024953e-01   1.4513848e-01   5.1154270e-01   8.1588162e-02   6.0468831e-01   7.5279766e-02
  -4.2315779e-01   1.7003198e-01   5.9972192e-01   1.5137072e-01   6.1527226e-01   1.6187574e-01   5.9046808e-01   9.2070969e-02   6.6406265e-01   7.2250266e-02   5.9219261e-01   1.2735127e-01   6.2717230e-01   1.2613281e-01   5.3561320e-01   1.0572199e-01   6.1669593e-01   6.4080327e-02
  -3.7499281e-01   1.1386063e-01   6.2707559e-01   1.1591273e-01   6.4207651e-01   1.2247716e-01   6.0305533e-01   5.3198454e-02   6.7351330e-01   4.4584655e-02   6.1382148e-01   8.7611751e-02   6.4773796e-01   8.1357603e-02   5.6218627e-01   1.0168325e-01   6.2531256e-01   3.5949731e-02
  -3.5038381e-01   3.2319307e-02   6.4517873e-01   6.1616605e-02   6.5951305e-01   6.3182759e-02   6.0790620e-01   3.0699359e-03   6.7749170e-01   4.6513640e-03   6.2576326e-01   3.1520117e-02   6.5793672e-01   2.2044294e-02   5.8458193e-01   7.3663537e-02   6.2827323e-01  -1.5280527e-03
  -3.5353957e-01  -4.9195325e-02   6.5151202e-01   1.3719384e-03   6.6516906e-01  -2.0049275e-03   6.0416352e-01  -4.5872050e-02   6.7490215e-01  -3.6746168e-02   6.2608700e-01  -2.7582739e-02   6.5629065e-01  -3.7844987e-02   5.9791150e-01   3.1262418e-02   6.2481433e-01  -3.8673928e-02
  -3.8051874e-01  -1.0804056e-01   6.4620098e-01  -5.1945757e-02   6.5926533e-01  -5.9228983e-02   5.9302808e-01  -8.2317869e-02   6.6636291e-01  -6.9158501e-02   6.1551317e-01  -7.6731040e-02   6.4399462e-01  -8.5338802e-02   6.0004709e-01  -1.3641536e-02   6.1577735e-01  -6.6475016e-02
  -4.2121599e-01  -1.3048078e-01   6.3171413e-01  -8.8367676e-02   6.4433405e-01  -9.7875252e-02   5.7732052e-01  -9.8868263e-02   6.5393084e-01  -8.5171730e-02   5.9703087e-01  -1.0636073e-01   6.2442272e-01  -1.1143979e-01   5.9179053e-01  -5.0034609e-02   6.0330251e-01  -7.8809532e-02
  -4.6290016e-01  -1.1462847e-01   6.1206515e-01  -1.0272787e-01   6.2441104e-01  -1.1256371e-01   5.6067066e-01  -9.3522543e-02   6.4047883e-01  -8.2012991e-02   5.7501684e-01  -1.1218848e-01   6.0216450e-01  -1.1282966e-01   5.7631515e-01  -7.0306070e-02   5.9021993e-01  -7.3719182e-02
  -4.9408756e-01  -6.9744134e-02   5.9177810e-01  -9.5237794e-02   6.0400335e-01  -1.0370522e-01   5.4659157e-01  -6.9651506e-02   6.2893482e-01  -6.1804239e-02   5.5413919e-01  -9.5632845e-02   5.8188980e-01  -9.2038493e-02   5.5813247e-01  -7.1646741e-02   5.7933125e-01  -5.3522949e-02
