   1.8944484e-01   2.9186977e-02   1.0241990e-01   2.4818832e-01   1.5757922e-01   5.4684717e-01   1.9424174e-02   8.5259309e-01   4.6720370e-03   9.1402487e-02   3.7397191e-02   7.1567311e-01   5.3967277e-02   2.1351375e-02   1.6579414e-01   3.7469929e-01   8.3118056e-02   5.6925644e-01
   7.5802908e-02  -6.3438778e-01   1.8779236e-01   6.6012461e-01   2.8115707e-01   8.5741400e-01   2.0580624e-01   1.0000000e+00   5.0523529e-02   4.3870406e-01   1.9416255e-01   9.3479411e-01   8.8470899e-02   3.6109901e-01   2.8109511e-01   7.9145077e-01   1.9912733e-01   8.3424362e-01
  -2.2599296e-01  -1.0000000e+00   3.3496199e-01   9.1621140e-01   4.4395088e-01   1.0000000e+00   4.0450875e-01   9.8631468e-01   1.4989320e-01   7.1825873e-01   3.7700525e-01   1.0000000e+00   1.8103289e-01   6.6378094e-01   4.5739243e-01   1.0000000e+00   3.4808071e-01   9.7443673e-01
  -5.8724383e-01  -9.6453348e-01   5.1326690e-01   1.0000000e+00   6.1731582e-01   9.8379328e-01   5.8940534e-01   8.7047732e-01   2.8964876e-01   9.1106776e-01   5.6038843e-01   9.4707054e-01   3.2148197e-01   8.8935513e-01   6.5212015e-01   9.8520075e-01   5.1032350e-01   1.0000000e+00
  -8.7073934e-01  -5.8521184e-01   6.9213439e-01   9.2675827e-01   7.7628263e-01   8.3901033e-01   7.4569807e-01   7.0424841e-01   4.5354639e-01   1.0000000e+00   7.2564409e-01   8.1097373e-01   4.9252253e-01   1.0000000e+00   8.2518117e-01   7.8472371e-01   6.6850339e-01   9.2730199e-01
  -9.8299324e-01  -3.4122511e-02   8.4546022e-01   7.2676260e-01   9.0159044e-01   5.9898990e-01   8.6689423e-01   5.1910079e-01   6.2294322e-01   9.7503911e-01   8.5974884e-01   6.1679336e-01   6.7105987e-01   9.7038951e-01   9.4679895e-01   4.6263489e-01   8.0790447e-01   7.7169271e-01
  -8.9759400e-01   4.9668857e-01   9.5290879e-01   4.3165432e-01   9.7926963e-01   2.9165712e-01   9.5065577e-01   3.2658038e-01   7.7845264e-01   8.3777357e-01   9.5344529e-01   3.8048313e-01   8.3113465e-01   7.9435245e-01   1.0000000e+00   8.5494784e-02   9.1608531e-01   5.4600229e-01
  -6.5096900e-01   8.4992202e-01   1.0000000e+00   7.4814784e-02   1.0000000e+00  -5.5499573e-02   9.9560653e-01   1.2608379e-01   9.0198666e-01   6.0189358e-01   1.0000000e+00   1.1395976e-01   9.4755736e-01   4.8716615e-01   9.8028290e-01  -2.8340217e-01   9.8268282e-01   2.6364860e-01
  -3.2645692e-01   9.2401483e-01   9.7927986e-01  -2.9889207e-01   9.5998565e-01  -4.0411673e-01   1.0000000e+00  -8.2521495e-02   9.7883545e-01   2.9377192e-01   9.9513423e-01  -1.6640088e-01   1.0000000e+00   8.8278829e-02   8.9532907e-01  -5.8104382e-01   1.0000000e+00  -5.4543441e-02
  -2.9813158e-02   6.9661347e-01   8.9303322e-01  -6.2878145e-01   8.6345677e-01  -7.0020949e-01   9.6323025e-01  -2.8650415e-01   1.0000000e+00  -4.5887568e-02   9.3877844e-01  -4.3133037e-01   9.7752257e-01  -3.3763379e-01   7.6462873e-01  -7.4958872e-01   9.6483996e-01  -3.7378454e-01
   1.4184762e-01   2.4273488e-01   7.5533817e-01  -8.4957021e-01   7.2462828e-01  -8.8464260e-01   8.8877350e-01  -4.5761306e-01   9.6445827e-01  -3.6405091e-01   8.3757111e-01  -6.3883298e-01   8.8245241e-01  -7.0799926e-01   6.1704029e-01  -7.5328730e-01   8.8078319e-01  -6.4602842e-01
   1.3395188e-01  -2.8432922e-01   5.9107657e-01  -9.1313130e-01   5.6693787e-01  -9.1395539e-01   7.8659190e-01  -5.6136495e-01   8.8065805e-01  -6.0558159e-01   7.0640459e-01  -7.4586028e-01   7.3221831e-01  -9.4235248e-01   4.8474082e-01  -5.9508729e-01   7.5967826e-01  -8.2115928e-01
  -4.8522245e-02  -7.1228397e-01   4.3096234e-01  -8.0516136e-01   4.1864764e-01  -7.7700072e-01   6.7278940e-01  -5.7224686e-01   7.6546906e-01  -7.2841581e-01   5.6695476e-01  -7.2498401e-01   5.5652073e-01  -9.8689379e-01   3.9537779e-01  -3.1759037e-01   6.2055368e-01  -8.6324927e-01
  -3.4489072e-01  -9.0872018e-01   3.0484725e-01  -5.4913944e-01   3.0676265e-01  -4.9933090e-01   5.6668063e-01  -4.8465004e-01   6.4089408e-01  -7.1574550e-01   4.4361515e-01  -5.7581670e-01   3.9093224e-01  -8.3179187e-01   3.6553741e-01   9.8925393e-03   4.8625734e-01  -7.6283837e-01
  -6.6108306e-01  -8.2282885e-01   2.3523303e-01  -2.0006222e-01   2.5107203e-01  -1.3733311e-01   4.8627272e-01  -3.1747855e-01   5.2920226e-01  -5.8139719e-01   3.5799401e-01  -3.2831428e-01   2.6838551e-01  -5.1597771e-01   3.9747223e-01   3.1127819e-01   3.7862475e-01  -5.4188461e-01
  -9.0143377e-01  -4.9761997e-01   2.3275293e-01   1.7011776e-01   2.6000043e-01   2.3623086e-01   4.4374343e-01  -1.0966526e-01   4.4800556e-01  -3.6540777e-01   3.2380227e-01  -3.5542850e-02   2.1125968e-01  -1.1630272e-01   4.7975085e-01   5.2353852e-01   3.1368418e-01  -2.4862170e-01
  -1.0000000e+00  -4.6591452e-02   2.9459417e-01   4.9086449e-01   3.2923457e-01   5.5075066e-01   4.4247696e-01   9.2253136e-02   4.0665957e-01  -1.2103070e-01   3.4374542e-01   2.4179931e-01   2.2629376e-01   2.7578765e-01   5.9112829e-01   6.0936859e-01   2.9827559e-01   5.6441946e-02
  -9.3609391e-01   3.9219551e-01   4.0631351e-01   7.0600906e-01   4.4358259e-01   7.5099344e-01   4.7710595e-01   2.4688079e-01   4.0550809e-01   9.9401341e-02   4.0980779e-01   4.5016734e-01   3.0455679e-01   5.7762151e-01   7.0579614e-01   5.5793935e-01   3.2955393e-01   3.1556002e-01
  -7.3717970e-01   6.9555480e-01   5.4495760e-01   7.8102518e-01   5.8009503e-01   8.0445783e-01   5.3516007e-01   3.2583931e-01   4.3671563e-01   2.5451000e-01   5.0527454e-01   5.5234006e-01   4.2420761e-01   7.3167007e-01   7.9825642e-01   3.8360696e-01   3.9615959e-01   4.8462973e-01
  -4.6683580e-01   7.8601891e-01   6.8369371e-01   7.0804311e-01   7.1260897e-01   7.0627191e-01   6.0035342e-01   3.1903755e-01   4.8693564e-01   3.2115106e-01   6.0857933e-01   5.3374769e-01   5.5626233e-01   7.1565984e-01   8.4820924e-01   1.2512953e-01   4.8125689e-01   5.4083105e-01
  -2.0508199e-01   6.4993510e-01   7.9696240e-01   5.0903681e-01   8.1674198e-01   4.8210375e-01   6.5648543e-01   2.3759533e-01   5.4079243e-01   2.9894792e-01   6.9789616e-01   4.0650295e-01   6.7125336e-01   5.4654152e-01   8.4497475e-01  -1.5713350e-01   5.6635427e-01   4.8697471e-01
  -2.5263808e-02   3.4138478e-01   8.6565760e-01   2.3281834e-01   8.7485785e-01   1.8482087e-01   6.9144105e-01   1.1202650e-01   5.8471361e-01   2.1032251e-01   7.5598171e-01   2.0827007e-01   7.4585032e-01   2.7661776e-01   7.9064398e-01  -3.9293969e-01   6.3538683e-01   3.5074183e-01
   2.9243827e-02  -3.6597792e-02   8.8143328e-01  -5.7877143e-02   8.8014879e-01  -1.1903583e-01   7.0053173e-01  -1.7418951e-02   6.1057176e-01   9.2707751e-02   7.7452048e-01  -8.2025796e-03   7.6852970e-01  -2.1577993e-02   7.0028438e-01  -5.2357804e-01   6.7847201e-01   1.7583208e-01
  -4.5780098e-02  -3.6884244e-01   8.4723142e-01  -3.0327564e-01   8.3700473e-01  -3.6697134e-01   6.8675508e-01  -1.1386119e-01   6.1683660e-01  -1.4205542e-02   7.5505938e-01  -1.9075644e-01   7.4077814e-01  -2.7593542e-01   5.9755271e-01  -5.1942277e-01   6.9308460e-01   8.3051427e-03
  -2.1657715e-01  -5.6346153e-01   7.7562409e-01  -4.6058305e-01   7.5919885e-01  -5.1536822e-01   6.5920738e-01  -1.5430899e-01   6.0808731e-01  -8.0320125e-02   7.0775853e-01  -3.0178214e-01   6.7561525e-01  -4.3296844e-01   5.0831035e-01  -3.8782339e-01   6.8356768e-01  -1.1578303e-01
  -4.2499384e-01  -5.7809592e-01   6.8478970e-01  -5.1220171e-01   6.6573093e-01  -5.4805024e-01   6.2964948e-01  -1.3520786e-01   5.9260786e-01  -9.2885068e-02   6.4771582e-01  -3.2681088e-01   5.9302959e-01  -4.6944709e-01   4.5369025e-01  -1.6889928e-01   6.5873185e-01  -1.7844361e-01
  -6.0811417e-01  -4.2824688e-01   5.9371691e-01  -4.6650472e-01   5.7594190e-01  -4.7677293e-01   6.0864821e-01  -7.1618802e-02   5.7923841e-01  -5.7858635e-02   5.9045110e-01  -2.7538674e-01   5.1423233e-01  -3.9464230e-01   4.4496770e-01   7.7651931e-02   6.2869499e-01  -1.8142198e-01
  -7.1735691e-01  -1.7628844e-01   5.1793930e-01  -3.5137599e-01   5.0521664e-01  -3.3405951e-01   6.0247120e-01   9.4770248e-03   5.7452977e-01   4.8306517e-03   5.4792992e-01  -1.7461096e-01   4.5634341e-01  -2.4347665e-01   4.8140118e-01   2.8993614e-01   6.0196286e-01  -1.4176621e-01
  -7.3132538e-01   9.3660905e-02   4.6686167e-01  -2.0314902e-01   4.6231731e-01  -1.6127903e-01   6.1164708e-01   7.9213571e-02   5.8100961e-01   6.9745418e-02   5.2619053e-01  -5.8352488e-02   4.2880814e-01  -6.3461675e-02   5.5142010e-01   4.1995500e-01   5.8352772e-01  -8.3547000e-02
  -6.5813485e-01   3.0204836e-01   4.4330936e-01  -5.6504533e-02   4.4897243e-01   2.2833717e-03   6.3157931e-01   1.1536433e-01   5.9703551e-01   1.1387262e-01   5.2515188e-01   4.2481117e-02   4.3252695e-01   9.8490096e-02   6.3634013e-01   4.4260561e-01   5.7448458e-01  -2.9945714e-02
  -5.3024545e-01   3.9557210e-01   4.4444406e-01   6.2793427e-02   4.6088257e-01   1.2759889e-01   6.5441468e-01   1.0818440e-01   6.1768273e-01   1.2270170e-01   5.3978067e-01   1.0706586e-01   4.6085718e-01   2.0714891e-01   7.1518251e-01   3.5936285e-01   5.7262782e-01   2.8333676e-03
  -3.9230663e-01   3.5967754e-01   4.6382406e-01   1.4132491e-01   4.8996967e-01   2.0013511e-01   6.7180935e-01   6.2312815e-02   6.3654586e-01   9.3458443e-02   5.6241242e-01   1.2817151e-01   5.0246460e-01   2.4581967e-01   7.6967251e-01   1.9593587e-01   5.7393253e-01   8.8041952e-03
  -2.8685981e-01   2.1989582e-01   4.9372166e-01   1.7825072e-01   5.2697337e-01   2.2050247e-01   6.7763305e-01  -5.2020758e-03   6.4778166e-01   3.5250266e-02   5.8533046e-01   1.1211987e-01   5.4487433e-01   2.1827693e-01   7.8832431e-01  -4.4444885e-03   5.7427288e-01  -7.5200936e-03
  -2.4178212e-01   3.0878309e-02   5.2720305e-01   1.8252404e-01   5.6383318e-01   2.0135410e-01   6.6988442e-01  -7.0751348e-02   6.4787714e-01  -3.4287828e-02   6.0297501e-01   7.4909243e-02   5.7786262e-01   1.4505470e-01   7.6881349e-01  -1.9173118e-01   5.7092747e-01  -3.4003295e-02
  -2.6309043e-01  -1.4317270e-01   5.5952484e-01   1.6802204e-01   5.9531749e-01   1.6151178e-01   6.5124162e-01  -1.1217427e-01   6.3664062e-01  -9.4939558e-02   6.1319349e-01   3.5659505e-02   5.9581597e-01   5.5319765e-02   7.1813343e-01  -3.2159930e-01   5.6344500e-01  -5.5973484e-02
  -3.3547487e-01  -2.4946304e-01   5.8851393e-01   1.4811751e-01   6.1947959e-01   1.1922077e-01   6.2800045e-01  -1.1599485e-01   6.1706550e-01  -1.3033518e-01   6.1714472e-01   9.7611853e-03   5.9837519e-01  -2.2810769e-02   6.5036319e-01  -3.6625572e-01   5.5358864e-01  -6.1676310e-02
  -4.2927900e-01  -2.6208863e-01   6.1405334e-01   1.3121226e-01   6.3705977e-01   8.6550727e-02   6.0789114e-01  -8.1561456e-02   5.9424679e-01  -1.3270739e-01   6.1811619e-01   4.0229446e-03   5.8950267e-01  -7.0318702e-02   5.8278975e-01  -3.2079683e-01   5.4451476e-01  -4.6264775e-02
  -5.1140385e-01  -1.8728041e-01   6.3691725e-01   1.1856470e-01   6.5011949e-01   6.6646190e-02   5.9748460e-01  -2.0726531e-02   5.7372650e-01  -1.0445272e-01   6.1972959e-01   1.5406749e-02   5.7540568e-01  -8.1310128e-02   5.3138243e-01  -2.0306471e-01   5.3949668e-01  -1.3038688e-02
  -5.5595319e-01  -5.7796057e-02   6.5749590e-01   1.0505477e-01   6.6052993e-01   5.4523821e-02   6.0011100e-01   4.6491428e-02   5.5988742e-01  -5.6350014e-02   6.2428853e-01   3.3427178e-02   5.6219660e-01  -6.2331918e-02   5.0695784e-01  -4.7400610e-02   5.4070721e-01   2.8223745e-02
  -5.5152963e-01   8.0056983e-02   6.7489495e-01   8.2485599e-02   6.6885267e-01   4.0765324e-02   6.1486807e-01   9.8496435e-02   5.5484607e-01  -3.5311298e-03   6.3180394e-01   4.4904860e-02   5.5400381e-01  -2.8116990e-02   5.1291601e-01   1.0540223e-01   5.4843913e-01   6.4907053e-02
  -5.0334723e-01   1.8178860e-01   6.8677776e-01   4.4136660e-02   6.7399713e-01   1.6539443e-02   6.3697686e-01   1.1877205e-01   5.5811499e-01   3.9302092e-02   6.3998428e-01   3.9239499e-02   5.5202434e-01   4.3903750e-03   5.4503617e-01   2.1885137e-01   5.6098683e-01   8.5812833e-02
  -4.3010905e-01   2.1784985e-01   6.9002821e-01  -1.1251667e-02   6.7372705e-01  -2.2003932e-02   6.5931602e-01   1.0071942e-01   5.6704795e-01   6.2020718e-02   6.4513217e-01   1.2477880e-02   5.5465960e-01   2.1765377e-02   5.9320300e-01   2.6941965e-01   5.7518589e-01   8.4698903e-02
  -3.5712129e-01   1.8122792e-01   6.8196167e-01  -7.7684974e-02   6.6575081e-01  -7.1567990e-02   6.7461880e-01   4.9430303e-02   5.7785908e-01   6.1533585e-02   6.4358706e-01  -3.1029849e-02   5.5853750e-01   1.8004400e-02   6.4443304e-01   2.5117423e-01   5.8739993e-01   6.2110671e-02
  -3.0797193e-01   8.7983367e-02   6.6160087e-01  -1.4296798e-01   6.4893683e-01  -1.2238073e-01   6.7767692e-01  -1.9966935e-02   5.8687311e-01   4.2058498e-02   6.3320914e-01  -7.9804593e-02   5.5999119e-01  -4.2619651e-03   6.8632829e-01   1.7564898e-01   5.9463014e-01   2.5074594e-02
  -2.9740465e-01  -2.9305323e-02   6.3050667e-01  -1.9218754e-01   6.2417340e-01  -1.6133873e-01   6.6688106e-01  -8.6945000e-02   5.9161383e-01   1.3158332e-02   6.1438074e-01  -1.1890786e-01   5.5647552e-01  -3.5454784e-02   7.1002413e-01   6.7237351e-02   5.9539049e-01  -1.5243427e-02
  -3.2716865e-01  -1.3277023e-01   5.9289473e-01  -2.1227267e-01   5.9460508e-01  -1.7634929e-01   6.4473983e-01  -1.3177081e-01   5.9145914e-01  -1.3716752e-02   5.9023738e-01  -1.3486971e-01   5.4752757e-01  -6.2804559e-02   7.1204789e-01  -4.4245334e-02   5.9012675e-01  -4.7096939e-02
  -3.8649569e-01  -1.9162558e-01   5.5487571e-01  -1.9609508e-01   5.6506718e-01  -1.6041158e-01   6.1707983e-01  -1.4134488e-01   5.8761184e-01  -2.9082890e-02   5.6591881e-01  -1.2021919e-01   5.3490425e-01  -7.4995535e-02   6.9452197e-01  -1.3175404e-01   5.8098710e-01  -6.1811171e-02
  -4.5632115e-01  -1.9088047e-01   5.2313603e-01  -1.4466035e-01   5.4097972e-01  -1.1393363e-01   5.9135017e-01  -1.1265156e-01   5.8250989e-01  -2.8162994e-02   5.4718959e-01  -7.5896459e-02   5.2196942e-01  -6.5795097e-02   6.6398091e-01  -1.7726551e-01   5.7110698e-01  -5.6159936e-02
  -5.1564412e-01  -1.3456288e-01   5.0341382e-01  -6.7078044e-02   5.2702118e-01  -4.4908445e-02   5.7453136e-01  -5.3215424e-02   5.7891294e-01  -1.1934927e-02   5.3884193e-01  -1.1097702e-02   5.1259397e-01  -3.5845371e-02   6.2926463e-01  -1.7507986e-01   5.6364550e-01  -3.2999252e-02
  -5.4779089e-01  -4.2885616e-02   4.9921295e-01   2.1556747e-02   5.2598721e-01   3.2990243e-02   5.7129965e-01   2.1369377e-02   5.7899218e-01   1.3673653e-02   5.4339408e-01   5.9254678e-02   5.0996384e-01   7.7937393e-03   5.9916306e-01  -1.3163404e-01   5.6089170e-01  -8.9897661e-05
  -5.4535863e-01   5.5181932e-02   5.1093402e-01   1.0378994e-01   5.3801175e-01   1.0383577e-01   5.8273482e-01   9.2009929e-02   5.8360189e-01   3.9968705e-02   5.6029860e-01   1.1864694e-01   5.1553831e-01   5.3914403e-02   5.8018944e-01  -6.2497934e-02   5.6359800e-01   3.2415938e-02
  -5.1119728e-01   1.3116151e-01   5.3591282e-01   1.6375561e-01   5.6060364e-01   1.5325462e-01   6.0628152e-01   1.4116666e-01   5.9211459e-01   5.8266956e-02   5.8615901e-01   1.5319485e-01   5.2869162e-01   9.0527346e-02   5.7544956e-01   1.2585135e-02   5.7090325e-01   5.4927002e-02
  -4.5708118e-01   1.6522725e-01   5.6897157e-01   1.9071145e-01   5.8915052e-01   1.7181827e-01   6.3640521e-01   1.5727137e-01   6.0259196e-01   6.2409251e-02   6.1548599e-01   1.5514381e-01   5.4680481e-01   1.0813571e-01   5.8420915e-01   7.4808686e-02   5.8059363e-01   6.1025777e-02
  -3.9944067e-01   1.5123747e-01   6.0362531e-01   1.8126570e-01   6.1801110e-01   1.5713867e-01   6.6612383e-01   1.3737300e-01   6.1239820e-01   5.0444767e-02   6.4208030e-01   1.2465795e-01   5.6598891e-01   1.0225848e-01   6.0258404e-01   1.1076603e-01   5.8979421e-01   4.9087706e-02
  -3.5424825e-01   9.7358497e-02   6.3350330e-01   1.3982469e-01   6.4178821e-01   1.1418704e-01   6.8878755e-01   8.7462654e-02   6.1896921e-01   2.5031792e-02   6.6052322e-01   6.9560932e-02   5.8210066e-01   7.4454495e-02   6.2486931e-01   1.1510053e-01   5.9578935e-01   2.2513712e-02
  -3.3270759e-01   2.2453186e-02   6.5360957e-01   7.7157532e-02   6.5643372e-01   5.3771026e-02   6.9960254e-01   2.0478255e-02   6.2049646e-01  -7.5041457e-03   6.6735752e-01   3.1332378e-03   5.9173846e-01   3.1618572e-02   6.4509814e-01   9.0790742e-02   5.9672490e-01  -1.1433027e-02
  -3.3806160e-01  -5.0326448e-02   6.6137047e-01   7.5733987e-03   6.6013581e-01  -1.0322986e-02   6.9682394e-01  -4.7328875e-02   6.1646868e-01  -3.9071905e-02   6.6192375e-01  -5.9451566e-02   5.9312411e-01  -1.6008616e-02   6.5863852e-01   4.7622409e-02   5.9214659e-01  -4.3769772e-02
  -3.6584611e-01  -1.0095945e-01   6.5683942e-01  -5.4708534e-02   6.5342347e-01  -6.4879007e-02   6.8182712e-01  -1.0080091e-01   6.0770183e-01  -6.2224287e-02   6.4621411e-01  -1.0505631e-01   5.8635831e-01  -5.7821031e-02   6.6307989e-01  -1.4007370e-03   5.8299877e-01  -6.6386543e-02
  -4.0583346e-01  -1.1789245e-01   6.4243552e-01  -9.8618669e-02   6.3884936e-01  -1.0015083e-01   6.5858818e-01  -1.2938182e-01   5.9608814e-01  -7.2039183e-02   6.2425315e-01  -1.2553347e-01   5.7328149e-01  -8.5405261e-02   6.5854515e-01  -4.3590577e-02   5.7133836e-01  -7.4056480e-02
  -4.4559007e-01  -1.0054738e-01   6.2215720e-01  -1.1831067e-01   6.2021287e-01  -1.1170739e-01   6.3253583e-01  -1.2923775e-01   5.8406175e-01  -6.7200824e-02   6.0099797e-01  -1.1923022e-01   5.5690538e-01  -9.4356893e-02   6.4731909e-01  -6.9711261e-02   5.5975828e-01  -6.5573452e-02
  -4.7434865e-01  -5.8211441e-02   6.0053492e-01  -1.1370950e-01   6.0157950e-01  -1.0073372e-01   6.0915230e-01  -1.0341743e-01   5.7396386e-01  -4.9962826e-02   5.8111058e-01  -9.0645329e-02   5.4061492e-01  -8.4831622e-02   6.3297361e-01  -7.5764338e-02   5.5071145e-01  -4.3687985e-02
