   9.8566303e-02   2.5506712e-01   7.6263538e-02   6.2895000e-01   1.1430269e-01   7.4583868e-01   3.8690875e-02   4.3204122e-01   8.6848276e-02   1.2727097e-01   5.6020486e-02   7.2730000e-01   3.4492314e-02   2.8541732e-01   8.9481078e-02   3.2214641e-01   8.1154706e-03   3.1661278e-01
   5.8058560e-02  -4.9399729e-01   2.3584744e-01   8.9871885e-01   2.8842000e-01   9.5659455e-01   1.3779201e-01   7.4367664e-01   1.3764014e-01   5.0249689e-01   2.1958728e-01   9.4441789e-01   1.1950895e-01   6.3721339e-01   2.0812876e-01   7.6771890e-01   9.7172245e-02   6.7479676e-01
  -1.7051022e-01  -9.5633833e-01   4.3373917e-01   1.0000000e+00   4.8803938e-01   1.0000000e+00   2.7795040e-01   9.2923687e-01   2.3983404e-01   7.7824169e-01   4.0893977e-01   1.0000000e+00   2.5899015e-01   8.8203042e-01   3.9952890e-01   1.0000000e+00   2.3815515e-01   9.0410782e-01
  -4.7674653e-01  -1.0000000e+00   6.3532596e-01   9.3847723e-01   6.8094965e-01   8.9534739e-01   4.3913003e-01   1.0000000e+00   3.7697781e-01   9.4543072e-01   5.9611091e-01   9.2819900e-01   4.3154723e-01   1.0000000e+00   6.1501823e-01   9.9675713e-01   4.0770824e-01   1.0000000e+00
  -7.3567684e-01  -6.6258600e-01   8.1030854e-01   7.4783446e-01   8.4112886e-01   6.8194163e-01   6.0351051e-01   9.7015100e-01   5.3159940e-01   1.0000000e+00   7.6031900e-01   7.6729874e-01   6.1340352e-01   9.8466272e-01   8.0769047e-01   7.9435973e-01   5.8311303e-01   9.7332724e-01
  -8.5560028e-01  -1.1403436e-01   9.3651225e-01   4.7019239e-01   9.5089549e-01   4.0056389e-01   7.5539587e-01   8.5038811e-01   6.8598578e-01   9.4315995e-01   8.8761524e-01   5.4885206e-01   7.8075369e-01   8.4177081e-01   9.4243953e-01   4.6281325e-01   7.4440908e-01   8.4326913e-01
  -8.0403100e-01   4.3990308e-01   1.0000000e+00   1.4264121e-01   1.0000000e+00   8.3904082e-02   8.8049148e-01   6.4739191e-01   8.2314480e-01   7.8317089e-01   9.6921325e-01   2.9510654e-01   9.1180440e-01   5.8773662e-01   1.0000000e+00   7.7934094e-02   8.7527270e-01   6.3120959e-01
  -6.0690883e-01   8.2591810e-01   9.9399397e-01  -2.0077303e-01   9.8423779e-01  -2.3900864e-01   9.6563995e-01   3.6999245e-01   9.2804382e-01   5.3693447e-01   1.0000000e+00   2.3460112e-02   9.8874458e-01   2.5031337e-01   9.7664086e-01  -2.9011221e-01   9.6320727e-01   3.5964615e-01
  -3.3409951e-01   9.2722914e-01   9.1916652e-01  -5.2017716e-01   9.0566914e-01  -5.3369769e-01   1.0000000e+00   3.8702766e-02   9.8910078e-01   2.3171126e-01   9.7834460e-01  -2.4628177e-01   1.0000000e+00  -1.2888640e-01   8.8285023e-01  -5.7675777e-01   1.0000000e+00   5.5381972e-02
  -7.9560447e-02   7.0871817e-01   7.8535071e-01  -7.6671422e-01   7.7421223e-01  -7.5691077e-01   9.7769853e-01  -3.0555225e-01   1.0000000e+00  -9.2154794e-02   9.0720637e-01  -4.8523152e-01   9.4295601e-01  -4.9223362e-01   7.4194075e-01  -7.2761874e-01   9.8286262e-01  -2.4595469e-01
   6.8456731e-02   2.4150397e-01   6.1255849e-01  -8.9301489e-01   6.0871412e-01  -8.6577808e-01   9.0137843e-01  -6.0329612e-01   9.6179611e-01  -3.8317478e-01   7.9605049e-01  -6.5594644e-01   8.2658611e-01  -7.7250158e-01   5.8633577e-01  -7.1352412e-01   9.1611184e-01  -5.0067906e-01
   5.7048155e-02  -3.1634426e-01   4.2882493e-01  -8.7099683e-01   4.3520431e-01  -8.3438382e-01   7.8392642e-01  -7.9320090e-01   8.8380378e-01  -5.8982008e-01   6.6151885e-01  -7.2338935e-01   6.7159630e-01  -9.1022275e-01   4.5074987e-01  -5.4355649e-01   8.1178497e-01  -6.6648457e-01
  -1.1277991e-01  -7.7805375e-01   2.6488916e-01  -7.0335669e-01   2.8218041e-01  -6.6515793e-01   6.4709400e-01  -8.3287099e-01   7.8247379e-01  -6.7551993e-01   5.2565861e-01  -6.6851336e-01   5.0727385e-01  -8.7319240e-01   3.6379555e-01  -2.6477283e-01   6.8833133e-01  -7.1491554e-01
  -3.8793665e-01  -9.9542536e-01   1.4769167e-01  -4.2343488e-01   1.7464151e-01  -3.8967031e-01   5.1697816e-01  -7.1377188e-01   6.7802004e-01  -6.3033381e-01   4.1183918e-01  -4.9748688e-01   3.6526988e-01  -6.6848810e-01   3.4125954e-01   5.2023803e-02   5.6725773e-01  -6.4070187e-01
  -6.8275730e-01  -9.0611303e-01   9.4911141e-02  -8.6279634e-02   1.2892288e-01  -6.0777904e-02   4.1794547e-01  -4.6507688e-01   5.8984046e-01  -4.7443367e-01   3.3965813e-01  -2.4292358e-01   2.7231873e-01  -3.4239997e-01   3.8324989e-01   3.3285628e-01   4.6871280e-01  -4.6444528e-01
  -9.0799799e-01  -5.4995586e-01   1.1186352e-01   2.4528459e-01   1.4965786e-01   2.6051106e-01   3.6691600e-01  -1.4562136e-01   5.3214644e-01  -2.5201379e-01   3.2044361e-01   4.3514113e-02   2.4406975e-01   3.1687610e-02   4.7558587e-01   5.1974222e-01   4.0726608e-01  -2.2768944e-01
  -1.0000000e+00  -4.6940424e-02   1.9139288e-01   5.1511049e-01   2.2955596e-01   5.1923049e-01   3.6969787e-01   1.7341101e-01   5.1111583e-01  -1.7562000e-02   3.5477562e-01   3.0486970e-01   2.8184960e-01   3.7370410e-01   5.9455318e-01   5.8139587e-01   3.8907834e-01   1.8490662e-02
  -9.3698845e-01   4.5028737e-01   3.1635716e-01   6.8234085e-01   3.5173833e-01   6.7538446e-01   4.2063342e-01   4.2589438e-01   5.2455672e-01   1.7803052e-01   4.3292216e-01   4.9173768e-01   3.7344310e-01   6.1556587e-01   7.1266816e-01   5.1281631e-01   4.1146400e-01   2.2558607e-01
  -7.4286353e-01   8.0134309e-01   4.6306491e-01   7.2514512e-01   4.9307821e-01   7.0802385e-01   5.0432130e-01   5.6310530e-01   5.6313026e-01   2.9704485e-01   5.3699278e-01   5.7067558e-01   4.9624931e-01   7.1358290e-01   8.0386478e-01   3.3244149e-01   4.6404259e-01   3.5677313e-01
  -4.7713126e-01   9.1496732e-01   6.0556501e-01   6.4304090e-01   6.2842073e-01   6.1762535e-01   5.9946332e-01   5.6314665e-01   6.1310221e-01   3.2173997e-01   6.4476667e-01   5.3036023e-01   6.2264427e-01   6.5593080e-01   8.4838444e-01   8.0258584e-02   5.3153823e-01   3.9369646e-01
  -2.1640058e-01   7.7036664e-01   7.2011292e-01   4.5813342e-01   7.3495774e-01   4.2711855e-01   6.8377178e-01   4.3631110e-01   6.5978984e-01   2.5803500e-01   7.3428332e-01   3.8507221e-01   7.2595229e-01   4.6487746e-01   8.3689947e-01  -1.8579306e-01   5.9736656e-01   3.4008101e-01
  -3.2516471e-02   4.2335179e-01   7.8952597e-01   2.1243817e-01   7.9645409e-01   1.7909960e-01   7.3917670e-01   2.2408646e-01   6.9119646e-01   1.3480836e-01   7.8861450e-01   1.7344794e-01   7.8622506e-01   1.9281342e-01   7.7330766e-01  -4.0072868e-01   6.4743489e-01   2.2107994e-01
   3.0080681e-02  -1.2487402e-02   8.0671687e-01  -4.2111862e-02   8.0666381e-01  -7.4115945e-02   7.5655574e-01  -1.2882435e-02   7.0133305e-01  -4.9812407e-03   8.0010665e-01  -5.1581628e-02   7.9504325e-01  -9.1713597e-02   6.7448668e-01  -5.1188979e-01   6.7362925e-01   7.5529219e-02
  -3.5719161e-02  -4.0595426e-01   7.7500430e-01  -2.5660996e-01   7.6959639e-01  -2.8346585e-01   7.3696119e-01  -2.1323006e-01   6.9104957e-01  -1.1809277e-01   7.7128627e-01  -2.3785866e-01   7.5625220e-01  -3.2270136e-01   5.6559700e-01  -4.9455086e-01   6.7487133e-01  -5.6064905e-02
  -1.9971428e-01  -6.4862487e-01   7.0650163e-01  -3.9620990e-01   6.9787688e-01  -4.1432636e-01   6.9052253e-01  -3.3164075e-01   6.6719817e-01  -1.7376971e-01   7.1354805e-01  -3.4774287e-01   6.8418497e-01  -4.5335673e-01   4.7340306e-01  -3.5867921e-01   6.5655889e-01  -1.4264531e-01
  -4.0660802e-01  -6.8615800e-01   6.1842665e-01  -4.4653741e-01   6.0903750e-01  -4.5305910e-01   6.3272171e-01  -3.4974857e-01   6.3991066e-01  -1.6177365e-01   6.4336948e-01  -3.6675843e-01   5.9906154e-01  -4.6635488e-01   4.1919474e-01  -1.4428033e-01   6.2813875e-01  -1.6996205e-01
  -5.9438250e-01  -5.2980967e-01   5.2880474e-01  -4.1420261e-01   5.2120308e-01  -4.0751790e-01   5.7970867e-01  -2.7808019e-01   6.1925321e-01  -9.3229423e-02   5.7768925e-01  -3.0470499e-01   5.2147864e-01  -3.7505012e-01   4.1377571e-01   9.1382975e-02   5.9996724e-01  -1.4211475e-01
  -7.1370888e-01  -2.4694176e-01   4.5245565e-01  -3.2176379e-01   4.4906002e-01  -3.0192625e-01   5.4381738e-01  -1.4937533e-01   6.1213773e-01   5.1923194e-03   5.2956758e-01  -1.8968916e-01   4.6721511e-01  -2.1625257e-01   4.5532509e-01   2.9060564e-01   5.8025823e-01  -7.7616986e-02
  -7.4034818e-01   6.7370113e-02   3.9874545e-01  -1.9883490e-01   4.0158552e-01  -1.6783675e-01   5.3107691e-01  -5.5885963e-03   6.2077477e-01   1.0156125e-01   5.0582762e-01  -5.7266428e-02   4.4432616e-01  -3.6911452e-02   5.3118794e-01   4.0959993e-01   5.7331781e-01  -1.4226866e-03
  -6.7928715e-01   3.2001926e-01   3.7091301e-01  -7.4084648e-02   3.8135163e-01  -3.5896531e-02   5.4062796e-01   1.1418297e-01   6.4252587e-01   1.6786207e-01   5.0651214e-01   5.9364883e-02   4.5237143e-01   1.1845417e-01   6.2161812e-01   4.2677680e-01   5.7903346e-01   6.2575762e-02
  -5.5992086e-01   4.4632168e-01   3.6693742e-01   3.0697482e-02   3.8540789e-01   7.0523436e-02   5.6606531e-01   1.8332199e-01   6.7113538e-01   1.8703037e-01   5.2614131e-01   1.3698321e-01   4.8387024e-01   2.1810226e-01   7.0495850e-01   3.4509132e-01   5.9364422e-01   9.7686078e-02
  -4.2479138e-01   4.2464464e-01   3.8129524e-01   1.0326300e-01   4.0713655e-01   1.3849262e-01   5.9798539e-01   1.9240995e-01   6.9876826e-01   1.5615991e-01   5.5607002e-01   1.6604653e-01   5.2721473e-01   2.4851415e-01   7.6254567e-01   1.8917210e-01   6.1135007e-01   9.7586783e-02
  -3.1592665e-01   2.7916714e-01   4.0698755e-01   1.4133451e-01   4.3846012e-01   1.6630426e-01   6.2692330e-01   1.4974535e-01   7.1827242e-01   8.6459459e-02   5.8720760e-01   1.5118498e-01   5.7012661e-01   2.1550542e-01   7.8271813e-01  -8.4718659e-04   6.2621875e-01   6.6901896e-02
  -2.6276187e-01   6.9118341e-02   4.3737044e-01   1.5081482e-01   4.7188428e-01   1.6166011e-01   6.4590260e-01   7.7125137e-02   7.2507683e-01  -5.3301087e-04   6.1240421e-01   1.0801786e-01   6.0277209e-01   1.4038491e-01   7.6307069e-01  -1.7849390e-01   6.3387927e-01   1.8787021e-02
  -2.7348114e-01  -1.3313733e-01   4.6766571e-01   1.4214614e-01   5.0220651e-01   1.3757593e-01   6.5227930e-01   1.5590033e-03   7.1848108e-01  -8.0112177e-02   6.2822310e-01   5.6729054e-02   6.2017809e-01   5.1811021e-02   7.1085686e-01  -3.0281089e-01   6.3277882e-01  -3.0075720e-02
  -3.3602081e-01  -2.6541017e-01   4.9525846e-01   1.2620852e-01   5.2687453e-01   1.0761684e-01   6.4757414e-01  -5.3421569e-02   7.0133645e-01  -1.3173387e-01   6.3487543e-01   1.5278590e-02   6.2238988e-01  -2.3232384e-02   6.4045099e-01  -3.4749517e-01   6.2412413e-01  -6.4897240e-02
  -4.2326916e-01  -2.9441139e-01   5.1953133e-01   1.1064352e-01   5.4579617e-01   8.1592482e-02   6.3646073e-01  -7.4860026e-02   6.7903456e-01  -1.4495485e-01   6.3540017e-01  -6.1548455e-03   6.1365658e-01  -6.7143988e-02   5.6966468e-01  -3.0748527e-01   6.1125409e-01  -7.7267448e-02
  -5.0356503e-01  -2.2274706e-01   5.4090368e-01   9.7894066e-02   5.6024534e-01   6.3242982e-02   6.2464724e-01  -6.3007244e-02   6.5764395e-01  -1.2140872e-01   6.3383465e-01  -7.1956397e-03   6.0023863e-01  -7.5270976e-02   5.1506999e-01  -1.9886915e-01   5.9826012e-01  -6.6945467e-02
  -5.5097638e-01  -8.4117007e-02   5.5975698e-01   8.5348940e-02   5.7162645e-01   5.0337045e-02   6.1680771e-01  -2.9470369e-02   6.4212387e-01  -7.2976548e-02   6.3344097e-01   4.2200003e-03   5.8809863e-01  -5.5091845e-02   4.8803384e-01  -5.3395209e-02   5.8861126e-01  -4.0874614e-02
  -5.5273911e-01   7.0621818e-02   5.7559465e-01   6.7541588e-02   5.8047943e-01   3.7019596e-02   6.1511489e-01   8.1716503e-03   6.3505884e-01  -1.7054939e-02   6.3548253e-01   1.6045105e-02   5.8106588e-01  -2.1769113e-02   4.9235345e-01   9.0847421e-02   5.8414785e-01  -9.9931606e-03
  -5.1187537e-01   1.9062448e-01   5.8678271e-01   3.9435111e-02   5.8608960e-01   1.7280609e-02   6.1879401e-01   3.2986247e-02   6.3623490e-01   2.9148206e-02   6.3891747e-01   1.7185388e-02   5.7997845e-01   7.8939730e-03   5.2398038e-01   1.9948315e-01   5.8472602e-01   1.4769206e-02
  -4.4479078e-01   2.4023755e-01   5.9096708e-01  -5.2663106e-04   5.8679522e-01  -1.1834440e-02   6.2472702e-01   3.4378015e-02   6.4308061e-01   5.3591408e-02   6.4101392e-01   1.7279338e-03   5.8291894e-01   2.1121071e-02   5.7272355e-01   2.4998525e-01   5.8854427e-01   2.6003956e-02
  -3.7507652e-01   2.0845887e-01   5.8598709e-01  -4.8802838e-02   5.8081379e-01  -4.8438253e-02   6.2880871e-01   1.1276738e-02   6.5175096e-01   5.2427509e-02   6.3859673e-01  -2.8879227e-02   5.8632329e-01   1.2921109e-02   6.2530861e-01   2.3613804e-01   5.9297223e-01   2.1890243e-02
  -3.2562137e-01   1.1046960e-01   5.7091185e-01  -9.7207602e-02   5.6722813e-01  -8.6028452e-02   6.2756081e-01  -2.7981355e-02   6.5848410e-01   3.0383428e-02   6.2946156e-01  -6.6293410e-02   5.8652306e-01  -1.2972399e-02   6.6891133e-01   1.6802079e-01   5.9557464e-01   6.3130474e-03
  -3.1154292e-01  -1.8896048e-02   5.4677946e-01  -1.3520807e-01   5.4673060e-01  -1.1552897e-01   6.1945256e-01  -6.8874046e-02   6.6079880e-01  -1.4929563e-03   6.1344996e-01  -9.8167974e-02   5.8118228e-01  -4.6053634e-02   6.9422061e-01   6.7873551e-02   5.9498166e-01  -1.2884720e-02
  -3.3593352e-01  -1.3742397e-01   5.1676246e-01  -1.5316949e-01   5.2185390e-01  -1.2831614e-01   6.0552960e-01  -9.5840004e-02   6.5819723e-01  -2.9909813e-02   5.9283114e-01  -1.1245674e-01   5.7019626e-01  -7.3074263e-02   6.9735156e-01  -3.6726695e-02   5.9134623e-01  -2.6856785e-02
  -3.8979080e-01  -2.0931876e-01   4.8564958e-01  -1.4537831e-01   4.9656730e-01  -1.1912612e-01   5.8912493e-01  -9.7557649e-02   6.5215020e-01  -4.3826150e-02   5.7181363e-01  -1.0160483e-01   5.5575183e-01  -8.2725556e-02   6.8015938e-01  -1.2031111e-01   5.8623249e-01  -2.8874018e-02
  -4.5566992e-01  -2.1559630e-01   4.5883176e-01  -1.1183404e-01   4.7539738e-01  -8.7841461e-02   5.7482883e-01  -7.0509671e-02   6.4545669e-01  -3.7767370e-02   5.5540065e-01  -6.5123977e-02   5.4161731e-01  -6.9278245e-02   6.4912201e-01  -1.6540796e-01   5.8203104e-01  -1.6498518e-02
  -5.1358216e-01  -1.5845007e-01   4.4108108e-01  -5.8442265e-02   4.6233866e-01  -3.9763587e-02   5.6707712e-01  -1.9981968e-02   6.4123586e-01  -1.3144731e-02   5.4796260e-01  -9.9197222e-03   5.3194708e-01  -3.4253600e-02   6.1325147e-01  -1.6579003e-01   5.8111943e-01   7.7230514e-03
  -5.4703764e-01  -5.8845400e-02   4.3547805e-01   4.3259397e-03   4.5988628e-01   1.5599151e-02   5.6882991e-01   4.1586581e-02   6.4190894e-01   2.2602622e-02   5.5199307e-01   5.1561257e-02   5.3002131e-01   1.4192779e-02   5.8169996e-01  -1.2661937e-01   5.8506015e-01   3.7129149e-02
  -5.4802560e-01   5.1398756e-02   4.4264690e-01   6.3972801e-02   4.6834799e-01   6.6910904e-02   5.8058483e-01   9.8343364e-02   6.4836915e-01   5.8597803e-02   5.6727338e-01   1.0482063e-01   5.3716687e-01   6.3805420e-02   5.6142529e-01  -6.1919095e-02   5.9399316e-01   6.3058849e-02
  -5.1822309e-01   1.3986823e-01   4.6072978e-01   1.0881911e-01   4.8583685e-01   1.0370368e-01   6.0029743e-01   1.3543083e-01   6.5979070e-01   8.3862539e-02   5.9096059e-01   1.3708409e-01   5.5244114e-01   1.0178676e-01   5.5596497e-01   9.8706654e-03   6.0658165e-01   7.7403487e-02
  -4.6814204e-01   1.8309314e-01   4.8575714e-01   1.3068968e-01   5.0863364e-01   1.1890350e-01   6.2379375e-01   1.4307437e-01   6.7379142e-01   9.0482988e-02   6.1816118e-01   1.4067650e-01   5.7276194e-01   1.1831511e-01   5.6483328e-01   7.0710474e-02   6.2026276e-01   7.4982252e-02
  -4.1312246e-01   1.7251463e-01   5.1261383e-01   1.2660947e-01   5.3209412e-01   1.1038703e-01   6.4590968e-01   1.1905810e-01   6.8714950e-01   7.5724294e-02   6.4317853e-01   1.1485578e-01   5.9376241e-01   1.0910547e-01   5.8419235e-01   1.0726454e-01   6.3194815e-01   5.4991258e-02
  -3.6861197e-01   1.1569933e-01   5.3616174e-01   9.9264177e-02   5.5168753e-01   8.1325824e-02   6.6178790e-01   6.9155681e-02   6.9667361e-01   4.2646334e-02   6.6086424e-01   6.5889976e-02   6.1089121e-01   7.6388195e-02   6.0813731e-01   1.1359365e-01   6.3882268e-01   2.1248557e-02
  -3.4589432e-01   3.2871711e-02   5.5229149e-01   5.6113638e-02   5.6394841e-01   3.9234679e-02   6.6803953e-01   5.4438554e-03   7.0002413e-01  -8.7885093e-04   6.6777939e-01   5.3580887e-03   6.2050549e-01   2.8126502e-02   6.3031111e-01   9.1761976e-02   6.3905677e-01  -1.8810882e-02
  -3.4882123e-01  -5.0186395e-02   5.5881312e-01   7.3631659e-03   5.6725546e-01  -6.0654217e-03   6.6364358e-01  -5.7119999e-02   6.9638493e-01  -4.4489978e-02   6.6305487e-01  -5.3000415e-02   6.2082620e-01  -2.4274278e-02   6.4562589e-01   5.0553955e-02   6.3235032e-01  -5.6173739e-02
  -3.7386212e-01  -1.1029816e-01   5.5564708e-01  -3.6618469e-02   5.6194329e-01  -4.4942916e-02   6.4996107e-01  -1.0470550e-01   6.8653724e-01  -7.8259465e-02   6.4833251e-01  -9.6795121e-02   6.1216726e-01  -6.9135567e-02   6.5122977e-01   2.2539644e-03   6.1991904e-01  -8.2639302e-02
  -4.1165425e-01  -1.3327456e-01   5.4467076e-01  -6.7614250e-02   5.5009111e-01  -7.0135254e-02   6.3032839e-01  -1.2794571e-01   6.7263454e-01  -9.5180921e-02   6.2728539e-01  -1.1787115e-01   5.9677956e-01  -9.7337591e-02   6.4696418e-01  -4.0700581e-02   6.0421037e-01  -9.2814517e-02
  -4.5036891e-01  -1.1715819e-01   5.2908162e-01  -8.1177467e-02   5.3487245e-01  -7.8187430e-02   6.0911531e-01  -1.2389543e-01   6.5759318e-01  -9.2721263e-02   6.0460504e-01  -1.1392025e-01   5.7817546e-01  -1.0431735e-01   6.3504227e-01  -6.8841972e-02   5.8828017e-01  -8.5282758e-02
  -4.7938032e-01  -7.1297590e-02   5.1254888e-01  -7.7099280e-02   5.1973505e-01  -6.9745224e-02   5.9062909e-01  -9.6044421e-02   6.4435438e-01  -7.2965416e-02   5.8485525e-01  -8.8376946e-02   5.6022426e-01  -9.0618154e-02   6.1918626e-01  -7.7507238e-02   5.7507255e-01  -6.2600175e-02
