   1.2202151e-01   6.0672891e-01   1.1611414e-01   6.5159532e-01   7.1221136e-02   2.2558983e-01   2.0791988e-01   9.3761971e-01   8.8976617e-02   4.6418834e-02   1.6315234e-01   7.1366711e-01   1.6431777e-01   6.0009668e-01   5.8627695e-02   7.7146348e-02   4.8056320e-02   2.5956367e-01
   2.0432631e-01  -1.4810222e-01   2.7655560e-01   9.1660591e-01   1.5288669e-01   6.3751802e-01   3.9532613e-01   1.0000000e+00   1.2742323e-01   4.3444040e-01   3.0192369e-01   9.3644515e-01   2.8259584e-01   8.7583818e-01   1.3368355e-01   5.8129257e-01   1.2236407e-01   6.3983953e-01
   3.3699874e-02  -7.4612266e-01   4.7208090e-01   1.0000000e+00   2.9764327e-01   9.0240729e-01   5.7727053e-01   8.9356667e-01   2.1920754e-01   7.3001551e-01   4.6396163e-01   1.0000000e+00   4.3220610e-01   1.0000000e+00   3.0139816e-01   9.0516159e-01   2.4740795e-01   8.8662677e-01
  -2.9554857e-01  -1.0000000e+00   6.6691563e-01   9.1500152e-01   4.7592059e-01   1.0000000e+00   7.2954142e-01   7.0162906e-01   3.4887285e-01   9.2047948e-01   6.2571489e-01   9.3970248e-01   5.9064611e-01   9.9238977e-01   5.1555301e-01   1.0000000e+00   4.0139932e-01   1.0000000e+00
  -6.4467501e-01  -8.6107248e-01   8.3131046e-01   7.0573055e-01   6.5756948e-01   9.4331127e-01   8.4327451e-01   4.9817865e-01   4.9956129e-01   1.0000000e+00   7.6999345e-01   7.9450532e-01   7.3937180e-01   8.8132036e-01   7.2612216e-01   8.7962163e-01   5.6387466e-01   9.9498850e-01
  -8.8588638e-01  -4.3233587e-01   9.4564868e-01   4.2484374e-01   8.1697327e-01   7.6532124e-01   9.2093376e-01   3.2618193e-01   6.5390635e-01   9.6793401e-01   8.8532757e-01   5.9323930e-01   8.6411707e-01   6.9133839e-01   8.9174431e-01   6.0410591e-01   7.1736905e-01   8.9222260e-01
  -9.4578629e-01   1.0409512e-01   1.0000000e+00   1.1403545e-01   9.3501997e-01   5.0088845e-01   9.6974154e-01   1.9278502e-01   7.9493868e-01   8.3027558e-01   9.6393542e-01   3.5185186e-01   9.5388319e-01   4.3931901e-01   9.8639657e-01   2.4774543e-01   8.4769441e-01   7.1070021e-01
  -8.1881061e-01   5.7015377e-01   9.9143852e-01  -1.9713312e-01   9.9856292e-01   1.8006152e-01   9.9556748e-01   8.0287368e-02   9.0724222e-01   6.0134830e-01   1.0000000e+00   8.0260553e-02   1.0000000e+00   1.3975592e-01   1.0000000e+00  -1.2104164e-01   9.4346320e-01   4.6675774e-01
  -5.5679977e-01   8.2887592e-01   9.2267095e-01  -4.8019949e-01   1.0000000e+00  -1.6556266e-01   1.0000000e+00  -3.6065792e-02   9.7831226e-01   3.0424347e-01   9.8953822e-01  -2.0798170e-01   9.9647918e-01  -1.8661181e-01   9.3665173e-01  -4.4094455e-01   9.9598073e-01   1.7826073e-01
  -2.5137387e-01   8.0292336e-01   8.0280890e-01  -6.9923644e-01   9.3846278e-01  -4.9336724e-01   9.8067480e-01  -1.7039872e-01   1.0000000e+00  -2.7416731e-02   9.3172992e-01  -4.8670163e-01   9.4162892e-01  -5.0462081e-01   8.1345191e-01  -6.5562824e-01   1.0000000e+00  -1.2868203e-01
  -7.0645202e-03   5.0279174e-01   6.4873652e-01  -8.1473934e-01   8.2215286e-01  -7.4911499e-01   9.3462183e-01  -3.1371822e-01   9.7036998e-01  -3.4753687e-01   8.3147758e-01  -7.1323632e-01   8.4067568e-01  -7.6240885e-01   6.5867066e-01  -7.2271437e-01   9.5551366e-01  -4.1525727e-01
   9.3105211e-02   3.3074299e-02   4.8434874e-01  -7.9924719e-01   6.6935622e-01  -8.8104404e-01   8.6273422e-01  -4.3628558e-01   8.9533143e-01  -6.0300234e-01   7.0154457e-01  -8.3788200e-01   7.0764094e-01  -9.0326682e-01   5.0681038e-01  -6.3033210e-01   8.6952758e-01  -6.3518921e-01
   1.5981162e-02  -4.4485545e-01   3.3661085e-01  -6.5114283e-01   5.0618831e-01  -8.5892302e-01   7.7242880e-01  -5.0187955e-01   7.8874366e-01  -7.4710959e-01   5.6221365e-01  -8.2254392e-01   5.6449292e-01  -8.8642265e-01   3.9072011e-01  -4.0560058e-01   7.5623843e-01  -7.4805614e-01
  -2.1179822e-01  -7.7344737e-01   2.2991245e-01  -3.9718328e-01   3.6140948e-01  -6.8529157e-01   6.7730566e-01  -4.8412394e-01   6.7026069e-01  -7.5415821e-01   4.3790877e-01  -6.5738566e-01   4.3717309e-01  -7.0431881e-01   3.3352297e-01  -1.0735070e-01   6.3496580e-01  -7.3271657e-01
  -5.1537035e-01  -8.5196830e-01   1.8093147e-01  -8.5556910e-02   2.6018793e-01  -3.9546891e-01   5.9406091e-01  -3.7811110e-01   5.6124727e-01  -6.2850915e-01   3.5174183e-01  -3.6824643e-01   3.4968559e-01  -3.8890645e-01   3.4345361e-01   1.9171085e-01   5.2630287e-01  -5.9507260e-01
  -7.9854548e-01  -6.6631009e-01   1.9552058e-01   2.2600846e-01   2.1881986e-01  -4.8456545e-02   5.3794657e-01  -2.0379649e-01   4.8002173e-01  -4.0440410e-01   3.1984602e-01  -1.2379264e-02   3.1826597e-01  -5.2285195e-03   4.1312945e-01   4.2527426e-01   4.4768932e-01  -3.6777699e-01
  -9.7597084e-01  -2.8860129e-01   2.6807021e-01   4.8338694e-01   2.4163046e-01   2.8802390e-01   5.1848947e-01   1.6938294e-05   4.3784581e-01  -1.3620587e-01   3.4725520e-01   3.3628830e-01   3.4736422e-01   3.6560632e-01   5.2271690e-01   5.4897178e-01   4.0966524e-01  -1.0174667e-01
  -1.0000000e+00   1.5657064e-01   3.8334018e-01   6.4611578e-01   3.2083139e-01   5.5332547e-01   5.3697030e-01   1.8840031e-01   4.3692282e-01   1.1739776e-01   4.2671727e-01   6.0701423e-01   4.2876468e-01   6.4805519e-01   6.4567799e-01   5.4591872e-01   4.1395018e-01   1.4783066e-01
  -8.7023837e-01   5.3646714e-01   5.1969875e-01   6.9102149e-01   4.3893761e-01   7.0351426e-01   5.8657011e-01   3.2153461e-01   4.7096689e-01   3.0651106e-01   5.4069614e-01   7.4687451e-01   5.4393840e-01   7.8747536e-01   7.5445412e-01   4.2337395e-01   4.5392639e-01   3.3350671e-01
  -6.3093555e-01   7.4629878e-01   6.5276683e-01   6.1451493e-01   5.7232700e-01   7.1742420e-01   6.5396975e-01   3.7283663e-01   5.2717511e-01   3.9922825e-01   6.6499535e-01   7.3032153e-01   6.6799350e-01   7.5976943e-01   8.2553157e-01   2.1017650e-01   5.1650067e-01   4.2448809e-01
  -3.5510548e-01   7.3457700e-01   7.5957352e-01   4.3444255e-01   6.9587124e-01   6.0020053e-01   7.2260866e-01   3.3542400e-01   5.8959729e-01   3.8739699e-01   7.7388871e-01   5.6478618e-01   7.7501589e-01   5.7628704e-01   8.4388259e-01  -4.5845843e-02   5.8538388e-01   4.1245104e-01
  -1.2227347e-01   5.1666160e-01   8.2294448e-01   1.8954895e-01   7.8796218e-01   3.8373535e-01   7.7686079e-01   2.2560775e-01   6.4308309e-01   2.8874980e-01   8.4579388e-01   2.9167374e-01   8.4378239e-01   2.8368866e-01   8.0662074e-01  -2.8448645e-01   6.4498649e-01   3.1374220e-01
   4.3623516e-03   1.6870462e-01   8.3487655e-01  -6.7888167e-02   8.3471448e-01   1.1984728e-01   8.0599875e-01   7.8865433e-02   6.7683535e-01   1.4190771e-01   8.6806356e-01  -2.2181742e-02   8.6241680e-01  -4.5962208e-02   7.2415311e-01  -4.4720734e-01   6.8394999e-01   1.6471624e-01
  -2.1985628e-03  -1.9837044e-01   7.9832239e-01  -2.8562896e-01   8.3286353e-01  -1.3355493e-01   8.0720725e-01  -6.1636884e-02   6.8711609e-01  -5.9428263e-03   8.4026940e-01  -3.0274422e-01   8.3142440e-01  -3.3480900e-01   6.1801498e-01  -4.9551989e-01   6.9785366e-01   1.0342364e-02
  -1.2886033e-01  -4.7656453e-01   7.2547372e-01  -4.2432007e-01   7.8909413e-01  -3.2710829e-01   7.8535128e-01  -1.5879780e-01   6.7710284e-01  -1.1353447e-01   7.7322116e-01  -4.8886753e-01   7.6244599e-01  -5.2005299e-01   5.1485319e-01  -4.2167652e-01   6.8918895e-01  -1.0922083e-01
  -3.2863925e-01  -5.9309072e-01   6.3441714e-01  -4.6598873e-01   7.1757995e-01  -4.3099610e-01   7.5094561e-01  -1.9206792e-01   6.5519265e-01  -1.5691526e-01   6.8571815e-01  -5.4763520e-01   6.7480542e-01  -5.6955141e-01   4.3944569e-01  -2.5008875e-01   6.6583650e-01  -1.6918365e-01
  -5.3790960e-01  -5.3037794e-01   5.4442091e-01  -4.1633797e-01   6.3573419e-01  -4.3988668e-01   7.1636174e-01  -1.6241394e-01   6.3175205e-01  -1.3465023e-01   5.9911033e-01  -4.8086549e-01   5.8996038e-01  -4.8796540e-01   4.0831273e-01  -2.8716569e-02   6.3802809e-01  -1.6525627e-01
  -6.9667355e-01  -3.2555247e-01   4.7162493e-01  -3.0029953e-01   5.5990521e-01  -3.7029273e-01   6.9196408e-01  -8.9558830e-02   6.1580461e-01  -6.5018432e-02   5.3190395e-01  -3.2053108e-01   5.2610665e-01  -3.1136768e-01   4.2624233e-01   1.8551410e-01   6.1516989e-01  -1.1163451e-01
  -7.6622150e-01  -5.3737311e-02   4.2588330e-01  -1.5318279e-01   5.0190620e-01  -2.5259088e-01   6.8316477e-01  -3.6072763e-03   6.1246423e-01   2.2154558e-02   4.9555496e-01  -1.1667076e-01   4.9404139e-01  -9.4074758e-02   4.8581625e-01   3.4227387e-01   6.0329017e-01  -3.4062552e-02
  -7.3790419e-01   2.0001421e-01   4.0980895e-01  -1.0175943e-02   4.6747739e-01  -1.2034840e-01   6.8955562e-01   6.6081699e-02   6.2201017e-01   9.6251040e-02   4.9283986e-01   7.8366978e-02   4.9568225e-01   1.0822795e-01   5.7043650e-01   4.0937703e-01   6.0396832e-01   3.9725444e-02
  -6.3179584e-01   3.6485923e-01   4.1964719e-01   1.0113348e-01   4.5654607e-01  -2.3083958e-03   7.0592521e-01   9.9019657e-02   6.4047503e-01   1.3394507e-01   5.1860052e-01   2.2199670e-01   5.2499010e-01   2.5132654e-01   6.5887666e-01   3.7737143e-01   6.1469282e-01   8.7414919e-02
  -4.8832839e-01   4.0267897e-01   4.4727125e-01   1.6553653e-01   4.6458982e-01   8.2999829e-02   7.2442703e-01   8.8716249e-02   6.6119808e-01   1.2480565e-01   5.6204343e-01   2.9006347e-01   5.7046195e-01   3.1150854e-01   7.3040303e-01   2.5984536e-01   6.3014336e-01   9.7393871e-02
  -3.5444776e-01   3.1620915e-01   4.8287077e-01   1.8146878e-01   4.8478048e-01   1.2922832e-01   7.3740328e-01   4.3469846e-02   6.7704330e-01   7.3196042e-02   6.1017690e-01   2.8033725e-01   6.1872038e-01   2.8882035e-01   7.6943139e-01   8.9090610e-02   6.4414265e-01   7.0736634e-02
  -2.6893061e-01   1.4523579e-01   5.1758890e-01   1.5915684e-01   5.1020594e-01   1.4116208e-01   7.3995982e-01  -1.7173082e-02   6.8262094e-01  -3.7535720e-03   6.5139396e-01   2.1056586e-01   6.5816940e-01   2.0442188e-01   7.6890194e-01  -9.1820896e-02   6.5165557e-01   1.9726500e-02
  -2.5170717e-01  -4.8769522e-02   5.4540785e-01   1.1596378e-01   5.3556484e-01   1.3087080e-01   7.3140806e-01  -6.9580609e-02   6.7581217e-01  -8.2006413e-02   6.7815770e-01   1.1107567e-01   6.8165361e-01   9.2253301e-02   7.3144109e-01  -2.3944864e-01   6.5020791e-01  -3.6953104e-02
  -2.9952770e-01  -2.0342569e-01   5.6402975e-01   7.0493395e-02   5.5806928e-01   1.1253893e-01   7.1529394e-01  -9.4216567e-02   6.5828042e-01  -1.3831797e-01   6.8829648e-01   1.4569805e-02   6.8765514e-01  -1.2061909e-02   6.6831429e-01  -3.2059822e-01   6.4043735e-01  -8.0584457e-02
  -3.8933952e-01  -2.7504224e-01   5.7454346e-01   3.7000498e-02   5.7734910e-01   9.7347848e-02   6.9794893e-01  -8.2154965e-02   6.3476841e-01  -1.5735958e-01   6.8454910e-01  -5.3773227e-02   6.7969521e-01  -8.1763606e-02   5.9620459e-01  -3.2027753e-01   6.2559708e-01  -9.8370736e-02
  -4.8755991e-01  -2.5031504e-01   5.8013791e-01   2.1796017e-02   5.9453847e-01   9.0063517e-02   6.8614930e-01  -3.7653885e-02   6.1149443e-01  -1.3578170e-01   6.7272647e-01  -8.2537496e-02   6.6434523e-01  -1.0545877e-01   5.3277190e-01  -2.4457241e-01   6.1026944e-01  -8.6920981e-02
  -5.6170161e-01  -1.4722487e-01   5.8436939e-01   2.2540690e-02   6.1096312e-01   8.8264052e-02   6.8470763e-01   2.3811247e-02   5.9422332e-01  -8.2199092e-02   6.5925767e-01  -7.5115897e-02   6.4863881e-01  -8.8048152e-02   4.9219070e-01  -1.1772076e-01   5.9877875e-01  -5.2375190e-02
  -5.8986724e-01  -5.8909422e-03   5.8968095e-01   3.0509769e-02   6.2702331e-01   8.4379895e-02   6.9492930e-01   8.1066121e-02   5.8673090e-01  -1.3512041e-02   6.4910248e-01  -4.5835598e-02   6.3789038e-01  -4.6405626e-02   4.8209384e-01   2.5393336e-02   5.9392215e-01  -7.4396463e-03
  -5.6711784e-01   1.2563389e-01   5.9637770e-01   3.4656663e-02   6.4146757e-01   6.9517934e-02   7.1399987e-01   1.1429323e-01   5.8979504e-01   5.0606485e-02   6.4428079e-01  -1.3555120e-02   6.3416224e-01  -2.3315036e-03   5.0195681e-01   1.4894934e-01   5.9614948e-01   3.3150096e-02
  -5.0470953e-01   2.0708199e-01   6.0275534e-01   2.6285413e-02   6.5166648e-01   3.7908695e-02   7.3606112e-01   1.1141202e-01   6.0136088e-01   9.3679984e-02   6.4388638e-01   5.5816317e-03   6.3628776e-01   2.5409667e-02   5.4422621e-01   2.2523176e-01   6.0374322e-01   5.7518811e-02
  -4.2545621e-01   2.1670487e-01   6.0586919e-01   2.1876747e-03   6.5444505e-01  -1.0175872e-02   7.5398333e-01   7.1633023e-02   6.1733305e-01   1.0655362e-01   6.4491330e-01   3.0329533e-03   6.4074980e-01   2.6540771e-02   5.9668415e-01   2.4051343e-01   6.1352252e-01   5.9891098e-02
  -3.5578387e-01   1.5658188e-01   6.0280351e-01  -3.4163901e-02   6.4732415e-01  -6.7580841e-02   7.6162439e-01   5.8331378e-03   6.3291536e-01   8.9452174e-02   6.4375564e-01  -1.9840849e-02   6.4328133e-01   1.9247074e-03   6.4587919e-01   1.9727661e-01   6.2197783e-01   4.1980117e-02
  -3.1732970e-01   5.0172622e-02   5.9191518e-01  -7.3908330e-02   6.2965319e-01  -1.2209744e-01   7.5576695e-01  -6.6790885e-02   6.4403039e-01   5.1094142e-02   6.3777775e-01  -5.3070002e-02   6.4056230e-01  -3.7697267e-02   6.8051267e-01   1.1201585e-01   6.2641681e-01   1.1888718e-02
  -3.2056998e-01  -6.6375248e-02   5.7364034e-01  -1.0580668e-01   6.0323324e-01  -1.6011698e-01   7.3718456e-01  -1.2458504e-01   6.4841539e-01   5.4194031e-03   6.2643936e-01  -8.2117702e-02   6.3147475e-01  -7.6006368e-02   6.9398456e-01   9.7822047e-03   6.2577951e-01  -1.8876900e-02
  -3.6234566e-01  -1.5660069e-01   5.5060488e-01  -1.1997575e-01   5.7218104e-01  -1.7091681e-01   7.1047192e-01  -1.5014505e-01   6.4608759e-01  -3.3114812e-02   6.1161307e-01  -9.3386824e-02   6.1753001e-01  -9.7106160e-02   6.8551747e-01  -8.3054796e-02   6.2087874e-01  -3.9381002e-02
  -4.2798911e-01  -1.9486393e-01   5.2701187e-01  -1.1091881e-01   5.4205777e-01  -1.4991184e-01   6.8269763e-01  -1.3533320e-01   6.3905614e-01  -5.3823595e-02   5.9699390e-01  -7.8941446e-02   6.0233955e-01  -9.0815876e-02   6.5965110e-01  -1.4536365e-01   6.1400214e-01  -4.2658054e-02
  -4.9662884e-01  -1.7326308e-01   5.0757431e-01  -7.9163171e-02   5.1857368e-01  -1.0011396e-01   6.6139427e-01  -8.3445704e-02   6.3050457e-01  -5.2538184e-02   5.8691714e-01  -3.9161291e-02   5.9043900e-01  -5.5843263e-02   6.2455794e-01  -1.6579536e-01   6.0809570e-01  -2.7665927e-02
  -5.4784962e-01  -1.0242071e-01   4.9631250e-01  -3.1101263e-02   5.0624093e-01  -3.1438073e-02   6.5249024e-01  -7.9670830e-03   6.2372864e-01  -3.2088162e-02   5.8498254e-01   1.7414143e-02   5.8585953e-01   3.8050043e-05   5.8969754e-01  -1.4433208e-01   6.0579965e-01   7.3290029e-04
  -5.6799316e-01  -6.7839069e-03   4.9547511e-01   2.2737394e-02   5.0724554e-01   4.1778151e-02   6.5862581e-01   7.1438784e-02   6.2110088e-01  -7.8551883e-04   5.9283091e-01   7.6675582e-02   5.9080424e-01   6.2469213e-02   5.6331792e-01  -9.1067191e-02   6.0857391e-01   3.3507178e-02
  -5.5337038e-01   8.4129991e-02   5.0503850e-01   7.0547690e-02   5.2101668e-01   1.0437152e-01   6.7859690e-01   1.3449358e-01   6.2348814e-01   3.0633301e-02   6.0962709e-01   1.2322018e-01   6.0500978e-01   1.1496181e-01   5.5070000e-01  -2.2418938e-02   6.1629763e-01   6.0405655e-02
  -5.1060739e-01   1.4450113e-01   5.2272156e-01   1.0214679e-01   5.4437364e-01   1.4384122e-01   7.0769645e-01   1.6547933e-01   6.3010524e-01   5.2171778e-02   6.3217176e-01   1.4455662e-01   6.2574458e-01   1.4342183e-01   5.5322085e-01   4.3341433e-02   6.2729327e-01   7.2883694e-02
  -4.5391711e-01   1.5959025e-01   5.4457193e-01   1.1149728e-01   5.7229741e-01   1.5325050e-01   7.3898836e-01   1.5725817e-01   6.3885367e-01   5.7423656e-02   6.5568556e-01   1.3462453e-01   6.4850432e-01   1.4008797e-01   5.6844068e-01   9.0756221e-02   6.3880852e-01   6.6570911e-02
  -4.0022153e-01   1.2900472e-01   5.6597336e-01   9.7988266e-02   5.9913372e-01   1.3257796e-01   7.6515526e-01   1.1273296e-01   6.4703893e-01   4.5116960e-02   6.7505676e-01   9.5339530e-02   6.6821962e-01   1.0546956e-01   5.9117403e-01   1.1060330e-01   6.4781816e-01   4.2380607e-02
  -3.6419893e-01   6.5514248e-02   5.8270951e-01   6.6268694e-02   6.1982270e-01   8.8340439e-02   7.8027357e-01   4.3677979e-02   6.5216166e-01   1.9090794e-02   6.8609252e-01   3.5932124e-02   6.8051710e-01   4.7956870e-02   6.1502646e-01   1.0136910e-01   6.5183652e-01   6.1038198e-03
  -3.5405830e-01  -9.6125402e-03   5.9193826e-01   2.4860168e-02   6.3100421e-01   3.1759215e-02   7.8129217e-01  -3.2552128e-02   6.5265078e-01  -1.3051125e-02   6.8659527e-01  -2.9548663e-02   6.8284674e-01  -1.8525053e-02   6.3412014e-01   6.8920290e-02   6.4961893e-01  -3.3244583e-02
  -3.6987036e-01  -7.3995916e-02   5.9271068e-01  -1.6340043e-02   6.3158603e-01  -2.4359355e-02   7.6859164e-01  -9.7952926e-02   6.4824497e-01  -4.2506204e-02   6.7680930e-01  -8.6253629e-02   6.7502074e-01  -7.8588930e-02   6.4447214e-01   2.3977090e-02   6.4145386e-01  -6.6117528e-02
  -4.0441782e-01  -1.1058779e-01   5.8598611e-01  -4.8500286e-02   6.2274116e-01  -6.8634010e-02   7.4566402e-01  -1.3828408e-01   6.3997314e-01  -6.1745964e-02   6.5922937e-01  -1.2222343e-01   6.5911920e-01  -1.1925801e-01   6.4468243e-01  -2.1078468e-02   6.2903704e-01  -8.4906351e-02
  -4.4594603e-01  -1.1224206e-01   5.7422380e-01  -6.5899674e-02   6.0742594e-01  -9.3604120e-02   7.1809053e-01  -1.4638470e-01   6.2980919e-01  -6.6500095e-02   6.3789643e-01  -1.3121477e-01   6.3887644e-01  -1.3306849e-01   6.3597292e-01  -5.5494141e-02   6.1501054e-01  -8.5830739e-02
  -4.8214601e-01  -8.2680873e-02   5.6061942e-01  -6.6918985e-02   5.8950121e-01  -9.6927183e-02   6.9202193e-01  -1.2325322e-01   6.2007087e-01  -5.6564999e-02   6.1731928e-01  -1.1368716e-01   6.1866051e-01  -1.1936337e-01   6.2151449e-01  -7.2567708e-02   6.0225831e-01  -6.9588184e-02
