   3.3505231e-02   5.7348867e-01   3.2240063e-04   8.9402181e-02   7.1795926e-02   2.2085904e-01   1.8592695e-01   5.1187529e-01   5.5024519e-02   1.8772690e-01   9.7204018e-02   5.2285414e-01   1.7056385e-01   7.1776805e-01   1.7595656e-01   9.4651459e-02   4.7644873e-02   2.8438436e-02
   9.8402339e-02  -1.7347128e-01   6.4628159e-02   5.4229331e-01   1.5098977e-01   6.3185215e-01   2.7165115e-01   6.8425456e-01   1.1551392e-01   5.5392150e-01   2.1170227e-01   8.1861013e-01   3.0558918e-01   9.3725991e-01   2.4393093e-01   5.9202129e-01   8.7564485e-02   4.4256587e-01
  -6.2913459e-02  -7.6128801e-01   2.0556976e-01   8.5629774e-01   2.9199450e-01   8.9732665e-01   3.7476955e-01   7.6608440e-01   2.2618257e-01   8.1446767e-01   3.6400033e-01   9.7403919e-01   4.6283057e-01   1.0000000e+00   3.9097044e-01   9.0849585e-01   1.8698787e-01   7.5005454e-01
  -3.6379027e-01  -1.0000000e+00   3.9197889e-01   1.0000000e+00   4.6637862e-01   1.0000000e+00   4.8557742e-01   7.9927264e-01   3.6947876e-01   9.6257135e-01   5.3127234e-01   1.0000000e+00   6.2001275e-01   9.4348830e-01   5.7728623e-01   1.0000000e+00   3.2698057e-01   9.3602517e-01
  -6.7665608e-01  -8.4016639e-01   5.9005948e-01   9.7778513e-01   6.4537994e-01   9.5238508e-01   5.9921682e-01   8.0804398e-01   5.2751800e-01   1.0000000e+00   6.9338970e-01   9.1604523e-01   7.6125093e-01   8.0705852e-01   7.6029621e-01   8.8081699e-01   4.8739910e-01   1.0000000e+00
  -8.8414487e-01  -3.8674512e-01   7.6968364e-01   8.1931085e-01   8.0435075e-01   7.8447152e-01   7.1237795e-01   7.8993520e-01   6.8310417e-01   9.3321738e-01   8.3358131e-01   7.4158237e-01   8.7615106e-01   6.1840655e-01   9.0465886e-01   6.0759899e-01   6.4889723e-01   9.5123920e-01
  -9.1976310e-01   1.7235812e-01   9.0754723e-01   5.6140777e-01   9.2444223e-01   5.2845846e-01   8.1975521e-01   7.2146780e-01   8.2038679e-01   7.7278977e-01   9.3809710e-01   4.9357406e-01   9.5758322e-01   3.9138402e-01   9.8765995e-01   2.5142489e-01   7.9409820e-01   8.0397303e-01
  -7.7984678e-01   6.4986051e-01   9.8743013e-01   2.3857588e-01   9.9233049e-01   2.1312384e-01   9.1218001e-01   5.7271156e-01   9.2557572e-01   5.3386738e-01   9.9605803e-01   1.8972757e-01   1.0000000e+00   1.3252149e-01   1.0000000e+00  -1.1936817e-01   9.0819092e-01   5.7486436e-01
  -5.1669805e-01   9.0355478e-01   1.0000000e+00  -1.1269796e-01   1.0000000e+00  -1.3000025e-01   9.7674654e-01   3.2591433e-01   9.8773053e-01   2.3771402e-01   1.0000000e+00  -1.4526614e-01   9.9890374e-01  -1.4855596e-01   9.4504012e-01  -4.4167941e-01   9.7937421e-01   2.8499907e-01
  -2.1837655e-01   8.5737149e-01   9.4400370e-01  -4.4632626e-01   9.4606881e-01  -4.5849461e-01   1.0000000e+00  -8.2551312e-03   1.0000000e+00  -8.5438935e-02   9.4765141e-01  -4.7392511e-01   9.5233412e-01  -4.2935488e-01   8.3768007e-01  -6.5800775e-01   1.0000000e+00  -3.5633704e-02
   1.5824200e-02   5.2572377e-01   8.2826904e-01  -7.0744913e-01   8.3789069e-01  -7.1917309e-01   9.7248644e-01  -3.8244743e-01   9.6122133e-01  -3.9401045e-01   8.4419200e-01  -7.4496432e-01   8.6326912e-01  -6.7041471e-01   7.0262686e-01  -7.2619927e-01   9.6827978e-01  -3.4506668e-01
   1.0820640e-01   1.9969919e-02   6.7232499e-01  -8.4618914e-01   6.9257486e-01  -8.6106820e-01   8.9372714e-01  -7.2110119e-01   8.7760421e-01  -6.3935853e-01   7.0400743e-01  -9.0332067e-01   7.4201185e-01  -8.2279599e-01   5.6988769e-01  -6.3513891e-01   8.9009559e-01  -5.9400130e-01
   2.8320490e-02  -4.9175186e-01   5.0355857e-01  -8.3504739e-01   5.3484415e-01  -8.5343261e-01   7.7439478e-01  -9.4560202e-01   7.6284871e-01  -7.7821149e-01   5.4969776e-01  -9.0882321e-01   6.0627094e-01  -8.4583907e-01   4.6797202e-01  -4.1159048e-01   7.7913262e-01  -7.3855280e-01
  -1.9779048e-01  -8.4484161e-01   3.5176054e-01  -6.7794498e-01   3.9228444e-01  -6.9649534e-01   6.3494123e-01  -1.0000000e+00   6.3623583e-01  -7.8599435e-01   4.0821721e-01  -7.5186272e-01   4.7850960e-01  -7.2322932e-01   4.1712163e-01  -1.1300155e-01   6.5493141e-01  -7.5323686e-01
  -4.9831352e-01  -9.3350246e-01   2.4284927e-01  -4.0917497e-01   2.8949497e-01  -4.2230468e-01   5.0097585e-01  -8.6921421e-01   5.1884747e-01  -6.6555213e-01   3.0502362e-01  -4.6003473e-01   3.8119991e-01  -4.7182062e-01   4.2493690e-01   1.8931757e-01   5.3907723e-01  -6.3946526e-01
  -7.8119031e-01  -7.4262372e-01   1.9364120e-01  -8.4289349e-02   2.4291634e-01  -8.6690710e-02   3.9696225e-01  -5.8374608e-01   4.2902307e-01  -4.4746412e-01   2.5808250e-01  -9.2977244e-02   3.3147788e-01  -1.3981471e-01   4.8560119e-01   4.2958419e-01   4.5058552e-01  -4.2634160e-01
  -9.6427193e-01  -3.4546336e-01   2.0906206e-01   2.3408883e-01   2.5781670e-01   2.4507314e-01   3.4045129e-01  -2.0890987e-01   3.7859221e-01  -1.8111206e-01   2.7377992e-01   2.7356165e-01   3.3707125e-01   2.0592176e-01   5.8248367e-01   5.6208772e-01   4.0196276e-01  -1.6265753e-01
  -1.0000000e+00   1.2890646e-01   2.8207805e-01   4.9002057e-01   3.2788430e-01   5.1314612e-01   3.3841966e-01   1.7467242e-01   3.7087573e-01   7.8979312e-02   3.4577384e-01   5.6729107e-01   3.9461105e-01   4.9724183e-01   6.9259460e-01   5.6660184e-01   3.9695081e-01   9.6220798e-02
  -8.8620090e-01   5.4178919e-01   3.9605178e-01   6.4305140e-01   4.3729697e-01   6.7340404e-01   3.8654422e-01   4.9039319e-01   4.0093825e-01   2.8548498e-01   4.5702985e-01   7.3463094e-01   4.9073563e-01   6.7950444e-01   7.9146371e-01   4.4697556e-01   4.3056493e-01   3.0104565e-01
  -6.6262540e-01   7.8126911e-01   5.2820180e-01   6.7231500e-01   5.6404220e-01   7.0261146e-01   4.7081110e-01   6.7928446e-01   4.5739070e-01   4.0589285e-01   5.8364857e-01   7.4857711e-01   6.0500396e-01   7.2043701e-01   8.5742874e-01   2.2923661e-01   4.9084575e-01   4.1721011e-01
  -3.9758885e-01   7.9021449e-01   6.5388951e-01   5.8027040e-01   6.8414620e-01   6.0282635e-01   5.7085933e-01   7.1248825e-01   5.2523743e-01   4.2833241e-01   6.9983375e-01   6.1398862e-01   7.1409430e-01   6.1735533e-01   8.7597852e-01  -3.8703883e-02   5.6183154e-01   4.3147200e-01
  -1.6663841e-01   5.8051511e-01   7.5143223e-01   3.9331667e-01   7.7647315e-01   4.0218608e-01   6.6495160e-01   5.9873010e-01   5.8947758e-01   3.6386820e-01   7.8342141e-01   3.6778684e-01   7.9691813e-01   3.9960821e-01   8.4346195e-01  -2.9355387e-01   6.2742065e-01   3.5464469e-01
  -3.1440969e-02   2.2753383e-01   8.0613583e-01   1.5642766e-01   8.2676131e-01   1.4916463e-01   7.3492320e-01   3.8156430e-01   6.3836372e-01   2.4309729e-01   8.2041749e-01   7.1382118e-02   8.3910307e-01   1.2262631e-01   7.6853159e-01  -4.7161763e-01   6.7490354e-01   2.1812294e-01
  -2.0356717e-02  -1.5514608e-01   8.1338359e-01  -7.8659537e-02   8.3073496e-01  -1.0019382e-01   7.7075494e-01   1.2555652e-01   6.6618964e-01   1.0635543e-01   8.0842412e-01  -2.0559541e-01   8.3660384e-01  -1.4719477e-01   6.7060110e-01  -5.2945204e-01   6.9799111e-01   6.3998269e-02
  -1.2435786e-01  -4.5513466e-01   7.7816812e-01  -2.6657437e-01   7.9366337e-01  -2.9674141e-01   7.7161005e-01  -1.0425301e-01   6.7347333e-01  -8.9004245e-03   7.5587032e-01  -4.0396296e-01   7.9544455e-01  -3.5105501e-01   5.7424609e-01  -4.5639347e-01   6.9714130e-01  -6.7807049e-02
  -3.0208629e-01  -5.9457733e-01   7.1302213e-01  -3.7821385e-01   7.2828150e-01  -4.0923066e-01   7.4486549e-01  -2.5975546e-01   6.6581771e-01  -7.8243000e-02   6.7924492e-01  -4.8936474e-01   7.2951296e-01  -4.5231935e-01   5.0271184e-01  -2.7670726e-01   6.7849114e-01  -1.4987357e-01
  -4.9536673e-01  -5.5089742e-01   6.3418979e-01  -4.0542318e-01   6.5092014e-01  -4.2954019e-01   7.0279919e-01  -3.2055013e-01   6.5130238e-01  -9.5370761e-02   5.9820772e-01  -4.5863734e-01   6.5625629e-01  -4.4366706e-01   4.7191386e-01  -4.0684711e-02   6.5122725e-01  -1.7284005e-01
  -6.4813185e-01  -3.5827215e-01   5.5751991e-01  -3.5967651e-01   5.7735185e-01  -3.7119831e-01   6.5849899e-01  -2.9499755e-01   6.3760644e-01  -7.0945441e-02   5.3047796e-01  -3.3689901e-01   5.9201564e-01  -3.4522820e-01   4.8683322e-01   1.9075996e-01   6.2458693e-01  -1.4493389e-01
  -7.2281043e-01  -9.0134609e-02   4.9515468e-01  -2.6532907e-01   5.1944525e-01  -2.6191929e-01   6.2226891e-01  -2.1187672e-01   6.2974996e-01  -2.6064117e-02   4.8788210e-01  -1.6672947e-01   5.4829264e-01  -1.9483373e-01   5.4114210e-01   3.6297363e-01   6.0536947e-01  -8.6167347e-02
  -7.0867444e-01   1.6710831e-01   4.5389534e-01  -1.5104020e-01   4.8351898e-01  -1.3411620e-01   5.9967875e-01  -1.0803423e-01   6.2912790e-01   1.5945279e-02   4.7461534e-01   5.0789563e-03   5.2997690e-01  -3.5614903e-02   6.1966731e-01   4.3974423e-01   5.9668582e-01  -2.0570617e-02
  -6.2210063e-01   3.4054143e-01   4.3505882e-01  -4.2117418e-02   4.7021478e-01  -1.6312906e-02   5.9119455e-01  -1.6522872e-02   6.3370811e-01   3.6880334e-02   4.8748351e-01   1.3958847e-01   5.3534754e-01   9.5417119e-02   7.0264711e-01   4.0984219e-01   5.9785255e-01   3.1111062e-02
  -4.9839607e-01   3.8932980e-01   4.3571597e-01   4.4018440e-02   4.7581030e-01   7.2146481e-02   5.9340682e-01   4.1262343e-02   6.3930130e-01   2.8148822e-02   5.1802211e-01   2.1337836e-01   5.5779596e-01   1.7480253e-01   7.7059057e-01   2.8678065e-01   6.0542187e-01   5.6219897e-02
  -3.7966377e-01   3.1368668e-01   4.5044512e-01   9.9725152e-02   4.9410651e-01   1.2347563e-01   6.0095208e-01   5.9338663e-02   6.4124678e-01  -7.4875925e-03   5.5540913e-01   2.2202378e-01   5.8830244e-01   1.9624929e-01   8.0865149e-01   1.0456407e-01   6.1470489e-01   5.2468518e-02
  -3.0152877e-01   1.5141101e-01   4.7323516e-01   1.2643225e-01   5.1850173e-01   1.4072837e-01   6.0866985e-01   4.6099907e-02   6.3614196e-01  -5.7482283e-02   5.8958995e-01   1.7854316e-01   6.1816904e-01   1.6960864e-01   8.0979489e-01  -9.0720984e-02   6.2145059e-01   2.7166513e-02
  -2.8289513e-01  -3.6858374e-02   4.9904007e-01   1.3188492e-01   5.4369485e-01   1.3448321e-01   6.1330804e-01   1.9052587e-02   6.2308203e-01  -1.0404905e-01   6.1375867e-01   1.0732752e-01   6.4124144e-01   1.1557233e-01   7.7610219e-01  -2.5204515e-01   6.2316773e-01  -6.3147991e-03
  -3.2178230e-01  -1.8897037e-01   5.2465306e-01   1.2611238e-01   5.6662587e-01   1.1787118e-01   6.1428707e-01  -2.9659161e-03   6.0401363e-01  -1.3042646e-01   6.2555805e-01   3.5251404e-02   6.5503734e-01   5.7606134e-02   7.1781743e-01  -3.4305683e-01   6.1971127e-01  -3.3778932e-02
  -3.9833475e-01  -2.6075984e-01   5.4873970e-01   1.1753600e-01   5.8646425e-01   1.0176013e-01   6.1333557e-01  -6.9205243e-03   5.8308609e-01  -1.2641297e-01   6.2673343e-01  -1.6671355e-02   6.6051925e-01   1.4248904e-02   6.5038642e-01  -3.4661471e-01   6.1298155e-01  -4.5072278e-02
  -4.8289822e-01  -2.3805150e-01   5.7123092e-01   1.1020671e-01   6.0387502e-01   9.1395704e-02   6.1333712e-01   1.0103189e-02   5.6532698e-01  -9.1480217e-02   6.2165902e-01  -3.8700240e-02   6.6086678e-01  -5.9416058e-03   5.9038165e-01  -2.6822755e-01   6.0598947e-01  -3.7118341e-02
  -5.4641674e-01  -1.3795646e-01   5.9234000e-01   1.0297204e-01   6.1987337e-01   8.5462427e-02   6.1683404e-01   4.0666269e-02   5.5506870e-01  -3.4552012e-02   6.1529151e-01  -3.3436968e-02   6.5973610e-01  -5.3983218e-03   5.5132550e-01  -1.3327997e-01   6.0162808e-01  -1.4254082e-02
  -5.6950441e-01  -3.2563976e-05   6.1163507e-01   9.0850891e-02   6.3475320e-01   7.7787474e-02   6.2478696e-01   7.0644814e-02   5.5466541e-01   2.9223585e-02   6.1131127e-01  -1.2706684e-02   6.5968851e-01   5.4074928e-03   5.4058587e-01   2.0936938e-02   6.0161117e-01   1.4019369e-02
  -5.4751764e-01   1.2827928e-01   6.2755776e-01   6.7998520e-02   6.4750667e-01   6.0841336e-02   6.3603028e-01   8.5058112e-02   5.6387372e-01   8.3286728e-02   6.1102402e-01   8.0264012e-03   6.6130714e-01   1.3240952e-02   5.5807685e-01   1.5560347e-01   6.0592103e-01   3.6761999e-02
  -4.9062332e-01   2.0674367e-01   6.3758899e-01   3.1069646e-02   6.5593575e-01   2.9627682e-02   6.4757283e-01   7.3880076e-02   5.8001940e-01   1.1446747e-01   6.1325590e-01   1.5596894e-02   6.6320540e-01   7.6282748e-03   5.9693149e-01   2.4015193e-01   6.1289348e-01   4.5429257e-02
  -4.1939194e-01   2.1375675e-01   6.3900919e-01  -1.8362324e-02   6.5739394e-01  -1.5497745e-02   6.5560584e-01   3.5953843e-02   5.9884323e-01   1.1648513e-01   6.1514834e-01   3.6261398e-03   6.6282212e-01  -1.5147011e-02   6.4579848e-01   2.5907833e-01   6.1986061e-01   3.6647314e-02
  -3.5761746e-01   1.5149392e-01   6.2995873e-01  -7.3289504e-02   6.4986048e-01  -6.8082508e-02   6.5685548e-01  -2.0162000e-02   6.1574390e-01   9.1334406e-02   6.1349741e-01  -2.5592466e-02   6.5765550e-01  -5.0680023e-02   6.9204288e-01   2.1444245e-01   6.2410793e-01   1.3192852e-02
  -3.2473813e-01   4.3546476e-02   6.1037508e-01  -1.2289602e-01   6.3292408e-01  -1.1717750e-01   6.4980017e-01  -7.8729415e-02   6.2703519e-01   4.8216203e-02   6.0614017e-01  -6.2269567e-02   6.4646294e-01  -8.8064271e-02   7.2494579e-01   1.2368034e-01   6.2381399e-01  -1.7082396e-02
  -3.3000347e-01  -7.3736600e-02   5.8246934e-01  -1.5565578e-01   6.0833273e-01  -1.5060358e-01   6.3536863e-01  -1.2182700e-01   6.3088446e-01   4.6672356e-04   5.9294923e-01  -9.2747735e-02   6.3002987e-01  -1.1377096e-01   7.3816383e-01   1.3771652e-02   6.1869086e-01  -4.3924573e-02
  -3.7025657e-01  -1.6377087e-01   5.5050676e-01  -1.6289045e-01   5.7985974e-01  -1.5883855e-01   6.1682309e-01  -1.3529920e-01   6.2764505e-01  -3.8673645e-02   5.7607322e-01  -1.0449054e-01   6.1119628e-01  -1.1658257e-01   7.3082322e-01  -8.6699236e-02   6.1009615e-01  -5.8163023e-02
  -4.3190447e-01  -2.0081593e-01   5.1995736e-01  -1.4133936e-01   5.5252570e-01  -1.3792240e-01   5.9887489e-01  -1.1316854e-01   6.1951212e-01  -5.9731755e-02   5.5935212e-01  -9.0290013e-02   5.9413587e-01  -9.1453370e-02   7.0706428e-01  -1.5466293e-01   6.0059280e-01  -5.4549245e-02
  -4.9568468e-01  -1.7702204e-01   4.9629944e-01  -9.4263770e-02   5.3145347e-01  -9.0803094e-02   5.8637539e-01  -5.9581897e-02   6.0973051e-01  -5.9310095e-02   5.4720716e-01  -5.0698596e-02   5.8319814e-01  -4.1415683e-02   6.7449958e-01  -1.7760506e-01   5.9316868e-01  -3.3319876e-02
  -5.4288605e-01  -1.0341521e-01   4.8376627e-01  -3.0779144e-02   5.2064042e-01  -2.6736993e-02   5.8293025e-01   1.2330912e-02   6.0157178e-01  -4.0422831e-02   5.4330852e-01   6.0385106e-03   5.8162894e-01   2.3062615e-02   6.4196764e-01  -1.5539655e-01   5.9032655e-01  -2.2852909e-05
  -5.6096338e-01  -4.8251774e-03   4.8437448e-01   3.6387378e-02   5.2199229e-01   4.1070281e-02   5.8986276e-01   8.4308930e-02   5.9739929e-01  -1.0919976e-02   5.4944555e-01   6.6460755e-02   5.9057438e-01   8.7038321e-02   6.1721934e-01  -9.8755464e-02   5.9333007e-01   3.6288333e-02
  -5.4663779e-01   8.8561739e-02   4.9751508e-01   9.3860068e-02   5.3490788e-01   9.8651476e-02   6.0585461e-01   1.3793790e-01   5.9811699e-01   1.9161964e-02   5.6497751e-01   1.1564593e-01   6.0869694e-01   1.3511266e-01   6.0523013e-01  -2.5387215e-02   6.0185212e-01   6.5678717e-02
  -5.0616597e-01   1.5051239e-01   5.2012524e-01   1.3069184e-01   5.5643831e-01   1.3460542e-01   6.2727339e-01   1.5959354e-01   6.0305012e-01   4.0582348e-02   5.8692273e-01   1.4127993e-01   6.3243039e-01   1.5554366e-01   6.0731166e-01   4.5085656e-02   6.1405440e-01   8.0109293e-02
  -4.5273858e-01   1.6599052e-01   5.4742435e-01   1.4074468e-01   5.8200536e-01   1.4266400e-01   6.4912166e-01   1.4392135e-01   6.1028374e-01   4.7363332e-02   6.1068890e-01   1.3687014e-01   6.5683339e-01   1.4326724e-01   6.2123518e-01   9.6045365e-02   6.2708874e-01   7.5558800e-02
  -4.0210074e-01   1.3455053e-01   5.7400724e-01   1.2386639e-01   6.0647065e-01   1.2293699e-01   6.6632209e-01   9.5055835e-02   6.1731408e-01   3.8174759e-02   6.3121345e-01   1.0333876e-01   6.7678914e-01   1.0112414e-01   6.4219412e-01   1.1755305e-01   6.3785598e-01   5.2991873e-02
  -3.6794300e-01   6.9240468e-02   5.9499423e-01   8.5612634e-02   6.2525476e-01   8.1568527e-02   6.7495792e-01   2.5328675e-02   6.2178948e-01   1.6339689e-02   6.4416948e-01   4.8626373e-02   6.8819926e-01   3.9017911e-02   6.6424180e-01   1.0797504e-01   6.4378812e-01   1.7963551e-02
  -3.5790438e-01  -8.2405902e-03   6.0708529e-01   3.5666392e-02   6.3535250e-01   2.8982750e-02   6.7328483e-01  -4.8156668e-02   6.2220920e-01  -1.1396620e-02   6.4705039e-01  -1.4479941e-02   6.8899621e-01  -2.8725619e-02   6.8193518e-01   7.3602199e-02   6.4353058e-01  -2.0964518e-02
  -3.7216985e-01  -7.4978099e-02   6.0906843e-01  -1.4790766e-02   6.3580142e-01  -2.2978957e-02   6.6200250e-01  -1.0827784e-01   6.1825976e-01  -3.7139578e-02   6.3963196e-01  -7.1911317e-02   6.7948237e-01  -8.7237719e-02   6.9156810e-01   2.5895716e-02   6.3719790e-01  -5.4676702e-02
  -4.0411142e-01  -1.1345220e-01   6.0187337e-01  -5.5676289e-02   6.2769963e-01  -6.3846412e-02   6.4397443e-01  -1.4212701e-01   6.1082892e-01  -5.4063547e-02   6.2391369e-01  -1.1174924e-01   6.6214578e-01  -1.2467771e-01   6.9184845e-01  -2.1905599e-02   6.2628604e-01  -7.5793796e-02
  -4.4287009e-01  -1.1620230e-01   5.8813779e-01  -8.0181151e-02   6.1374762e-01  -8.6806625e-02   6.2341055e-01  -1.4400202e-01   6.0168988e-01  -5.8204181e-02   6.0352350e-01  -1.2696847e-01   6.4095210e-01  -1.3490069e-01   6.8391370e-01  -5.8339521e-02   6.1323942e-01  -8.0423481e-02
  -4.7702054e-01  -8.6848728e-02   5.7141332e-01  -8.5864911e-02   5.9744878e-01  -8.9786684e-02   6.0474712e-01  -1.1615544e-01   5.9295608e-01  -4.9217930e-02   5.8275273e-01  -1.1661408e-01   6.2031217e-01  -1.1835488e-01   6.7070085e-01  -7.6311098e-02   6.0079632e-01  -6.8793954e-02
