   1.8292387e-01   3.6541081e-01   1.8247895e-01   5.3342326e-01   1.8735438e-01   3.0983169e-01   1.4281846e-01   8.7463029e-01   3.2124540e-02   2.0563394e-01   1.2727215e-01   8.5504439e-01   1.2129053e-02   3.2039424e-01   1.5100150e-01   7.7183804e-01   1.1671204e-01   3.3999154e-01
   1.8291018e-01  -3.4916672e-01   3.0996753e-01   8.6702391e-01   2.7129571e-01   7.1345599e-01   2.7741581e-01   1.0000000e+00   9.3609678e-02   5.6387317e-01   2.9397731e-01   1.0000000e+00   1.0563562e-01   6.7932044e-01   3.6181998e-01   1.0000000e+00   1.9409795e-01   6.9039162e-01
  -5.7504761e-02  -8.5537784e-01   4.7900214e-01   1.0000000e+00   4.0595013e-01   9.4223818e-01   4.1760871e-01   9.6870717e-01   2.0253143e-01   8.1300422e-01   4.7066603e-01   9.7859429e-01   2.5333321e-01   9.0837077e-01   5.9695368e-01   9.8327269e-01   3.1310713e-01   9.0677046e-01
  -4.2534563e-01  -1.0000000e+00   6.5496214e-01   9.5143011e-01   5.6321290e-01   1.0000000e+00   5.4752602e-01   8.6802004e-01   3.4200316e-01   9.5623411e-01   6.3376492e-01   8.5721373e-01   4.3040565e-01   1.0000000e+00   8.0340727e-01   7.6501215e-01   4.5466122e-01   1.0000000e+00
  -7.7542018e-01  -7.7420910e-01   8.0970741e-01   7.7095100e-01   7.1800179e-01   9.1763626e-01   6.6234588e-01   7.6204344e-01   4.9599580e-01   1.0000000e+00   7.7093896e-01   6.9249977e-01   6.1224552e-01   9.6267636e-01   9.4354062e-01   4.2804377e-01   6.0201018e-01   9.8876703e-01
  -9.8670140e-01  -3.0371988e-01   9.2465011e-01   5.1184631e-01   8.5096858e-01   7.3252071e-01   7.6337675e-01   6.7228301e-01   6.4942757e-01   9.4994165e-01   8.7767098e-01   5.1515121e-01   7.7665754e-01   8.1308643e-01   1.0000000e+00   5.8426754e-02   7.4108253e-01   8.8964446e-01
  -1.0000000e+00   2.3102710e-01   9.8953331e-01   2.1361198e-01   9.4818262e-01   4.7431818e-01   8.5205809e-01   5.8280108e-01   7.8813465e-01   8.1295224e-01   9.5255007e-01   3.3186097e-01   9.0490064e-01   5.7207489e-01   9.7345155e-01  -2.7635407e-01   8.5985179e-01   7.1441283e-01
  -8.2322418e-01   6.6209619e-01   1.0000000e+00  -9.5684377e-02   9.9985217e-01   1.6600291e-01   9.2622617e-01   4.5955224e-01   8.9934938e-01   5.9986300e-01   9.9420591e-01   1.3704432e-01   9.8244098e-01   2.6485144e-01   8.7804511e-01  -5.2668552e-01   9.4789769e-01   4.7326934e-01
  -5.2226052e-01   8.6442882e-01   9.5654450e-01  -3.8692063e-01   1.0000000e+00  -1.6495551e-01   9.7874696e-01   2.7297331e-01   9.7239633e-01   3.2773040e-01   1.0000000e+00  -7.4034754e-02   1.0000000e+00  -7.5579172e-02   7.3790505e-01  -6.5615949e-01   9.9650302e-01   1.8128575e-01
  -1.9837485e-01   7.7873901e-01   8.6564749e-01  -6.2199031e-01   9.4812168e-01  -4.7716141e-01   1.0000000e+00   1.8281503e-02   1.0000000e+00   2.3219688e-02   9.6754585e-01  -2.9324866e-01   9.5537565e-01  -4.0492039e-01   5.8384848e-01  -6.4488580e-01   1.0000000e+00  -1.3475736e-01
   4.1063424e-02   4.3743252e-01   7.4102576e-01  -7.5966029e-01   8.5134760e-01  -7.1783262e-01   9.8206418e-01  -2.7463890e-01   9.7996279e-01  -2.7498136e-01   8.9747934e-01  -4.9403837e-01   8.5545795e-01  -6.6904407e-01   4.4838585e-01  -5.0037046e-01   9.5770884e-01  -4.3363371e-01
   1.1911464e-01  -3.9190575e-02   6.0286749e-01  -7.7127369e-01   7.2518022e-01  -8.3847714e-01   9.2338253e-01  -5.4866668e-01   9.1684377e-01  -5.2094361e-01   7.9643810e-01  -6.3723166e-01   7.1715625e-01  -8.1601832e-01   3.5851253e-01  -2.6146222e-01   8.7574910e-01  -6.6638018e-01
   1.4398255e-02  -4.9017118e-01   4.7433809e-01  -6.5306221e-01   5.9129034e-01  -8.1247162e-01   8.3111245e-01  -7.4103279e-01   8.2214991e-01  -6.7363702e-01   6.7798619e-01  -6.8608244e-01   5.6533080e-01  -8.1352587e-01   3.2945575e-01   1.1829816e-02   7.6714202e-01  -7.9027841e-01
  -2.3435011e-01  -7.7161671e-01   3.7689711e-01  -4.2746301e-01   4.7323366e-01  -6.4346893e-01   7.2038513e-01  -8.0470451e-01   7.1259559e-01  -7.0921293e-01   5.6088546e-01  -6.2055370e-01   4.2797513e-01  -6.6106231e-01   3.6173923e-01   2.5623445e-01   6.4992017e-01  -7.8173429e-01
  -5.4417860e-01  -8.0304229e-01   3.2608694e-01  -1.3736636e-01   3.9155269e-01  -3.6506401e-01   6.1089261e-01  -7.2420480e-01   6.0673446e-01  -6.2891440e-01   4.6522879e-01  -4.4676972e-01   3.2999118e-01  -3.9267875e-01   4.4250506e-01   4.2250403e-01   5.4364645e-01  -6.4460131e-01
  -8.1799024e-01  -5.9112501e-01   3.2865825e-01   1.6361153e-01   3.5944497e-01  -3.3100883e-02   5.2182938e-01  -5.2123477e-01   5.2084494e-01  -4.5937701e-01   4.0751028e-01  -1.9814618e-01   2.8732490e-01  -6.9037653e-02   5.5024085e-01   4.8628434e-01   4.6514125e-01  -4.1106307e-01
  -9.7625773e-01  -2.1810543e-01   3.8178733e-01   4.2264345e-01   3.8037885e-01   2.8809627e-01   4.6722025e-01  -2.4579194e-01   4.6565077e-01  -2.4385415e-01   3.9661918e-01   7.4102320e-02   3.0370910e-01   2.3945048e-01   6.6069416e-01   4.4752728e-01   4.2497233e-01  -1.3272284e-01
  -9.8001296e-01   1.9354572e-01   4.7399971e-01   5.9698404e-01   4.4777835e-01   5.3971778e-01   4.5295582e-01   3.9740356e-02   4.4460663e-01  -2.9836770e-02   4.3181747e-01   3.1472627e-01   3.7040523e-01   4.7065436e-01   7.5168313e-01   3.2273850e-01   4.2550462e-01   1.3314198e-01
  -8.3841730e-01   5.2381686e-01   5.8757706e-01   6.5985935e-01   5.4683954e-01   6.7909509e-01   4.7615441e-01   2.7675941e-01   4.5414090e-01   1.4216693e-01   5.0317772e-01   4.7725233e-01   4.6911099e-01   5.8391118e-01   8.0614280e-01   1.3822782e-01   4.6107831e-01   3.3709233e-01
  -6.0077315e-01   6.8404919e-01   7.0169843e-01   6.0360835e-01   6.5765316e-01   6.8545406e-01   5.2667198e-01   4.2134508e-01   4.8539233e-01   2.4517741e-01   5.9401886e-01   5.3214981e-01   5.7648005e-01   5.6512443e-01   8.1401423e-01  -7.1377105e-02   5.1993891e-01   4.4614349e-01
  -3.4113920e-01   6.3845273e-01   7.9615385e-01   4.4363909e-01   7.5907388e-01   5.6533935e-01   5.8974953e-01   4.5437621e-01   5.2666122e-01   2.7108523e-01   6.8444337e-01   4.7425539e-01   6.6919504e-01   4.2935627e-01   7.7431293e-01  -2.6320337e-01   5.8708954e-01   4.5069866e-01
  -1.3476652e-01   4.1421622e-01   8.5562114e-01   2.1752467e-01   8.3335477e-01   3.5272789e-01   6.5014163e-01   3.8699379e-01   5.6667643e-01   2.3232007e-01   7.5617803e-01   3.2574829e-01   7.2932528e-01   2.1775186e-01   6.9640766e-01  -3.9330608e-01   6.4809607e-01   3.6665044e-01
  -3.6721486e-02   9.0581876e-02   8.7265231e-01  -2.3849053e-02   8.6965819e-01   1.0032375e-01   6.9591242e-01   2.5541293e-01   5.9730308e-01   1.5691770e-01   7.9670924e-01   1.3000679e-01   7.4791016e-01  -1.2865896e-02   5.9871953e-01  -4.2955590e-01   6.9228056e-01   2.2949812e-01
  -6.4854493e-02  -2.2780759e-01   8.4920178e-01  -2.3030015e-01   8.6629169e-01  -1.3530106e-01   7.2143363e-01   1.0776187e-01   6.1551201e-01   7.8480171e-02   8.0232557e-01  -6.1538515e-02   7.2690341e-01  -2.0576430e-01   5.0456904e-01  -3.6415159e-01   7.1507933e-01   8.2589361e-02
  -1.9846528e-01  -4.4753757e-01   7.9497036e-01  -3.6544898e-01   8.2974926e-01  -3.0907171e-01   7.2760299e-01  -1.2979639e-02   6.2309876e-01   2.4389324e-02   7.7781535e-01  -2.0526797e-01   6.7729282e-01  -3.1987372e-01   4.3581406e-01  -2.1624948e-01   7.1793299e-01  -3.6751929e-02
  -3.8773529e-01  -5.1350110e-01   7.2435135e-01  -4.1380303e-01   7.7214978e-01  -3.9686575e-01   7.2028810e-01  -8.0872810e-02   6.2512248e-01   8.1121289e-03   7.3415092e-01  -2.7614886e-01   6.1542221e-01  -3.3901088e-01   4.0732504e-01  -2.5540368e-02   7.0673237e-01  -1.0647798e-01
  -5.7154249e-01  -4.2289132e-01   6.5251530e-01  -3.8187282e-01   7.0754944e-01  -3.9857266e-01   7.0745238e-01  -9.2508930e-02   6.2746393e-01   2.6702525e-02   6.8471627e-01  -2.7210311e-01   5.5813583e-01  -2.7363341e-01   4.2351149e-01   1.5993344e-01   6.8923127e-01  -1.2344863e-01
  -6.9717401e-01  -2.2060882e-01   5.9186646e-01  -2.9304547e-01   6.4835433e-01  -3.3384997e-01   6.9609051e-01  -6.4047087e-02   6.3446315e-01   6.4281385e-02   6.4144595e-01  -2.1064931e-01   5.1835474e-01  -1.5459519e-01   4.7792745e-01   2.9707352e-01   6.7240726e-01  -1.0054035e-01
  -7.3542792e-01   2.0787956e-02   5.4978960e-01  -1.7823143e-01   6.0282854e-01  -2.3259398e-01   6.9004066e-01  -2.1676068e-02   6.4742003e-01   9.9519934e-02   6.1204005e-01  -1.2002563e-01   5.0228710e-01  -2.1602519e-02   5.5572513e-01   3.5795768e-01   6.6058212e-01  -5.9160191e-02
  -6.8596942e-01   2.2583430e-01   5.2824143e-01  -6.6621533e-02   5.7436351e-01  -1.2490280e-01   6.8941778e-01   9.1572834e-03   6.6441294e-01   1.1327853e-01   5.9903125e-01  -2.9534846e-02   5.0900379e-01   8.8429067e-02   6.3778428e-01   3.3399131e-01   6.5484082e-01  -2.1097849e-02
  -5.7449465e-01   3.3781311e-01   5.2464649e-01   2.1093655e-02   5.6203758e-01  -3.3419720e-02   6.9130261e-01   1.2291002e-02   6.8108345e-01   9.4430877e-02   6.0024919e-01   3.8202367e-02   5.3175921e-01   1.5046990e-01   7.0526289e-01   2.3575475e-01   6.5343673e-01  -1.9709203e-03
  -4.4235930e-01   3.3293278e-01   5.3376724e-01   7.5800663e-02   5.6219657e-01   3.0499353e-02   6.9144873e-01  -1.4676295e-02   6.9218450e-01   4.2906171e-02   6.1049802e-01   7.1933573e-02   5.6072106e-01   1.5620034e-01   7.4367150e-01   8.9334596e-02   6.5303863e-01  -7.4395612e-03
  -3.3277870e-01   2.2490082e-01   5.4978631e-01   9.9729245e-02   5.7031938e-01   6.7054619e-02   6.8627361e-01  -6.0422045e-02   6.9335321e-01  -3.0231674e-02   6.2373387e-01   7.3160803e-02   5.8613731e-01   1.1438379e-01   7.4585348e-01  -6.9553772e-02   6.5028406e-01  -3.2489271e-02
  -2.7769556e-01   5.8052707e-02   5.6803940e-01   1.0326085e-01   5.8262725e-01   8.5003162e-02   6.7447036e-01  -1.0466020e-01   6.8260142e-01  -1.0604786e-01   6.3511471e-01   5.3710680e-02   6.0108190e-01   4.6569940e-02   7.1328148e-01  -2.0343276e-01   6.4316115e-01  -6.4102379e-02
  -2.8836630e-01  -1.0880455e-01   5.8611105e-01   9.9828208e-02   5.9713233e-01   9.6502215e-02   6.5781121e-01  -1.2620941e-01   6.6117830e-01  -1.6370740e-01   6.4245743e-01   3.0160758e-02   6.0324561e-01  -2.0715141e-02   6.5554106e-01  -2.8212230e-01   6.3188434e-01  -8.6538974e-02
  -3.5416625e-01  -2.2255691e-01   6.0381231e-01   1.0048594e-01   6.1365354e-01   1.1143061e-01   6.4058548e-01  -1.1139534e-01   6.3326593e-01  -1.8721192e-01   6.4638808e-01   1.6961309e-02   5.9491761e-01  -6.4812058e-02   5.8760443e-01  -2.8997222e-01   6.1878186e-01  -8.7452805e-02
  -4.4789151e-01  -2.5183475e-01   6.2240664e-01   1.1001744e-01   6.3312123e-01   1.3331698e-01   6.2814783e-01  -5.9388476e-02   6.0483148e-01  -1.7031440e-01   6.4949107e-01   2.1176988e-02   5.8165763e-01  -7.3565390e-02   5.2601889e-01  -2.2942677e-01   6.0746062e-01  -6.2347882e-02
  -5.3600935e-01  -1.9511191e-01   6.4330569e-01   1.2540759e-01   6.5638879e-01   1.5778826e-01   6.2497346e-01   1.7007759e-02   5.8190798e-01  -1.1823677e-01   6.5474743e-01   4.0312053e-02   5.7002430e-01  -4.8166467e-02   4.8471243e-01  -1.1965499e-01   6.0148348e-01  -1.6175784e-02
  -5.8954502e-01  -7.8054982e-02   6.6682379e-01   1.3729880e-01   6.8311110e-01   1.7420363e-01   6.3304356e-01   9.5478324e-02   5.6898067e-01  -4.5589995e-02   6.6400369e-01   6.4041868e-02   5.6530941e-01  -1.3269993e-03   4.7185066e-01   9.2667614e-03   6.0312549e-01   3.8527310e-02
  -5.9341801e-01   5.7054097e-02   6.9125997e-01   1.3392428e-01   7.1095241e-01   1.6988964e-01   6.5086856e-01   1.5161641e-01   5.6774610e-01   2.8367757e-02   6.7684097e-01   7.8724842e-02   5.6969527e-01   4.7895371e-02   4.8801443e-01   1.2500998e-01   6.1245967e-01   8.5951360e-02
  -5.4922555e-01   1.6601166e-01   7.1300799e-01   1.0595359e-01   7.3577280e-01   1.3529922e-01   6.7387615e-01   1.6662559e-01   5.7694924e-01   8.5349077e-02   6.9058948e-01   7.2839625e-02   5.8186581e-01   8.0704012e-02   5.2687921e-01   2.0089858e-01   6.2734677e-01   1.1209747e-01
  -4.7382606e-01   2.1633292e-01   7.2734348e-01   5.0951718e-02   7.5246690e-01   6.8726857e-02   6.9560737e-01   1.3360529e-01   5.9286847e-01   1.1308332e-01   7.0106529e-01   4.1636594e-02   5.9751996e-01   8.4630597e-02   5.7719486e-01   2.2229634e-01   6.4398659e-01   1.0922892e-01
  -3.9269141e-01   1.9572808e-01   7.2989945e-01  -2.4740953e-02   7.5644926e-01  -2.1743243e-02   7.0964143e-01   5.9763037e-02   6.1055194e-01   1.0811366e-01   7.0403328e-01  -1.0822808e-02   6.1096516e-01   5.7013526e-02   6.2599634e-01   1.8893280e-01   6.5806532e-01   7.8052522e-02
  -3.3174739e-01   1.1440790e-01   7.1814781e-01  -1.0697211e-01   7.4513415e-01  -1.1936344e-01   7.1146777e-01  -3.5279195e-02   6.2522166e-01   7.6175560e-02   6.9670162e-01  -7.2382949e-02   6.1696379e-01   5.5319211e-03   6.6181806e-01   1.1385875e-01   6.6598069e-01   2.7502062e-02
  -3.0924465e-01   8.9215283e-04   6.9253258e-01  -1.7743128e-01   7.1906093e-01  -2.0283323e-01   6.9993625e-01  -1.2493379e-01   6.3359571e-01   3.0049865e-02   6.7891980e-01  -1.2619521e-01   6.1247428e-01  -5.4291972e-02   6.7742006e-01   1.9236056e-02   6.6590988e-01  -2.7876854e-02
  -3.3053245e-01  -1.0840764e-01   6.5673056e-01  -2.1907076e-01   6.8213447e-01  -2.5243766e-01   6.7767328e-01  -1.8375368e-01   6.3467047e-01  -1.4842867e-02   6.5353997e-01  -1.5613373e-01   5.9765013e-01  -1.0429224e-01   6.7116823e-01  -7.0193625e-02   6.5831305e-01  -7.2511687e-02
  -3.8747599e-01  -1.8066228e-01   6.1696319e-01  -2.2084338e-01   6.4089727e-01  -2.5546549e-01   6.5036036e-01  -1.9464139e-01   6.2973414e-01  -4.5049223e-02   6.2580974e-01  -1.5172565e-01   5.7577181e-01  -1.2911515e-01   6.4683465e-01  -1.3330374e-01   6.4572120e-01  -9.4274753e-02
  -4.6162868e-01  -1.9654858e-01   5.8063644e-01  -1.8091326e-01   6.0310797e-01  -2.0989630e-01   6.2519872e-01  -1.5383464e-01   6.2177307e-01  -5.2914686e-02   6.0206560e-01  -1.1158359e-01   5.5232906e-01  -1.2078695e-01   6.1220115e-01  -1.5756192e-01   6.3197973e-01  -8.7954599e-02
  -5.3056935e-01  -1.5494522e-01   5.5461463e-01  -1.0713277e-01   5.7594502e-01  -1.2492555e-01   6.0891916e-01  -7.1635484e-02   6.1439479e-01  -3.8232663e-02   5.8803478e-01  -4.3896828e-02   5.3342442e-01  -8.0728539e-02   5.7673229e-01  -1.4118512e-01   6.2110974e-01  -5.6397317e-02
  -5.7494645e-01  -7.1845461e-02   5.4360954e-01  -1.5030478e-02   5.6433478e-01  -1.8599631e-02   6.0594205e-01   3.0755376e-02   6.1066782e-01  -7.6213899e-03   5.8727361e-01   3.5807844e-02   5.2404821e-01  -1.9042530e-02   5.4905693e-01  -9.2504211e-02   6.1616310e-01  -9.3288720e-03
  -5.8370742e-01   2.6017295e-02   5.4920451e-01   7.6100263e-02   5.6994434e-01   8.6731008e-02   6.1731591e-01   1.2729198e-01   6.1227842e-01   2.8078099e-02   6.0028819e-01   1.0891037e-01   5.2680690e-01   4.8675803e-02   5.3503219e-01  -2.6769228e-02   6.1846289e-01   3.9744267e-02
  -5.5684536e-01   1.0967302e-01   5.6952586e-01   1.4773533e-01   5.9084865e-01   1.6965382e-01   6.4044594e-01   1.9393598e-01   6.1909093e-01   5.7156708e-02   6.2434872e-01   1.5847060e-01   5.4124023e-01   1.0558195e-01   5.3654756e-01   3.8185281e-02   6.2728228e-01   7.7317165e-02
  -5.0442925e-01   1.5671988e-01   5.9980712e-01   1.8642958e-01   6.2212174e-01   2.1464111e-01   6.6987528e-01   2.1488428e-01   6.2930433e-01   7.0493911e-02   6.5421893e-01   1.7354141e-01   5.6403713e-01   1.3811082e-01   5.5150726e-01   8.6668041e-02   6.4014497e-01   9.3586467e-02
  -4.4284543e-01   1.5693762e-01   6.3356272e-01   1.8651020e-01   6.5705329e-01   2.1511901e-01   6.9872932e-01   1.8606498e-01   6.4006083e-01   6.3843528e-02   6.8345661e-01   1.5156660e-01   5.8996642e-01   1.3914772e-01   5.7478592e-01   1.0860535e-01   6.5356242e-01   8.4746095e-02
  -3.8977565e-01   1.1431409e-01   6.6404661e-01   1.5102430e-01   6.8865556e-01   1.7453202e-01   7.2041256e-01   1.1583285e-01   6.4827593e-01   3.8792111e-02   7.0592827e-01   9.8825245e-02   6.1319005e-01   1.0955792e-01   5.9974502e-01   1.0147792e-01   6.6396662e-01   5.3753115e-02
  -3.5876449e-01   4.4875637e-02   6.8580853e-01   9.0573295e-02   7.1126789e-01   1.0499490e-01   7.3031137e-01   2.2404333e-02   6.5156318e-01   2.0868088e-03   7.1732292e-01   2.8588761e-02   6.2877818e-01   5.7647876e-02   6.2010424e-01   7.0308507e-02   6.6869934e-01   9.2711412e-03
  -3.5600833e-01  -2.9348304e-02   6.9568473e-01   2.0136353e-02   7.2157848e-01   2.3657123e-02   7.2671845e-01  -7.1468187e-02   6.4882317e-01  -3.6660901e-02   7.1597098e-01  -4.2661432e-02   6.3376759e-01  -3.5846209e-03   6.3138060e-01   2.5413166e-02   6.6660348e-01  -3.7074814e-02
  -3.7911394e-01  -8.7054075e-02   6.9331076e-01  -4.4651945e-02   7.1915579e-01  -5.1550055e-02   7.1113916e-01  -1.4434028e-01   6.4051765e-01  -6.7686365e-02   7.0311507e-01  -9.9383773e-02   6.2776618e-01  -5.9881394e-02   6.3183483e-01  -2.0608451e-02   6.5827142e-01  -7.3826003e-02
  -4.1873514e-01  -1.1411646e-01   6.8087531e-01  -9.1342206e-02   7.0620207e-01  -1.0629180e-01   6.8767573e-01  -1.8157581e-01   6.2846185e-01  -8.3843311e-02   6.8236144e-01  -1.3086865e-01   6.1282689e-01  -9.9489048e-02   6.2258762e-01  -5.6447586e-02   6.4577371e-01  -9.2781984e-02
  -4.6207399e-01  -1.0660313e-01   6.6230046e-01  -1.1297823e-01   6.8671997e-01  -1.3245407e-01   6.6182551e-01  -1.7807120e-01   6.1526563e-01  -8.2132150e-02   6.5861429e-01  -1.3315044e-01   5.9271698e-01  -1.1555846e-01   6.0695949e-01  -7.4607494e-02   6.3202790e-01  -9.0653537e-02
  -4.9673012e-01  -7.0871886e-02   6.4220775e-01  -1.0897977e-01   6.6546094e-01  -1.2914874e-01   6.3913437e-01  -1.3861212e-01   6.0366822e-01  -6.4094505e-02   6.3688476e-01  -1.0924282e-01   5.7194442e-01  -1.0719700e-01   5.8945334e-01  -7.2769201e-02   6.2006273e-01  -6.9439660e-02
