   1.2137724e-01   2.1925430e-01   2.9781512e-02   2.9652960e-01   1.1419052e-01   4.9735803e-01   1.2124435e-01   8.7398216e-01   1.7773596e-02   3.2023932e-01   1.3070947e-01   3.3394569e-01   1.4724808e-01   7.0091380e-01   6.1185484e-02   4.3813705e-01   9.8411014e-02   1.8093708e-01
   7.0280082e-02  -4.9910682e-01   1.3105624e-01   6.9797387e-01   2.3594135e-01   8.3409603e-01   2.8643196e-01   1.0000000e+00   1.0061347e-01   6.5282736e-01   2.0809611e-01   6.5565657e-01   2.8874325e-01   9.3210721e-01   2.1027429e-01   8.3125663e-01   1.5863010e-01   5.6481768e-01
  -1.8153538e-01  -9.5034674e-01   2.9666611e-01   9.3745066e-01   4.0295714e-01   1.0000000e+00   4.5959739e-01   9.7554808e-01   2.3051441e-01   8.8035228e-01   3.2753564e-01   8.7855731e-01   4.5532279e-01   1.0000000e+00   4.2438175e-01   1.0000000e+00   2.7048487e-01   8.3294607e-01
  -5.1853356e-01  -1.0000000e+00   4.9223181e-01   1.0000000e+00   5.8441235e-01   9.9860468e-01   6.1981584e-01   8.6081209e-01   3.8916373e-01   9.9582677e-01   4.7318169e-01   9.9513536e-01   6.2193556e-01   9.3933742e-01   6.5031419e-01   9.3907162e-01   4.1484932e-01   9.7683268e-01
  -8.0662668e-01  -6.7583270e-01   6.8410117e-01   9.0581577e-01   7.5277225e-01   8.6022635e-01   7.5610459e-01   7.0633261e-01   5.5777640e-01   1.0000000e+00   6.2824285e-01   1.0000000e+00   7.7010815e-01   7.8943158e-01   8.4041492e-01   6.9850082e-01   5.7228644e-01   1.0000000e+00
  -9.4551282e-01  -1.3776868e-01   8.4473166e-01   6.9247879e-01   8.8693958e-01   6.2322155e-01   8.6425760e-01   5.3889146e-01   7.1820557e-01   8.9972430e-01   7.7520875e-01   8.8978961e-01   8.8743268e-01   5.8109335e-01   9.6206711e-01   3.5368718e-01   7.2451512e-01   9.1286937e-01
  -8.9701347e-01   4.1578243e-01   9.5424744e-01   3.9790363e-01   9.7233646e-01   3.2119471e-01   9.4263129e-01   3.6249079e-01   8.5396656e-01   7.0800987e-01   8.9647327e-01   6.6739452e-01   9.6580218e-01   3.3453927e-01   1.0000000e+00  -2.1675580e-02   8.5520871e-01   7.2955159e-01
  -6.8562077e-01   8.1333381e-01   1.0000000e+00   5.7572716e-02   1.0000000e+00  -1.5677878e-02   9.8907379e-01   1.6898026e-01   9.5125130e-01   4.4383341e-01   9.7568060e-01   3.4718868e-01   1.0000000e+00   6.4447718e-02   9.5477325e-01  -3.6272733e-01   9.5053405e-01   4.6782797e-01
  -3.8486313e-01   9.3825416e-01   9.7681286e-01  -2.8743961e-01   9.6678536e-01  -3.5094350e-01   1.0000000e+00  -4.6384591e-02   1.0000000e+00   1.3340025e-01   1.0000000e+00  -3.8250365e-02   9.8742068e-01  -2.1113430e-01   8.4105743e-01  -6.1118292e-01   1.0000000e+00   1.5333576e-01
  -9.4480958e-02   7.5197298e-01   8.8873702e-01  -5.8557289e-01   8.7714079e-01  -6.3650998e-01   9.7237438e-01  -2.7165089e-01   9.9533395e-01  -1.8745485e-01   9.6336226e-01  -4.3383150e-01   9.2943613e-01  -4.6310234e-01   6.8574212e-01  -7.1991035e-01   9.9812657e-01  -1.7576395e-01
   8.8766438e-02   3.1584387e-01   7.5054968e-01  -7.8278394e-01   7.4469190e-01  -8.2020952e-01   9.0695200e-01  -4.7523577e-01   9.3915400e-01  -4.7368628e-01   8.6961936e-01  -7.6678526e-01   8.3332516e-01  -6.5183349e-01   5.2390155e-01  -6.6795139e-01   9.4639701e-01  -4.6970348e-01
   1.0472761e-01  -2.2180857e-01   5.8661259e-01  -8.4031454e-01   5.9152463e-01  -8.6344892e-01   8.1107055e-01  -6.1603262e-01   8.4123514e-01  -6.7893431e-01   7.3417187e-01  -9.6510960e-01   7.1330944e-01  -7.3847243e-01   3.9103833e-01  -4.7300088e-01   8.5449612e-01  -6.7741083e-01
  -5.0711064e-02  -6.8339319e-01   4.2618320e-01  -7.4860911e-01   4.4419614e-01  -7.5606091e-01   6.9874714e-01  -6.6056907e-01   7.1828625e-01  -7.6848604e-01   5.8182869e-01  -9.8144592e-01   5.8900271e-01  -7.0046551e-01   3.1436665e-01  -1.8772274e-01   7.3923078e-01  -7.6155871e-01
  -3.2635072e-01  -9.2376207e-01   2.9724397e-01  -5.2975224e-01   3.2819947e-01  -5.1997564e-01   5.8818636e-01  -5.9561073e-01   5.9108033e-01  -7.2989231e-01   4.4169040e-01  -8.0924926e-01   4.8173616e-01  -5.4120635e-01   3.0654670e-01   1.1638937e-01   6.2145022e-01  -7.0958325e-01
  -6.3476522e-01  -8.7662384e-01   2.2071709e-01  -2.3109885e-01   2.6257965e-01  -2.0375125e-01   4.9764214e-01  -4.3419251e-01   4.8022352e-01  -5.7781992e-01   3.4036575e-01  -4.8711436e-01   4.0985926e-01  -2.9200287e-01   3.6371139e-01   3.6975689e-01   5.2168620e-01  -5.3824517e-01
  -8.8240776e-01  -5.7242082e-01   2.0658491e-01   8.7090861e-02   2.5617507e-01   1.2970776e-01   4.4098160e-01  -2.1270272e-01   4.0179364e-01  -3.5051532e-01   2.9560935e-01  -8.8880408e-02   3.8446009e-01  -5.0764139e-03   4.6805535e-01   5.2268700e-01   4.5572454e-01  -2.8972561e-01
  -1.0000000e+00  -1.1931478e-01   2.5276158e-01   3.6631764e-01   3.0639653e-01   4.1857676e-01   4.2449979e-01   2.0590678e-02   3.6421965e-01  -9.8539758e-02   3.1238899e-01   2.9772745e-01   4.0691983e-01   2.6072419e-01   5.9357655e-01   5.5356525e-01   4.3141811e-01  -1.9703766e-02
  -9.6117069e-01   3.4177164e-01   3.4668555e-01   5.6078632e-01   4.0064618e-01   6.1421306e-01   4.4609310e-01   2.1899386e-01   3.6738378e-01   1.2841599e-01   3.8260705e-01   5.9361956e-01   4.6911593e-01   4.5436381e-01   7.1235669e-01   4.6595284e-01   4.4773899e-01   2.1693406e-01
  -7.8577173e-01   6.7981928e-01   4.6836304e-01   6.4244892e-01   5.1923220e-01   6.8712260e-01   4.9637322e-01   3.4639806e-01   4.0360177e-01   2.9092697e-01   4.8763423e-01   7.4321779e-01   5.5554670e-01   5.4148299e-01   7.9948533e-01   2.8243809e-01   4.9578566e-01   3.7670340e-01
  -5.3113743e-01   8.0749782e-01   5.9431530e-01   6.0449870e-01   6.3924063e-01   6.3111396e-01   5.6109458e-01   3.8407786e-01   4.5994059e-01   3.6676462e-01   6.0278404e-01   7.2460349e-01   6.4674457e-01   5.1058777e-01   8.3723250e-01   4.2036967e-02   5.6124479e-01   4.3570539e-01
  -2.7316390e-01   7.0093887e-01   7.0199261e-01   4.6291134e-01   7.3891153e-01   4.6503484e-01   6.2464186e-01   3.3495288e-01   5.2150306e-01   3.5463470e-01   7.0293484e-01   5.5364347e-01   7.2350663e-01   3.7609301e-01   8.1839972e-01  -2.0273345e-01   6.2793231e-01   3.9406267e-01
  -8.4657636e-02   4.0580489e-01   7.7403476e-01   2.5444602e-01   8.0184944e-01   2.3049215e-01   6.7373495e-01   2.2386890e-01   5.7486942e-01   2.7432549e-01   7.6805083e-01   2.8163350e-01   7.7110190e-01   1.7689265e-01   7.4852984e-01  -3.9428750e-01   6.8151088e-01   2.7595792e-01
  -1.2391493e-02   2.2618742e-02   8.0198187e-01   2.7610844e-02   8.2067326e-01  -1.8212390e-02   7.0100511e-01   9.0166589e-02   6.1146245e-01   1.6034890e-01   7.8819587e-01  -1.8154869e-02   7.8306535e-01  -3.3648348e-02   6.4555020e-01  -4.8646562e-01   7.1308682e-01   1.2223501e-01
  -6.6088589e-02  -3.2977103e-01   7.8695345e-01  -1.7042766e-01   7.9762359e-01  -2.2878102e-01   7.0607410e-01  -2.5783337e-02   6.2879588e-01   5.0241705e-02   7.6484971e-01  -2.7191691e-01   7.6196854e-01  -2.0369091e-01   5.3508648e-01  -4.5889306e-01   7.2053405e-01  -2.2963850e-02
  -2.1773452e-01  -5.5141628e-01   7.3840382e-01  -3.0519220e-01   7.4320487e-01  -3.6373509e-01   6.9479959e-01  -9.4815630e-02   6.3016381e-01  -2.6666978e-02   7.0966802e-01  -4.2508395e-01   7.1808590e-01  -2.9729049e-01   4.4381622e-01  -3.2333504e-01   7.0814474e-01  -1.2484662e-01
  -4.1353104e-01  -5.9090386e-01   6.7075811e-01  -3.6168015e-01   6.7267573e-01  -4.0805203e-01   6.7650200e-01  -1.0679855e-01   6.2250181e-01  -5.6878832e-02   6.4031794e-01  -4.5520088e-01   6.6577204e-01  -3.0305406e-01   3.9238480e-01  -1.1897877e-01   6.8434309e-01  -1.6658122e-01
  -5.9246540e-01  -4.5670759e-01   5.9938399e-01  -3.4509274e-01   6.0188033e-01  -3.6981705e-01   6.6049493e-01  -7.1555824e-02   6.1353244e-01  -4.4274428e-02   5.7524852e-01  -3.7411956e-01   6.1915254e-01  -2.3450466e-01   3.9048934e-01   1.0010997e-01   6.5862407e-01  -1.5122672e-01
  -7.0544337e-01  -2.0805445e-01   5.3696341e-01  -2.7576786e-01   5.4352303e-01  -2.7429072e-01   6.5302165e-01  -1.2978830e-02   6.0912495e-01  -5.8176473e-03   5.2887761e-01  -2.1993588e-01   5.8838532e-01  -1.2273680e-01   4.3523763e-01   2.8071496e-01   6.3867570e-01  -9.7234647e-02
  -7.2810330e-01   6.9284537e-02   4.9136280e-01  -1.8072646e-01   5.0500169e-01  -1.5421639e-01   6.5570063e-01   4.0794954e-02   6.1177157e-01   3.6095476e-02   5.0868964e-01  -4.2842885e-02   5.7769052e-01  -4.9769071e-03   5.1298148e-01   3.8350126e-01   6.2863377e-01  -3.0144772e-02
  -6.6544013e-01   2.9110454e-01   4.6507345e-01  -8.5306877e-02   4.8786143e-01  -4.0198612e-02   6.6557402e-01   6.7067542e-02   6.2027429e-01   6.1350476e-02   5.1440211e-01   1.0951668e-01   5.8518129e-01   8.6449560e-02   6.0342805e-01   3.9077249e-01   6.2858023e-01   2.5946556e-02
  -5.4677352e-01   3.9824391e-01   4.5623120e-01  -7.5224523e-03   4.8890580e-01   4.6031380e-02   6.7673741e-01   5.5087151e-02   6.3068550e-01   5.7726476e-02   5.3937354e-01   2.0327578e-01   6.0447436e-01   1.3167329e-01   6.8489068e-01   3.0768121e-01   6.3536477e-01   5.4735729e-02
  -4.1482475e-01   3.7108899e-01   4.6034714e-01   4.4432173e-02   5.0211131e-01   9.4951336e-02   6.8267379e-01   8.6292478e-03   6.3789731e-01   2.3848079e-02   5.7326264e-01   2.2493671e-01   6.2714591e-01   1.2685134e-01   7.3923198e-01   1.5925583e-01   6.4412743e-01   5.1183214e-02
  -3.1168388e-01   2.3230131e-01   4.7226573e-01   7.1742407e-02   5.2086025e-01   1.0913697e-01   6.7868437e-01  -5.5812578e-02   6.3749551e-01  -3.0939451e-02   6.0532756e-01   1.8243003e-01   6.4546039e-01   8.3385008e-02   7.5571944e-01  -1.6158444e-02   6.5013736e-01   2.1679895e-02
  -2.6617976e-01   3.6695875e-02   4.8777173e-01   8.2206892e-02   5.3984627e-01   1.0007915e-01   6.6361959e-01  -1.1485449e-01   6.2730369e-01  -8.9872742e-02   6.2740258e-01   1.0036628e-01   6.5457378e-01   2.2953012e-02   7.3304283e-01  -1.7597119e-01   6.5037008e-01  -1.9130760e-02
  -2.8602543e-01  -1.4838267e-01   5.0453830e-01   8.6111352e-02   5.5625789e-01   8.2955982e-02   6.4042620e-01  -1.4636502e-01   6.0820622e-01  -1.3440534e-01   6.3585016e-01   1.0848169e-02   6.5368840e-01  -3.0290412e-02   6.7919547e-01  -2.8350619e-01   6.4442006e-01  -5.3931547e-02
  -3.5756622e-01  -2.6564239e-01   5.2216533e-01   9.1901206e-02   5.6989755e-01   7.0878338e-02   6.1519804e-01  -1.3716141e-01   5.8389991e-01  -1.5038869e-01   6.3185217e-01  -5.7321314e-02   6.4573233e-01  -5.7884329e-02   6.0899805e-01  -3.1673397e-01   6.3440794e-01  -6.8928520e-02
  -4.5220575e-01  -2.8455346e-01   5.4147618e-01   1.0312625e-01   5.8239306e-01   7.0661926e-02   5.9519652e-01  -8.7303471e-02   5.5975833e-01  -1.3237674e-01   6.2020423e-01  -8.6890108e-02   6.3587300e-01  -5.2498859e-02   5.4014506e-01  -2.7297436e-01   6.2404101e-01  -5.8239628e-02
  -5.3682347e-01  -2.0847724e-01   5.6338765e-01   1.1722431e-01   5.9586431e-01   8.0998428e-02   5.8648041e-01  -1.0075381e-02   5.4120998e-01  -8.5023422e-02   6.0717921e-01  -7.5990090e-02   6.2943005e-01  -1.9440180e-02   4.8868486e-01  -1.6860374e-01   6.1720003e-01  -2.5443680e-02
  -5.8429840e-01  -7.0074533e-02   5.8781273e-01   1.2666325e-01   6.1158180e-01   9.3702593e-02   5.9200492e-01   7.2350472e-02   5.3221580e-01  -2.1153240e-02   5.9828906e-01  -3.6458962e-02   6.2997844e-01   2.6232347e-02   4.6531937e-01  -3.3693901e-02   6.1659285e-01   1.8218247e-02
  -5.8202647e-01   8.1659504e-02   6.1285968e-01   1.2208806e-01   6.2892964e-01   9.7425957e-02   6.1051327e-01   1.3602741e-01   5.3412070e-01   4.2460172e-02   5.9641516e-01   1.1799475e-02   6.3801302e-01   6.5586806e-02   4.7294745e-01   9.6808558e-02   6.2275154e-01   5.8016532e-02
  -5.3378798e-01   1.9815112e-01   6.3497045e-01   9.6308691e-02   6.4538228e-01   8.2440323e-02   6.3703794e-01   1.6238610e-01   5.4553444e-01   9.0107078e-02   6.0131417e-01   4.8401970e-02   6.5101863e-01   8.2435654e-02   5.0691029e-01   1.9203915e-01   6.3398782e-01   8.0732735e-02
  -4.5758861e-01   2.4543159e-01   6.4965379e-01   4.7737680e-02   6.5711472e-01   4.4714483e-02   6.6424320e-01   1.4363378e-01   5.6281032e-01   1.1134368e-01   6.0997261e-01   5.9023262e-02   6.6432221e-01   6.8563204e-02   5.5663190e-01   2.3247449e-01   6.4691137e-01   7.8763870e-02
  -3.7897494e-01   2.1309734e-01   6.5281384e-01  -1.7984013e-02   6.6026661e-01  -1.1984746e-02   6.8455902e-01   8.4938588e-02   5.8118649e-01   1.0352361e-01   6.1793067e-01   3.9592819e-02   6.7273458e-01   2.6271657e-02   6.0876107e-01   2.1367911e-01   6.5753921e-01   5.2367494e-02
  -3.2268984e-01   1.1594819e-01   6.4215209e-01  -8.8812921e-02   6.5233311e-01  -7.6655422e-02   6.9236233e-01   2.9536506e-03   5.9614932e-01   7.2086752e-02   6.2096619e-01  -2.9238690e-03   6.7232866e-01  -3.2360607e-02   6.5068390e-01   1.4612153e-01   6.6255588e-01   9.4836730e-03
  -3.0510298e-01  -1.2413315e-02   6.1815248e-01  -1.4950329e-01   6.3320885e-01  -1.3423998e-01   6.8557495e-01  -7.9210401e-02   6.0464080e-01   2.8400884e-02   6.1661531e-01  -5.3472685e-02   6.6180250e-01  -8.9480620e-02   6.7353517e-01   5.1072454e-02   6.6034422e-01  -3.6940552e-02
  -3.2987064e-01  -1.3102380e-01   5.8429412e-01  -1.8583111e-01   6.0551538e-01  -1.7003563e-01   6.6619602e-01  -1.3865697e-01   6.0574048e-01  -1.3898051e-02   6.0501044e-01  -9.4153980e-02   6.4297853e-01  -1.2706939e-01   6.7393497e-01  -4.5665469e-02   6.5145281e-01  -7.2985066e-02
  -3.8751418e-01  -2.0491759e-01   5.4644777e-01  -1.8869899e-01   5.7415318e-01  -1.7413529e-01   6.3970583e-01  -1.5940324e-01   6.0072275e-01  -4.3106160e-02   5.8888918e-01  -1.1028949e-01   6.2036337e-01  -1.3269226e-01   6.5429699e-01  -1.2074172e-01   6.3842807e-01  -8.8091645e-02
  -4.5943758e-01  -2.1512348e-01   5.1155463e-01  -1.5655309e-01   5.4513409e-01  -1.4418999e-01   6.1341851e-01  -1.3649866e-01   5.9241818e-01  -5.2567528e-02   5.7267992e-01  -9.4918587e-02   5.9981499e-01  -1.0308541e-01   6.2153490e-01  -1.5861468e-01   6.2499919e-01  -7.8001643e-02
  -5.2409891e-01  -1.6302989e-01   4.8605945e-01  -9.5783832e-02   5.2414477e-01  -8.6048398e-02   5.9445405e-01  -7.6929250e-02   5.8423683e-01  -4.2046890e-02   5.6114395e-01  -5.0693885e-02   5.8688424e-01  -4.4947883e-02   5.8491636e-01  -1.5444126e-01   6.1498912e-01  -4.5725769e-02
  -5.6340679e-01  -6.8164731e-02   4.7450958e-01  -1.9078455e-02   5.1523161e-01  -1.2177388e-02   5.8789663e-01   2.8282887e-03   5.7915053e-01  -1.7096089e-02   5.5798797e-01   1.1238635e-02   5.8531252e-01   2.7178415e-02   5.5363962e-01  -1.1396585e-01   6.1126909e-01  -3.5695851e-04
  -5.6815797e-01   3.9003191e-02   4.7848448e-01   5.7706532e-02   5.1977971e-01   6.1540952e-02   5.9539471e-01   8.1643610e-02   5.7881065e-01   1.3056789e-02   5.6469126e-01   7.4639683e-02   5.9591001e-01   9.5097693e-02   5.3449143e-01  -5.1053316e-02   6.1492078e-01   4.5701248e-02
  -5.3952421e-01   1.2719531e-01   4.9645389e-01   1.1930187e-01   5.3636177e-01   1.1976521e-01   6.1501094e-01   1.3952830e-01   5.8325827e-01   3.8537213e-02   5.8019338e-01   1.2299086e-01   6.1648788e-01   1.4196456e-01   5.3064176e-01   1.6741208e-02   6.2507887e-01   8.0311814e-02
  -4.8804314e-01   1.7310651e-01   5.2417771e-01   1.5433360e-01   5.6110426e-01   1.5117383e-01   6.4178927e-01   1.6256253e-01   5.9101218e-01   5.1528599e-02   6.0114168e-01   1.4381908e-01   6.4239893e-01   1.5649448e-01   5.4123263e-01   7.2609354e-02   6.3918569e-01   9.4713409e-02
  -4.2980396e-01   1.6754652e-01   5.5574542e-01   1.5770272e-01   5.8865802e-01   1.5095668e-01   6.6913524e-01   1.4619489e-01   5.9960260e-01   4.8326093e-02   6.2279071e-01   1.3195362e-01   6.6775510e-01   1.3572963e-01   5.6203049e-01   1.0450037e-01   6.5371800e-01   8.5708797e-02
  -3.8130440e-01   1.1686730e-01   5.8494363e-01   1.3136375e-01   6.1347432e-01   1.2158056e-01   6.9055729e-01   9.5915063e-02   6.0635105e-01   3.0083969e-02   6.4025624e-01   9.0645950e-02   6.8693233e-01   8.5487423e-02   5.8684742e-01   1.0754999e-01   6.6514228e-01   5.6237001e-02
  -3.5480241e-01   3.9653111e-02   6.0656732e-01   8.3364158e-02   6.3101500e-01   7.1698020e-02   7.0123804e-01   2.5252748e-02   6.0913076e-01   2.1258068e-03   6.4972172e-01   3.0319052e-02   6.9590455e-01   1.8465098e-02   6.0924506e-01   8.4420178e-02   6.7079674e-01   1.4250306e-02
  -3.5509258e-01  -3.9653582e-02   6.1745862e-01   2.5604295e-02   6.3869039e-01   1.3715560e-02   6.9916380e-01  -4.8053999e-02   6.0695145e-01  -2.7779778e-02   6.4936264e-01  -3.4404004e-02   6.9317664e-01  -4.9246331e-02   6.2414810e-01   4.3897598e-02   6.6953755e-01  -2.9588511e-02
  -3.7899077e-01  -9.8739087e-02   6.1694413e-01  -2.9321542e-02   6.3621573e-01  -3.9560468e-02   6.8539696e-01  -1.0698365e-01   6.0015564e-01  -5.1845562e-02   6.3965783e-01  -8.8849810e-02   6.7995953e-01  -1.0255200e-01   6.2891088e-01  -2.1579170e-03   6.6191134e-01  -6.4943732e-02
  -4.1712216e-01  -1.2353071e-01   6.0668097e-01  -7.0966022e-02   6.2540926e-01  -7.7868179e-02   6.6358389e-01  -1.3930130e-01   5.9024082e-01  -6.4330252e-02   6.2310975e-01  -1.2187711e-01   6.5968454e-01  -1.3091377e-01   6.2363595e-01  -4.2068604e-02   6.4989544e-01  -8.4335963e-02
  -4.5726732e-01  -1.1132332e-01   5.9001387e-01  -9.3052923e-02   6.0954124e-01  -9.5505342e-02   6.3888548e-01  -1.4006075e-01   5.7939710e-01  -6.2844170e-02   6.0350420e-01  -1.2822224e-01   6.3702925e-01  -1.3045328e-01   6.1079785e-01  -6.7141806e-02   6.3631175e-01  -8.4706588e-02
  -4.8816337e-01  -7.0336225e-02   5.7105089e-01  -9.4293163e-02   5.9244024e-01  -9.2027718e-02   6.1664911e-01  -1.1207261e-01   5.6991159e-01  -4.8632993e-02   5.8493977e-01  -1.0914392e-01   6.1674087e-01  -1.0421216e-01   5.9435470e-01  -7.3383148e-02   6.2409306e-01  -6.7718236e-02
