   2.9584093e-02   3.9295030e-01   1.9631089e-01   4.0635475e-01   1.0176104e-01   2.1240855e-01   1.3810034e-01   3.1487664e-01   5.6255722e-02   4.6725821e-01   1.6014947e-01   8.7072845e-01   8.4559147e-02   1.2114182e-01   2.7821326e-02   2.0948686e-01   9.8998997e-02   1.8933598e-01
   3.4450669e-02  -3.4512546e-01   3.0083944e-01   7.8677242e-01   1.8123263e-01   6.3364886e-01   2.0531223e-01   5.7619343e-01   1.6098613e-01   7.7098408e-01   3.4854205e-01   1.0000000e+00   1.4008402e-01   4.9735042e-01   1.3345558e-01   6.8562614e-01   1.6136501e-01   5.8087094e-01
  -1.6458899e-01  -8.6313534e-01   4.5558314e-01   9.8752720e-01   3.2462352e-01   9.0348776e-01   3.0635245e-01   7.6964773e-01   3.0564734e-01   9.4693251e-01   5.4505153e-01   9.6039109e-01   2.5565579e-01   7.9258881e-01   3.2645527e-01   9.6095192e-01   2.7627414e-01   8.5059874e-01
  -4.6927708e-01  -1.0000000e+00   6.2841952e-01   1.0000000e+00   5.0162678e-01   1.0000000e+00   4.3122822e-01   8.9606483e-01   4.6919833e-01   1.0000000e+00   7.2128249e-01   8.0477799e-01   4.1325635e-01   9.6746288e-01   5.5551252e-01   1.0000000e+00   4.2342675e-01   9.8845060e-01
  -7.5389821e-01  -7.4915113e-01   7.8905289e-01   8.5194574e-01   6.8112656e-01   9.3505078e-01   5.6965178e-01   9.4992255e-01   6.3234843e-01   9.4505592e-01   8.5976992e-01   5.8750298e-01   5.8937323e-01   1.0000000e+00   7.6847598e-01   8.2941741e-01   5.8223978e-01   1.0000000e+00
  -9.1511458e-01  -2.4730841e-01   9.1378896e-01   5.8881505e-01   8.3635067e-01   7.4109967e-01   7.0993074e-01   9.1852657e-01   7.7864383e-01   8.0050792e-01   9.5267411e-01   3.4990197e-01   7.5833460e-01   8.8762644e-01   9.2458490e-01   5.1619769e-01   7.3384086e-01   9.0014497e-01
  -9.0425129e-01   3.0964166e-01   9.8687012e-01   2.5618022e-01   9.4709798e-01   4.5570193e-01   8.3825906e-01   7.8730108e-01   8.9477411e-01   5.8564967e-01   9.9866441e-01   1.1671554e-01   8.9561434e-01   6.4542876e-01   1.0000000e+00   1.3742674e-01   8.6206645e-01   7.0769296e-01
  -7.3325767e-01   7.4051203e-01   1.0000000e+00  -1.0389727e-01   1.0000000e+00   1.1604210e-01   9.3906364e-01   5.4867464e-01   9.7070531e-01   3.2070915e-01   1.0000000e+00  -1.0003476e-01   9.8071525e-01   3.0406031e-01   9.8804781e-01  -2.3490415e-01   9.5389810e-01   4.4365978e-01
  -4.6415813e-01   9.1661261e-01   9.5227069e-01  -4.4604971e-01   9.8882212e-01  -2.3621339e-01   9.9688248e-01   2.1414432e-01   1.0000000e+00   2.9368148e-02   9.6062880e-01  -2.9290277e-01   1.0000000e+00  -9.0016957e-02   8.9784838e-01  -5.3556599e-01   1.0000000e+00   1.3448971e-01
  -1.8788538e-01   7.8388105e-01   8.5117057e-01  -7.1778136e-01   9.1577857e-01  -5.5021828e-01   1.0000000e+00  -1.7722885e-01   9.8068541e-01  -2.5810200e-01   8.8627093e-01  -4.5094548e-01   9.4940142e-01  -4.7520248e-01   7.5245928e-01  -7.0861844e-01   9.9594860e-01  -1.8379500e-01
   1.8922534e-03   3.8565271e-01   7.1329422e-01  -8.6771638e-01   7.9294519e-01  -7.7074976e-01   9.4452611e-01  -5.5944607e-01   9.1641380e-01  -5.0430652e-01   7.8546390e-01  -5.5658747e-01   8.3665915e-01  -7.8056941e-01   5.8563803e-01  -7.2008624e-01   9.4379134e-01  -4.6546141e-01
   4.1379562e-02  -1.4241677e-01   5.6270911e-01  -8.6315011e-01   6.4181462e-01  -8.5375224e-01   8.3766579e-01  -8.5512741e-01   8.1732178e-01  -6.7100427e-01   6.7059384e-01  -5.9004342e-01   6.8185428e-01  -9.4221529e-01   4.3478257e-01  -5.7300130e-01   8.5314728e-01  -6.6343564e-01
  -8.2927325e-02  -6.2387451e-01   4.2643228e-01  -7.0345460e-01   4.8963454e-01  -7.8202192e-01   6.9736900e-01  -1.0000000e+00   6.9915865e-01  -7.3036604e-01   5.5735793e-01  -5.3909948e-01   5.1416421e-01  -9.2321985e-01   3.3209218e-01  -3.0924327e-01   7.4023342e-01  -7.4294085e-01
  -3.3059849e-01  -9.0375379e-01   3.2868340e-01  -4.2138045e-01   3.6380450e-01  -5.7149353e-01   5.4893759e-01  -9.6254053e-01   5.8076373e-01  -6.7445097e-01   4.6249788e-01  -4.0638797e-01   3.6586999e-01  -7.2711515e-01   2.9679211e-01   2.6649589e-03   6.2506602e-01  -6.9226699e-01
  -6.2270674e-01  -9.0007436e-01   2.8576518e-01  -7.4420170e-02   2.8599080e-01  -2.6735297e-01   4.1925880e-01  -7.5362909e-01   4.8032077e-01  -5.1915448e-01   4.0047753e-01  -2.1230699e-01   2.6485260e-01  -3.9919237e-01   3.3125427e-01   2.8799663e-01   5.2734525e-01  -5.2724766e-01
  -8.6970040e-01  -6.2712990e-01   3.0301074e-01   2.6983407e-01   2.6773900e-01   6.7901909e-02   3.3053762e-01  -4.2298130e-01   4.1156430e-01  -3.0050691e-01   3.8015451e-01   8.2103597e-03   2.2804921e-01  -1.4425119e-02   4.2203212e-01   4.8635337e-01   4.6224965e-01  -2.8754079e-01
  -1.0000000e+00  -1.8213603e-01   3.7447350e-01   5.4888333e-01   3.0880865e-01   3.6983878e-01   2.9566782e-01  -4.4090650e-02   3.8128964e-01  -6.4641061e-02   4.0276304e-01   2.1427248e-01   2.5812195e-01   3.4320807e-01   5.4477456e-01   5.6381197e-01   4.3754671e-01  -2.5915261e-02
  -9.8123480e-01   2.9370407e-01   4.8470227e-01   7.1641099e-01   3.9795317e-01   5.8541207e-01   3.1591123e-01   3.0468188e-01   3.8852724e-01   1.4373974e-01   4.6159425e-01   3.6855100e-01   3.4355435e-01   6.0174394e-01   6.7062384e-01   5.1478174e-01   4.5241640e-01   2.0476625e-01
  -8.2604186e-01   6.6305025e-01   6.1215011e-01   7.4765317e-01   5.1593787e-01   6.8087499e-01   3.8159896e-01   5.5688955e-01   4.2566362e-01   2.9029817e-01   5.4354511e-01   4.4447629e-01   4.6235034e-01   7.1556775e-01   7.7225166e-01   3.5678438e-01   4.9845046e-01   3.6257853e-01
  -5.8483476e-01   8.2727870e-01   7.3306589e-01   6.4213186e-01   6.3942047e-01   6.4564593e-01   4.7482199e-01   6.6970565e-01   4.8061246e-01   3.5616196e-01   6.3169166e-01   4.3059245e-01   5.8728350e-01   6.7173819e-01   8.2851360e-01   1.2607198e-01   5.6197103e-01   4.2362699e-01
  -3.2994196e-01   7.5055641e-01   8.2581142e-01   4.2571627e-01   7.4539048e-01   4.9469744e-01   5.7358810e-01   6.3309681e-01   5.3964121e-01   3.4123191e-01   7.0859950e-01   3.3409682e-01   6.9181909e-01   4.9166408e-01   8.2837770e-01  -1.2570609e-01   6.2723987e-01   3.8681435e-01
  -1.3312581e-01   4.6962757e-01   8.7539644e-01   1.4746747e-01   8.1594089e-01   2.6651875e-01   6.5721475e-01   4.7284670e-01   5.9067284e-01   2.6412318e-01   7.6027470e-01   1.8114376e-01   7.5610763e-01   2.2631153e-01   7.7378741e-01  -3.4004630e-01   6.8029647e-01   2.7413332e-01
  -4.5379719e-02   7.9026816e-02   8.7630697e-01  -1.3159942e-01   8.4155991e-01   1.3984830e-02   7.1091609e-01   2.4219067e-01   6.2581128e-01   1.5634920e-01   7.7918414e-01   1.0569322e-02   7.7082149e-01  -5.6664271e-02   6.7940292e-01  -4.6576765e-01   7.1195809e-01   1.2381320e-01
  -8.2070879e-02  -2.9939229e-01   8.3353584e-01  -3.5422229e-01   8.2286540e-01  -2.0910372e-01   7.2905930e-01   5.9218697e-03   6.4291511e-01   5.2681689e-02   7.6599424e-01  -1.3680594e-01   7.3897665e-01  -2.9039407e-01   5.6938574e-01  -4.7465692e-01   7.1974217e-01  -2.1036566e-02
  -2.2144726e-01  -5.5755422e-01   7.6041890e-01  -4.8137308e-01   7.6928426e-01  -3.6165002e-01   7.1524316e-01  -1.7918580e-01   6.4509801e-01  -1.9608367e-02   7.2860249e-01  -2.3001757e-01   6.7393542e-01  -4.2629630e-01   4.7072243e-01  -3.6966700e-01   7.0746672e-01  -1.2526242e-01
  -4.1417391e-01  -6.3206627e-01   6.7483023e-01  -4.9987037e-01   6.9592937e-01  -4.2357550e-01   6.7999337e-01  -2.7845898e-01   6.3887219e-01  -4.7647470e-02   6.7940169e-01  -2.5541413e-01   5.9519680e-01  -4.4468453e-01   4.0631097e-01  -1.8288147e-01   6.8328056e-01  -1.7015859e-01
  -6.0035387e-01  -5.2021380e-01   5.9459185e-01  -4.2287031e-01   6.1943405e-01  -3.9811105e-01   6.3688589e-01  -2.8585459e-01   6.3151317e-01  -3.4955713e-02   6.3155123e-01  -2.1866662e-01   5.2292613e-01  -3.5726057e-01   3.8929083e-01   3.4945984e-02   6.5674548e-01  -1.5648942e-01
  -7.2803516e-01  -2.7466000e-01   5.3353054e-01  -2.8304176e-01   5.5407241e-01  -3.0729467e-01   5.9848283e-01  -2.2071449e-01   6.2861068e-01   2.1764046e-03   5.9554149e-01  -1.4052844e-01   4.7296827e-01  -2.0046839e-01   4.2049903e-01   2.2922874e-01   6.3600110e-01  -1.0109408e-01
  -7.6842754e-01   1.8771418e-02   4.9887786e-01  -1.2112668e-01   5.0890792e-01  -1.8291558e-01   5.7306040e-01  -1.1748768e-01   6.3239274e-01   4.1945107e-02   5.7681686e-01  -4.8553784e-02   4.5329461e-01  -2.2621127e-02   4.8916055e-01   3.5633156e-01   6.2565438e-01  -2.9181658e-02
  -7.2066223e-01   2.7049134e-01   4.9110803e-01   2.5139021e-02   4.8713036e-01  -5.6972413e-02   5.6352323e-01  -1.3307184e-02   6.4160112e-01   6.4573754e-02   5.7549869e-01   3.1403387e-02   4.6344399e-01   1.2980293e-01   5.7671699e-01   3.9203499e-01   6.2630712e-01   3.4167675e-02
  -6.0951269e-01   4.1235192e-01   5.0505503e-01   1.2915692e-01   4.8658633e-01   4.5595553e-02   5.6764784e-01   6.2061123e-02   6.5223644e-01   5.7927981e-02   5.8725862e-01   8.1428979e-02   4.9568691e-01   2.2317371e-01   6.6163753e-01   3.3498110e-01   6.3502930e-01   7.0647670e-02
  -4.7542085e-01   4.1489458e-01   5.3227539e-01   1.7953935e-01   5.0154752e-01   1.1105918e-01   5.7976802e-01   9.2818714e-02   6.5914910e-01   2.0531351e-02   6.0531458e-01   9.4910486e-02   5.3801274e-01   2.4329171e-01   7.2455136e-01   2.0468006e-01   6.4682009e-01   7.2738169e-02
  -3.6110021e-01   2.9270030e-01   5.6371782e-01   1.8017586e-01   5.2489763e-01   1.3781521e-01   5.9307772e-01   7.9344914e-02   6.5786109e-01  -3.8387409e-02   6.2274805e-01   7.6785177e-02   5.7776724e-01   1.9672088e-01   7.5245504e-01   3.5895862e-02   6.5642610e-01   4.4561237e-02
  -2.9869512e-01   9.6368650e-02   5.9205292e-01   1.4659974e-01   5.5018047e-01   1.3423012e-01   6.0189132e-01   3.5711626e-02   6.4611541e-01  -1.0195202e-01   6.3453036e-01   4.0631129e-02   6.0500512e-01   1.0668593e-01   7.4123954e-01  -1.2976893e-01   6.6001286e-01  -5.8096159e-04
  -3.0094289e-01  -1.0579698e-01   6.1320111e-01   9.9856797e-02   5.7307746e-01   1.1426515e-01   6.0328805e-01  -1.6463675e-02   6.2475024e-01  -1.5100698e-01   6.3877661e-01   3.4649501e-03   6.1480417e-01   4.9320226e-03   6.9620924e-01  -2.5370733e-01   6.5627202e-01  -4.5169021e-02
  -3.5931588e-01  -2.5067846e-01   6.2664874e-01   5.9509762e-02   5.9191929e-01   9.2063420e-02   5.9762450e-01  -5.6019431e-02   5.9754270e-01  -1.7026524e-01   6.3680663e-01  -2.0225659e-02   6.0786412e-01  -7.8190851e-02   6.3026134e-01  -3.0940333e-01   6.4659421e-01  -7.3489409e-02
  -4.4879994e-01  -2.9935473e-01   6.3468372e-01   3.7932179e-02   6.0727694e-01   7.7283541e-02   5.8793057e-01  -6.9173664e-02   5.7014521e-01  -1.5303561e-01   6.3216038e-01  -2.3070343e-02   5.8948925e-01  -1.2210134e-01   5.6036190e-01  -2.8843411e-01   6.3437381e-01  -7.6559741e-02
  -5.3732390e-01  -2.4665882e-01   6.4086762e-01   3.7399273e-02   6.2086061e-01   7.2482229e-02   5.7848127e-01  -5.3282786e-02   5.4846206e-01  -1.0303363e-01   6.2896015e-01  -6.6085500e-03   5.6739087e-01  -1.2054120e-01   5.0318645e-01  -2.0161104e-01   6.2371982e-01  -5.4470353e-02
  -5.9649738e-01  -1.1930759e-01   6.4828626e-01   5.0653313e-02   6.3417321e-01   7.3230451e-02   5.7309696e-01  -1.6509876e-02   5.3698127e-01  -3.2894030e-02   6.3021574e-01   2.0094076e-02   5.4907314e-01  -8.1468214e-02   4.7102850e-01  -7.5005158e-02   6.1802827e-01  -1.5613734e-02
  -6.0964018e-01   3.5715464e-02   6.5826540e-01   6.4605341e-02   6.4749937e-01   7.0809768e-02   5.7385708e-01   2.6141387e-02   5.3766230e-01   3.9862351e-02   6.3674895e-01   4.4264812e-02   5.3974112e-01  -2.2791319e-02   4.6928075e-01   5.7668778e-02   6.1896300e-01   2.6687428e-02
  -5.7638424e-01   1.6748340e-01   6.6970042e-01   6.5799574e-02   6.5938959e-01   5.6408307e-02   5.8038302e-01   5.8620161e-02   5.4943582e-01   9.8004786e-02   6.4681473e-01   5.4272476e-02   5.4092060e-01   3.4116406e-02   4.9546499e-01   1.6429635e-01   6.2593618e-01   5.8811031e-02
  -5.1065850e-01   2.3678652e-01   6.7957537e-01   4.5561973e-02   6.6712649e-01   2.5149536e-02   5.9022698e-01   6.9385783e-02   5.6875837e-01   1.2915409e-01   6.5686895e-01   4.3654133e-02   5.5061994e-01   7.1127782e-02   5.4077913e-01   2.2194907e-01   6.3650854e-01   7.1102874e-02
  -4.3548617e-01   2.2660705e-01   6.8403911e-01   3.2174646e-03   6.6765792e-01  -2.1455121e-02   5.9978760e-01   5.4952815e-02   5.9064123e-01   1.2869956e-01   6.6279230e-01   1.3305635e-02   5.6429742e-01   7.8248706e-02   5.9269645e-01   2.2165499e-01   6.4721398e-01   6.0586577e-02
  -3.7528053e-01   1.4550671e-01   6.7984644e-01  -5.3502198e-02   6.5880994e-01  -7.5382013e-02   6.0559917e-01   2.0675511e-02   6.1002490e-01   1.0046742e-01   6.6135838e-01  -2.8733425e-02   5.7653188e-01   5.5781900e-02   6.3832415e-01   1.6927933e-01   6.5468578e-01   3.1535509e-02
  -3.4809626e-01   2.3410682e-02   6.6566393e-01  -1.1081327e-01   6.4033947e-01  -1.2428095e-01   6.0555481e-01  -2.1318787e-02   6.2310643e-01   5.5101723e-02   6.5146966e-01  -6.9799641e-02   5.8283650e-01   1.3413110e-02   6.6761652e-01   8.2749734e-02   6.5672660e-01  -6.1395445e-03
  -3.6061414e-01  -9.9587136e-02   6.4272059e-01  -1.5335387e-01   6.1436509e-01  -1.5536773e-01   5.9958615e-01  -5.6572617e-02   6.2817410e-01   6.4409349e-03   6.3464470e-01  -9.6819199e-02   5.8099091e-01  -3.3729188e-02   6.7546844e-01  -1.3772067e-02   6.5292747e-01  -4.0353402e-02
  -4.0700988e-01  -1.8606306e-01   6.1467485e-01  -1.6875825e-01   5.8508268e-01  -1.5927740e-01   5.8964833e-01  -7.3018809e-02   6.2579547e-01  -3.2513042e-02   6.1468134e-01  -1.0040189e-01   5.7155562e-01  -7.0034111e-02   6.6238858e-01  -9.6331401e-02   6.4470794e-01  -6.0586163e-02
  -4.7158250e-01  -2.1252000e-01   5.8678172e-01  -1.5127947e-01   5.5786304e-01  -1.3294458e-01   5.7907285e-01  -6.4795553e-02   6.1838564e-01  -5.3085009e-02   5.9661864e-01  -7.7795869e-02   5.5754247e-01  -8.4153648e-02   6.3379288e-01  -1.4696172e-01   6.3481821e-01  -6.0992644e-02
  -5.3426596e-01  -1.7533326e-01   5.6458832e-01  -1.0337128e-01   5.3797288e-01  -8.0603396e-02   5.7148783e-01  -3.3889800e-02   6.0930257e-01  -5.2801742e-02   5.8530105e-01  -3.3697751e-02   5.4335691e-01  -7.2035749e-02   5.9816328e-01  -1.5730421e-01   6.2645597e-01  -4.1881277e-02
  -5.7710979e-01  -9.0060875e-02   5.5252722e-01  -3.4948467e-02   5.2927316e-01  -1.2738575e-02   5.6965610e-01   1.0737928e-02   6.0177094e-01  -3.5315006e-02   5.8397821e-01   2.1197842e-02   5.3338339e-01  -3.7565960e-02   5.6463796e-01  -1.2951493e-01   6.2228070e-01  -9.2663398e-03
  -5.8896588e-01   1.5019647e-02   5.5294586e-01   3.9284587e-02   5.3339149e-01   5.6537303e-02   5.7472009e-01   5.6049376e-02   5.9806747e-01  -8.6097727e-03   5.9350526e-01   7.3218175e-02   5.3080308e-01   9.2093418e-03   5.4092521e-01  -7.4420721e-02   6.2372884e-01   2.7191738e-02
  -5.6885181e-01   1.0811361e-01   5.6542722e-01   1.0351201e-01   5.4920900e-01   1.1291498e-01   5.8573372e-01   8.8802465e-02   5.9888776e-01   1.7602991e-02   6.1194425e-01   1.0945601e-01   5.3659953e-01   5.5086985e-02   5.3141527e-01  -8.2182999e-03   6.3053925e-01   5.7033915e-02
  -5.2476376e-01   1.6374289e-01   5.8709263e-01   1.4470953e-01   5.7328867e-01   1.4528277e-01   6.0006105e-01   9.9401398e-02   6.0342186e-01   3.4852039e-02   6.3522475e-01   1.2110919e-01   5.4949661e-01   8.7697736e-02   5.3671135e-01   5.2182361e-02   6.4097768e-01   7.1995795e-02
  -4.7088916e-01   1.6933427e-01   6.1327180e-01   1.5553281e-01   6.0063154e-01   1.4815174e-01   6.1406404e-01   8.4448891e-02   6.0969915e-01   3.8068429e-02   6.5811162e-01   1.0560087e-01   5.6632914e-01   9.8649771e-02   5.5382331e-01   9.3105683e-02   6.5231103e-01   6.8100220e-02
  -4.2298494e-01   1.2779459e-01   6.3862953e-01   1.3577328e-01   6.2583047e-01   1.2270593e-01   6.2411500e-01   4.7575635e-02   6.1527140e-01   2.6729363e-02   6.7551952e-01   6.7078343e-02   5.8295407e-01   8.5558846e-02   5.7728820e-01   1.0706325e-01   6.6157851e-01   4.6561115e-02
  -3.9353171e-01   5.5363675e-02   6.5842888e-01   9.2016389e-02   6.4430868e-01   7.6212767e-02   6.2762003e-01  -1.7399162e-03   6.1799910e-01   4.6717528e-03   6.8379919e-01   1.5142207e-02   5.9540422e-01   5.2385554e-02   6.0080776e-01   9.3994223e-02   6.6641892e-01   1.3238952e-02
  -3.8884698e-01  -2.4452549e-02   6.6943048e-01   3.5513571e-02   6.5315365e-01   1.9894295e-02   6.2360005e-01  -5.1008101e-02   6.1660141e-01  -2.1405220e-02   6.8145055e-01  -3.7823078e-02   6.0080637e-01   7.8517289e-03   6.1876039e-01   6.0236541e-02   6.6560017e-01  -2.3217596e-02
  -4.0732200e-01  -8.8446570e-02   6.7059956e-01  -2.0786299e-02   6.5174062e-01  -3.3930921e-02   6.1301736e-01  -8.8267123e-02   6.1106405e-01  -4.4009186e-02   6.6952538e-01  -7.9949306e-02   5.9815061e-01  -3.7023727e-02   6.2762018e-01   1.6434586e-02   6.5937857e-01  -5.3809299e-02
  -4.4124367e-01  -1.2056929e-01   6.6297386e-01  -6.5515812e-02   6.4151682e-01  -7.4823916e-02   5.9832345e-01  -1.0525325e-01   6.0249224e-01  -5.7079783e-02   6.5106533e-01  -1.0279089e-01   5.8829752e-01  -7.2056161e-02   6.2640847e-01  -2.5853201e-02   6.4925990e-01  -7.1604816e-02
  -4.7942710e-01  -1.1563114e-01   6.4924451e-01  -9.1200599e-02   6.2552007e-01  -9.6270966e-02   5.8281982e-01  -9.9193718e-02   5.9278453e-01  -5.7425286e-02   6.3031304e-01  -1.0302762e-01   5.7367201e-01  -9.0173863e-02   6.1664263e-01  -5.6898027e-02   6.3758713e-01  -7.3257603e-02
  -5.1087061e-01  -7.9705939e-02   6.3295284e-01  -9.5499307e-02   6.0753662e-01  -9.6685345e-02   5.6978254e-01  -7.3092836e-02   5.8408281e-01  -4.5332028e-02   6.1161925e-01  -8.2801768e-02   5.5756376e-01  -8.8826250e-02   6.0165131e-01  -7.0932246e-02   6.2690588e-01  -5.9541883e-02
