   9.5553540e-02   6.4472770e-01   9.0239345e-02   5.8060920e-01   1.7509623e-03   5.7225300e-01   1.4866667e-01   3.1959641e-01   4.9221074e-02   2.0943638e-01   1.3724898e-02   2.2345956e-01   8.9533963e-02   5.8443023e-01   1.7026855e-01   4.2255681e-01   4.2794662e-02   5.9428230e-01
   1.8738910e-01  -1.2123040e-01   2.3625893e-01   8.8055325e-01   1.5645105e-01   8.7520021e-01   2.0932537e-01   5.5033874e-01   1.1413721e-01   6.0313670e-01   8.7970908e-02   6.1806375e-01   2.1200774e-01   8.8609131e-01   2.9704732e-01   8.2211213e-01   1.7020309e-01   8.7337030e-01
   2.8208960e-02  -7.3331429e-01   4.2349864e-01   1.0000000e+00   3.5607167e-01   1.0000000e+00   2.9452653e-01   6.8842449e-01   2.2932092e-01   8.5748559e-01   2.1835983e-01   8.7568350e-01   3.6776720e-01   1.0000000e+00   4.8172787e-01   1.0000000e+00   3.3204436e-01   1.0000000e+00
  -2.9030262e-01  -1.0000000e+00   6.1704922e-01   9.4985263e-01   5.6392985e-01   9.5871194e-01   3.9498522e-01   7.8067962e-01   3.7382172e-01   9.8351673e-01   3.8132111e-01   9.9857748e-01   5.2995890e-01   9.7430957e-01   6.7868743e-01   9.5003786e-01   5.0389265e-01   9.9575060e-01
  -6.3205606e-01  -8.7004801e-01   7.8740564e-01   7.7168798e-01   7.4913991e-01   7.9197161e-01   5.0651379e-01   8.5233321e-01   5.2914430e-01   1.0000000e+00   5.5474785e-01   1.0000000e+00   6.8029316e-01   8.6234040e-01   8.4685146e-01   7.2129948e-01   6.6622857e-01   8.9422150e-01
  -8.7098610e-01  -4.4488069e-01   9.1444800e-01   5.1557656e-01   8.9051783e-01   5.4786447e-01   6.2616255e-01   8.9618649e-01   6.7965484e-01   9.2407753e-01   7.1907991e-01   8.9522477e-01   8.0810926e-01   7.0218594e-01   9.5820190e-01   3.9053778e-01   8.0520949e-01   7.2627567e-01
  -9.3359933e-01   9.4840612e-02   9.8695866e-01   2.2041890e-01   9.7600963e-01   2.6370175e-01   7.4813894e-01   8.8002896e-01   8.1208874e-01   7.6933655e-01   8.5727343e-01   6.9823947e-01   9.0718586e-01   5.1059578e-01   1.0000000e+00   3.1383369e-02   9.1138777e-01   5.1216810e-01
  -8.1165286e-01   5.6944663e-01   1.0000000e+00  -8.7610845e-02   1.0000000e+00  -3.5537762e-02   8.6160726e-01   7.6482946e-01   9.1519099e-01   5.4840906e-01   9.5473742e-01   4.2421081e-01   9.7275430e-01   2.8981050e-01   9.7270667e-01  -2.9704860e-01   9.7798508e-01   2.6361119e-01
  -5.5474200e-01   8.3938330e-01   9.5341655e-01  -3.8319326e-01   9.6168314e-01  -3.2641882e-01   9.5108627e-01   5.2669446e-01   9.7983429e-01   2.7735078e-01   1.0000000e+00   9.5726335e-02   1.0000000e+00   4.0705484e-02   8.8734228e-01  -5.4653709e-01   1.0000000e+00  -8.1618296e-03
  -2.5158074e-01   8.2300692e-01   8.5286014e-01  -6.3174071e-01   8.6596169e-01  -5.7713864e-01   1.0000000e+00   1.7449873e-01   1.0000000e+00  -1.9378625e-02   9.8659369e-01  -2.5094072e-01   9.8511302e-01  -2.2437097e-01   7.6369490e-01  -6.7709058e-01   9.7494237e-01  -2.8419095e-01
  -5.8985594e-03   5.2548458e-01   7.1163704e-01  -7.9123962e-01   7.2537891e-01  -7.4765904e-01   9.9578463e-01  -2.3982111e-01   9.7439208e-01  -3.0456730e-01   9.1568176e-01  -5.6293574e-01   9.2778908e-01  -4.7348560e-01   6.2810615e-01  -6.6557650e-01   9.0458221e-01  -5.3281306e-01
   9.8936004e-02   5.0017824e-02   5.5088363e-01  -8.2680246e-01   5.6071941e-01  -8.0223919e-01   9.3565329e-01  -6.3038326e-01   9.0839445e-01  -5.3176432e-01   7.9849390e-01  -7.7970343e-01   8.3438631e-01  -6.5954730e-01   5.0864635e-01  -5.1815162e-01   7.9701864e-01  -7.1366870e-01
   2.7695986e-02  -4.4070415e-01   3.9652115e-01  -7.2635838e-01   3.9837762e-01  -7.2511729e-01   8.2915246e-01  -9.0603015e-01   8.1444903e-01  -6.5853533e-01   6.5590449e-01  -8.5226724e-01   7.1896884e-01  -7.3764339e-01   4.2900896e-01  -2.7275776e-01   6.6705200e-01  -7.9051056e-01
  -1.9544496e-01  -7.8477787e-01   2.7406715e-01  -5.0614500e-01   2.6523478e-01  -5.2781334e-01   6.9692446e-01  -1.0000000e+00   7.1033040e-01  -6.6094280e-01   5.1491378e-01  -7.6090355e-01   6.0153902e-01  -6.8240510e-01   4.0297706e-01   1.1374657e-02   5.3437638e-01  -7.4421549e-01
  -4.9761317e-01  -8.7641465e-01   2.0332240e-01  -2.0691169e-01   1.8299217e-01  -2.4712099e-01   5.6575956e-01  -8.9113570e-01   6.1542042e-01  -5.4302054e-01   4.0265868e-01  -5.2412414e-01   5.0379618e-01  -4.9937474e-01   4.3185638e-01   2.7079711e-01   4.1983631e-01  -5.8110829e-01
  -7.8353992e-01  -6.9757561e-01   1.9450331e-01   1.1597010e-01   1.6375901e-01   6.3831083e-02   4.6181064e-01  -6.0972509e-01   5.4623608e-01  -3.3704854e-01   3.3997862e-01  -1.9546760e-01   4.4389043e-01  -2.2604471e-01   5.0534608e-01   4.5394233e-01   3.4095372e-01  -3.3338087e-01
  -9.6741206e-01  -3.1842615e-01   2.4657820e-01   4.0539667e-01   2.0789651e-01   3.4845589e-01   4.0415135e-01  -2.2683145e-01   5.1265109e-01  -9.4198629e-02   3.3648463e-01   1.5108257e-01   4.3189584e-01   7.8074439e-02   6.0491323e-01   5.3058823e-01   3.0808059e-01  -5.1085257e-02
  -1.0000000e+00   1.3623166e-01   3.4810346e-01   6.1411889e-01   3.0462490e-01   5.5910229e-01   4.0051400e-01   1.6847510e-01   5.1603814e-01   1.3078650e-01   3.8870637e-01   4.4183469e-01   4.6746511e-01   3.4855356e-01   7.0832386e-01   4.9284177e-01   3.2239538e-01   2.1152884e-01
  -8.7815611e-01   5.3124975e-01   4.7987176e-01   7.1004480e-01   4.3476804e-01   6.6327369e-01   4.4671775e-01   4.9030920e-01   5.4993847e-01   2.9191357e-01   4.8184137e-01   6.1891237e-01   5.4051266e-01   5.3026289e-01   7.9357978e-01   3.5109052e-01   3.7642889e-01   4.0756043e-01
  -6.4390226e-01   7.5812306e-01   6.1815900e-01   6.8039129e-01   5.7423240e-01   6.4765286e-01   5.2788903e-01   6.7349519e-01   6.0190205e-01   3.6060360e-01   5.9317098e-01   6.5111350e-01   6.3334511e-01   5.8819290e-01   8.4262528e-01   1.3415682e-01   4.5588188e-01   5.0630261e-01
  -3.6824880e-01   7.6098824e-01   7.3891880e-01   5.3449503e-01   6.9837904e-01   5.2005796e-01   6.2261124e-01   6.8716152e-01   6.5681327e-01   3.3072591e-01   6.9742527e-01   5.3932888e-01   7.2483736e-01   5.1495103e-01   8.4489955e-01  -1.1149579e-01   5.4306789e-01   4.9850098e-01
  -1.3062789e-01   5.5076708e-01   8.2216738e-01   3.0488793e-01   7.8643954e-01   3.0996650e-01   7.0806660e-01   5.4326009e-01   7.0046716e-01   2.2076831e-01   7.7230809e-01   3.1787384e-01   7.9514881e-01   3.3459768e-01   8.0033653e-01  -3.2770630e-01   6.2069239e-01   3.9856735e-01
   5.0349061e-03   2.0232137e-01   8.5617854e-01   4.1348380e-02   8.2571981e-01   6.3245616e-02   7.6589877e-01   2.9373276e-01   7.2322638e-01   6.9549839e-02   8.0386196e-01   4.7055197e-02   8.3066895e-01   9.7812574e-02   7.2042535e-01  -4.6018671e-01   6.7572966e-01   2.4083506e-01
   9.2361005e-03  -1.7345230e-01   8.3966411e-01  -2.0243248e-01   8.1391015e-01  -1.6967674e-01   7.8669005e-01   1.2353565e-02   7.2233511e-01  -7.6420655e-02   7.8957602e-01  -2.0466399e-01   8.2725585e-01  -1.3391145e-01   6.2543520e-01  -4.7683836e-01   7.0202174e-01   6.8611156e-02
  -1.0776825e-01  -4.6603805e-01   7.8107656e-01  -3.8190829e-01   7.5860530e-01  -3.4578851e-01   7.7118022e-01  -2.2763233e-01   7.0187822e-01  -1.7682455e-01   7.3795462e-01  -3.7930357e-01   7.9035791e-01  -3.0582855e-01   5.3895328e-01  -3.7716219e-01   7.0062326e-01  -7.7919469e-02
  -3.0163021e-01  -5.9928392e-01   6.9589224e-01  -4.7135651e-01   6.7480565e-01  -4.3885613e-01   7.2892481e-01  -3.7367812e-01   6.7097517e-01  -2.0891616e-01   6.6548174e-01  -4.4428969e-01   7.3279196e-01  -3.8447176e-01   4.8149586e-01  -1.9121732e-01   6.7846007e-01  -1.7174855e-01
  -5.1025580e-01  -5.5119428e-01   6.0247355e-01  -4.6746078e-01   5.8089120e-01  -4.4332161e-01   6.7453665e-01  -4.0539507e-01   6.4058768e-01  -1.7214428e-01   5.9160108e-01  -3.9836977e-01   6.7060908e-01  -3.6425014e-01   4.6546105e-01   3.0695656e-02   6.4557607e-01  -2.0381357e-01
  -6.7428067e-01  -3.5620921e-01   5.1768725e-01  -3.8712142e-01   4.9423974e-01  -3.7286679e-01   6.2301258e-01  -3.3579880e-01   6.2008157e-01  -8.5863881e-02   5.3333706e-01  -2.6853957e-01   6.1848201e-01  -2.6571552e-01   4.9237094e-01   2.3308101e-01   6.1198373e-01  -1.8239253e-01
  -7.5358514e-01  -8.6955905e-02   4.5382272e-01  -2.5959228e-01   4.2800894e-01  -2.5361933e-01   5.8593462e-01  -2.0106541e-01   6.1489635e-01   1.9421688e-02   5.0156980e-01  -9.8407182e-02   5.8636770e-01  -1.2544999e-01   5.5355810e-01   3.6952839e-01   5.8527697e-01  -1.2709401e-01
  -7.3713592e-01   1.7095329e-01   4.1690235e-01  -1.1741706e-01   3.8921668e-01  -1.1610798e-01   5.6907987e-01  -4.6898955e-02   6.2545242e-01   1.1192998e-01   4.9912930e-01   6.5214882e-02   5.7770529e-01   1.5908024e-02   6.3281157e-01   4.1271570e-01   5.6921231e-01  -6.1545136e-02
  -6.4245387e-01   3.4575488e-01   4.0693432e-01   1.1592884e-02   3.7869535e-01   1.2217276e-02   5.7215024e-01   8.5432012e-02   6.4773715e-01   1.6743984e-01   5.2144849e-01   1.8468261e-01   5.8977856e-01   1.2486689e-01   7.1084134e-01   3.5828445e-01   5.6369235e-01  -6.2686950e-03
  -5.0717654e-01   3.9680162e-01   4.1933958e-01   1.0866535e-01   3.9228318e-01   1.1142096e-01   5.9008673e-01   1.6793828e-01   6.7491327e-01   1.7412364e-01   5.5884643e-01   2.3865125e-01   6.1549435e-01   1.8156955e-01   7.6965196e-01   2.2348903e-01   5.6572885e-01   2.5634437e-02
  -3.7636823e-01   3.2383364e-01   4.4692131e-01   1.6611265e-01   4.2266234e-01   1.7169799e-01   6.1523209e-01   1.9122671e-01   6.9942194e-01   1.3473119e-01   5.9964101e-01   2.2556780e-01   6.4587626e-01   1.8312750e-01   7.9650545e-01   4.3113601e-02   5.7090930e-01   3.0873387e-02
  -2.8836278e-01   1.6393280e-01   4.8201397e-01   1.8660378e-01   4.6154049e-01   1.9346387e-01   6.3992551e-01   1.6431140e-01   7.1516785e-01   6.4847247e-02   6.3347864e-01   1.6185423e-01   6.7278669e-01   1.4225150e-01   7.8667929e-01  -1.3841600e-01   5.7507262e-01   1.5442384e-02
  -2.6363755e-01  -2.3324005e-02   5.1827711e-01   1.8000781e-01   5.0162405e-01   1.8496746e-01   6.5872344e-01   1.0883681e-01   7.1916032e-01  -1.2684929e-02   6.5395430e-01   7.5038689e-02   6.9108391e-01   8.1300179e-02   7.4437124e-01  -2.7785998e-01   5.7567269e-01  -8.7269985e-03
  -3.0077747e-01  -1.7644279e-01   5.5162509e-01   1.5893163e-01   5.3780234e-01   1.5829088e-01   6.6946134e-01   5.0083066e-02   7.1201709e-01  -7.5193930e-02   6.5964440e-01  -5.6522251e-03   6.9946334e-01   2.4009673e-02   6.8131698e-01  -3.4376939e-01   5.7234531e-01  -2.8611874e-02
  -3.7918150e-01  -2.5143775e-01   5.8034382e-01   1.3423517e-01   5.6751918e-01   1.2498559e-01   6.7315160e-01   7.9466428e-03   6.9740510e-01  -1.0712618e-01   6.5364186e-01  -5.8291270e-02   7.0005431e-01  -1.2364627e-02   6.1363352e-01  -3.2438187e-01   5.6670289e-01  -3.4783856e-02
  -4.6767585e-01  -2.3377335e-01   6.0440010e-01   1.1182532e-01   5.9027313e-01   9.2678442e-02   6.7278975e-01  -9.0302287e-03   6.8057072e-01  -1.0409164e-01   6.4174996e-01  -7.3870986e-02   6.9691949e-01  -2.1803000e-02   5.5759096e-01  -2.2989903e-01   5.6143548e-01  -2.4341582e-02
  -5.3552816e-01  -1.3980166e-01   6.2432853e-01   9.1624172e-02   6.0660598e-01   6.3645272e-02   6.7166517e-01  -4.8544584e-03   6.6654092e-01  -7.2980532e-02   6.3011268e-01  -5.7164442e-02   6.9412952e-01  -9.9075265e-03   5.2551653e-01  -8.8661449e-02   5.5912563e-01  -1.2843222e-03
  -5.6209982e-01  -7.9176905e-03   6.4016471e-01   6.9104720e-02   6.1703907e-01   3.5800863e-02   6.7184965e-01   7.6404522e-03   6.5860631e-01  -2.8375379e-02   6.2310886e-01  -2.2918989e-02   6.9413126e-01   9.9457080e-03   5.2300296e-01   6.1562002e-02   5.6122125e-01   2.5647026e-02
  -5.4213353e-01   1.1569344e-01   6.5088437e-01   3.8559008e-02   6.2142764e-01   5.3587672e-03   6.7342753e-01   1.3208550e-02   6.5754800e-01   1.2872972e-02   6.2217693e-01   1.0457665e-02   6.9696855e-01   2.2585344e-02   5.4807961e-01   1.8388029e-01   5.6752366e-01   4.6467967e-02
  -4.8590309e-01   1.9174816e-01   6.5453183e-01  -3.2371803e-03   6.1892814e-01  -3.0073216e-02   6.7461937e-01   7.6043712e-04   6.6171008e-01   3.7073001e-02   6.2575171e-01   2.7464605e-02   7.0047820e-01   1.6961578e-02   5.9231597e-01   2.5139774e-01   5.7628197e-01   5.3514635e-02
  -4.1462953e-01   1.9903428e-01   6.4898848e-01  -5.4459183e-02   6.0854962e-01  -6.9275614e-02   6.7269287e-01  -3.2107881e-02   6.6782578e-01   3.7635410e-02   6.3022456e-01   2.0421123e-02   7.0132619e-01  -9.8315217e-03   6.4344987e-01   2.5298304e-01   5.8482848e-01   4.3990413e-02
  -3.5301499e-01   1.3949111e-01   6.3304037e-01  -1.0778973e-01   5.8999076e-01  -1.0694664e-01   6.6526202e-01  -7.7970515e-02   6.7226872e-01   1.6600507e-02   6.3150227e-01  -8.5043319e-03   6.9645601e-01  -5.1520442e-02   6.8871628e-01   1.9465570e-01   5.9050410e-01   2.0810111e-02
  -3.2114410e-01   3.6058727e-02   6.0731726e-01  -1.5226493e-01   5.6438527e-01  -1.3510788e-01   6.5150647e-01  -1.2209880e-01   6.7234539e-01  -1.6580589e-02   6.2665151e-01  -4.8576762e-02   6.8445918e-01  -9.4848363e-02   7.1804601e-01   9.6536085e-02   5.9157678e-01  -8.4641037e-03
  -3.2851002e-01  -7.6026274e-02   5.7467962e-01  -1.7665938e-01   5.3458808e-01  -1.4576903e-01   6.3281552e-01  -1.4773454e-01   6.6718083e-01  -4.8604164e-02   6.1503447e-01  -8.4602512e-02   6.6634077e-01  -1.2424269e-01   7.2623501e-01  -1.3587520e-02   5.8781863e-01  -3.4233032e-02
  -3.7171438e-01  -1.6104690e-01   5.3991695e-01  -1.7305238e-01   5.0488072e-01  -1.3372958e-01   6.1265916e-01  -1.4202764e-01   6.5796961e-01  -6.6846065e-02   5.9862642e-01  -1.0222389e-01   6.4546098e-01  -1.2716790e-01   7.1371395e-01  -1.0790582e-01   5.8058615e-01  -4.8016117e-02
  -4.3629438e-01  -1.9409481e-01   5.0882300e-01  -1.3948766e-01   4.8015735e-01  -9.8621132e-02   5.9571861e-01  -1.0075584e-01   6.4754664e-01  -6.3481247e-02   5.8145092e-01  -9.2768216e-02   6.2667118e-01  -9.8497252e-02   6.8586077e-01  -1.6553242e-01   5.7239072e-01  -4.5186649e-02
  -5.0202973e-01  -1.6794190e-01   4.8689377e-01  -8.0861141e-02   4.6481139e-01  -4.5485322e-02   5.8653184e-01  -3.0121100e-02   6.3941884e-01  -3.7771535e-02   5.6830915e-01  -5.5975744e-02   6.1489972e-01  -4.2345587e-02   6.5110969e-01  -1.7685532e-01   5.6608938e-01  -2.6335878e-02
  -5.4945218e-01  -9.3677290e-02   4.7806740e-01  -7.9024654e-03   4.6168981e-01   1.6204186e-02   5.8815477e-01   5.4784460e-02   6.3665072e-01   4.0398090e-03   5.6331257e-01   9.5655392e-05   6.1371467e-01   2.9053072e-02   6.1857523e-01  -1.4450849e-01   5.6400763e-01   3.0673815e-03
  -5.6554277e-01   3.9559156e-03   4.8380948e-01   6.5229679e-02   4.7137519e-01   7.4620093e-02   6.0121037e-01   1.3395449e-01   6.4093206e-01   5.0769527e-02   5.6865190e-01   6.1488073e-02   6.2426313e-01   9.8673295e-02   5.9581109e-01  -8.1411296e-02   5.6724533e-01   3.4359666e-02
  -5.4739110e-01   9.5246322e-02   5.0271611e-01   1.2432854e-01   4.9194340e-01   1.1840639e-01   6.2354038e-01   1.8807768e-01   6.5202073e-01   8.9759572e-02   5.8386179e-01   1.1251246e-01   6.4481733e-01   1.4952182e-01   5.8706626e-01  -6.3828781e-03   5.7531355e-01   5.8332045e-02
  -5.0196169e-01   1.5443858e-01   5.3088500e-01   1.5825262e-01   5.1939025e-01   1.3919575e-01   6.5072466e-01   2.0351369e-01   6.6785335e-01   1.1036076e-01   6.0597946e-01   1.3999320e-01   6.7122603e-01   1.6900939e-01   5.9276354e-01   6.0996578e-02   5.8631277e-01   6.7764636e-02
  -4.4363638e-01   1.6699348e-01   5.6272428e-01   1.6145196e-01   5.4843354e-01   1.3358227e-01   6.7707094e-01   1.7604002e-01   6.8504278e-01   1.0682580e-01   6.3023010e-01   1.3682340e-01   6.9786165e-01   1.5231137e-01   6.0973062e-01   1.0521605e-01   5.9741588e-01   5.9445377e-02
  -3.8931991e-01   1.3297477e-01   5.9222104e-01   1.3507295e-01   5.7368632e-01   1.0384481e-01   6.9705054e-01   1.1196024e-01   6.9980689e-01   7.9748038e-02   6.5129950e-01   1.0375903e-01   7.1905700e-01   1.0353515e-01   6.3243889e-01   1.1824301e-01   6.0566904e-01   3.5003086e-02
  -3.5346284e-01   6.5745759e-02   6.1420421e-01   8.6393913e-02   5.9078034e-01   5.7257948e-02   7.0661754e-01   2.6333153e-02   7.0892949e-01   3.5660910e-02   6.6465610e-01   4.8953232e-02   7.3046128e-01   3.4446298e-02   6.5461728e-01   1.0061595e-01   6.0877452e-01   3.4816884e-04
  -3.4414136e-01  -1.2840141e-02   6.2537317e-01   2.6912116e-02   5.9723813e-01   4.2898107e-03   7.0415472e-01  -6.0948851e-02   7.1054864e-01  -1.4844265e-02   6.6764148e-01  -1.4339122e-02   7.3005106e-01  -3.8657704e-02   6.7086568e-01   6.0441900e-02   6.0569231e-01  -3.5961908e-02
  -3.6117911e-01  -7.9817465e-02   6.2487671e-01  -3.0648466e-02   5.9290178e-01  -4.4051960e-02   6.9080295e-01  -1.3057893e-01   7.0458549e-01  -6.0187864e-02   6.6007437e-01  -7.1535216e-02   7.1854761e-01  -9.9420131e-02   6.7794323e-01   1.0401609e-02   5.9691047e-01  -6.5165259e-02
  -3.9717484e-01  -1.1779019e-01   6.1421377e-01  -7.5258759e-02   5.7973699e-01  -7.8703715e-02   6.6999871e-01  -1.6853515e-01   6.9262309e-01  -9.0781217e-02   6.4410154e-01  -1.1042994e-01   6.9903846e-01  -1.3542365e-01   6.7523929e-01  -3.6002363e-02   5.8425219e-01  -8.0543005e-02
  -4.4021867e-01  -1.1945027e-01   5.9669504e-01  -9.9869245e-02   5.6124539e-01  -9.4403641e-02   6.4655377e-01  -1.6920666e-01   6.7743657e-01  -1.0125648e-01   6.2356427e-01  -1.2401844e-01   6.7612565e-01  -1.4096147e-01   6.6462394e-01  -6.7902665e-02   5.7040019e-01  -7.9017282e-02
  -4.7784341e-01  -8.8669732e-02   5.7651650e-01  -1.0251260e-01   5.4154930e-01  -9.0465987e-02   6.2540956e-01  -1.3606854e-01   6.6223369e-01  -9.1379785e-02   6.0295361e-01  -1.1172952e-01   6.5471745e-01  -1.1783175e-01   6.4964925e-01  -7.9471074e-02   5.5820163e-01  -6.1672223e-02
