   1.2471981e-01   1.4698047e-02   1.2671563e-01   7.0440297e-01   1.4707980e-01   3.3800808e-02   1.6937459e-01   1.1329685e-01   9.9213273e-02   3.8066790e-01   2.5634194e-03   1.0573830e-01   1.0310134e-01   7.0060733e-01   6.6926629e-03   1.3657783e-01   2.4160796e-02   4.2541311e-01
   1.6323225e-02  -6.4608824e-01   2.9721405e-01   9.4116486e-01   1.9337664e-01   4.8814576e-01   2.0614252e-01   3.5616683e-01   1.8731010e-01   7.0268759e-01   6.0306230e-02   4.8714984e-01   2.5200360e-01   9.3269639e-01   9.7703351e-02   6.2069250e-01   1.2756591e-01   7.3921983e-01
  -2.6171115e-01  -1.0000000e+00   4.9784003e-01   1.0000000e+00   3.0830997e-01   8.2137515e-01   2.7917285e-01   5.7882391e-01   3.1789507e-01   9.1053502e-01   1.8358525e-01   7.8407500e-01   4.2726052e-01   1.0000000e+00   2.8188314e-01   9.2329323e-01   2.7536126e-01   9.3177764e-01
  -5.8932565e-01  -9.4810495e-01   6.9335895e-01   8.9619948e-01   4.6720727e-01   9.9458404e-01   3.8458182e-01   7.6896291e-01   4.7225865e-01   1.0000000e+00   3.5273079e-01   9.6181649e-01   6.0244957e-01   9.3870375e-01   5.1052515e-01   1.0000000e+00   4.4587167e-01   1.0000000e+00
  -8.4069634e-01  -5.5328977e-01   8.5446911e-01   6.6953096e-01   6.4141178e-01   1.0000000e+00   5.1534527e-01   8.9947243e-01   6.3162730e-01   9.7414696e-01   5.4272281e-01   1.0000000e+00   7.5812506e-01   7.8814726e-01   7.3180749e-01   8.6700677e-01   6.1809522e-01   9.5378761e-01
  -9.3124001e-01   7.4587006e-03   9.6069385e-01   3.6408310e-01   8.0307459e-01   8.5278053e-01   6.5957405e-01   9.3647026e-01   7.7822321e-01   8.4239719e-01   7.2630239e-01   8.9572045e-01   8.8127649e-01   5.7991111e-01   9.0292278e-01   5.8082472e-01   7.7342811e-01   8.0965639e-01
  -8.3936287e-01   5.3667729e-01   1.0000000e+00   1.8283676e-02   9.2806241e-01   5.7950875e-01   8.0030144e-01   8.5007337e-01   8.9628378e-01   6.2041999e-01   8.7725881e-01   6.6265772e-01   9.6364143e-01   3.3508714e-01   9.9612034e-01   2.1068869e-01   8.9635238e-01   5.8578314e-01
  -6.0280267e-01   8.7647020e-01   9.6794062e-01  -3.3015591e-01   9.9756972e-01   2.1564052e-01   9.1693505e-01   6.2651344e-01   9.7305932e-01   3.3047268e-01   9.7350565e-01   3.2990801e-01   1.0000000e+00   6.8574517e-02   1.0000000e+00  -1.7408619e-01   9.7463009e-01   3.0225130e-01
  -3.0090118e-01   9.2757885e-01   8.6842936e-01  -6.3581852e-01   1.0000000e+00  -1.8934171e-01   9.8878925e-01   2.7936677e-01   1.0000000e+00   3.1925272e-03   1.0000000e+00  -5.7644735e-02   9.8791429e-01  -2.0242661e-01   9.1919825e-01  -5.0417296e-01   1.0000000e+00  -1.4786384e-02
  -3.3271036e-02   6.7200938e-01   7.1550423e-01  -8.4591398e-01   9.3379848e-01  -5.6811937e-01   1.0000000e+00  -1.4098318e-01   9.7433240e-01  -3.1897910e-01   9.5188260e-01  -4.3793380e-01   9.2888080e-01  -4.4989779e-01   7.7428486e-01  -7.1412121e-01   9.6966761e-01  -3.2792139e-01
   1.1147402e-01   1.9282116e-01   5.3356781e-01  -9.1492327e-01   8.1001598e-01  -8.4582172e-01   9.4537856e-01  -5.5181751e-01   9.0099606e-01  -5.8408262e-01   8.3746192e-01  -7.3889716e-01   8.3052476e-01  -6.3477138e-01   5.9908278e-01  -7.5943524e-01   8.8839213e-01  -5.8987405e-01
   8.5081290e-02  -3.5051292e-01   3.5387132e-01  -8.2356705e-01   6.5160525e-01  -9.6244361e-01   8.3356489e-01  -8.6184832e-01   7.9317788e-01  -7.4305824e-01   6.7829010e-01  -8.9692514e-01   7.0757850e-01  -7.1912882e-01   4.3351644e-01  -6.3421694e-01   7.6924035e-01  -7.5475208e-01
  -1.0395221e-01  -7.7990590e-01   2.0805704e-01  -5.8769124e-01   4.8910761e-01  -8.9255099e-01   6.8620443e-01  -1.0000000e+00   6.7063214e-01  -7.6544302e-01   5.0565023e-01  -8.7710611e-01   5.8034649e-01  -6.8095969e-01   3.1378794e-01  -3.7566567e-01   6.3214474e-01  -7.9218773e-01
  -3.9490842e-01  -9.6143499e-01   1.2118103e-01  -2.5448542e-01   3.5378773e-01  -6.5319537e-01   5.3290764e-01  -9.3742873e-01   5.5568668e-01  -6.5056921e-01   3.5365524e-01  -6.8567734e-01   4.7082739e-01  -5.2430083e-01   2.6337779e-01  -5.2553530e-02   5.0017504e-01  -6.9766889e-01
  -6.9686076e-01  -8.4734183e-01   1.0652372e-01   1.0995816e-01   2.7059905e-01  -2.9890625e-01   4.0388309e-01  -6.9518871e-01   4.6821138e-01  -4.2927653e-01   2.5122110e-01  -3.6961415e-01   3.9777821e-01  -2.8081494e-01   2.8807588e-01   2.5569089e-01   3.9468455e-01  -4.9507708e-01
  -9.1892877e-01  -4.8703517e-01   1.6342196e-01   4.3739287e-01   2.5297747e-01   9.3677886e-02   3.2271484e-01  -3.3588828e-01   4.2119569e-01  -1.5516001e-01   2.1542804e-01  -3.3470632e-03   3.7238764e-01  -1.8871953e-03   3.7611713e-01   4.8125691e-01   3.3082198e-01  -2.3046483e-01
  -1.0000000e+00  -2.5128528e-03   2.7838157e-01   6.7288083e-01   3.0058025e-01   4.4629498e-01   3.0111245e-01   5.6751199e-02   4.1817153e-01   1.1142935e-01   2.4801447e-01   3.3285602e-01   3.9583136e-01   2.5586736e-01   5.0285792e-01   5.8343516e-01   3.1455666e-01   4.0949379e-02
  -9.2307473e-01   4.5961589e-01   4.2879936e-01   7.8150960e-01   4.0076176e-01   6.9459197e-01   3.3775061e-01   3.9937768e-01   4.5361309e-01   3.1798893e-01   3.3655300e-01   5.7171806e-01   4.5981813e-01   4.4366967e-01   6.3761300e-01   5.5025728e-01   3.4250840e-01   2.6775040e-01
  -7.1764177e-01   7.7012838e-01   5.8712142e-01   7.5045399e-01   5.3158273e-01   7.9759220e-01   4.1926707e-01   6.2472551e-01   5.1477575e-01   4.2907184e-01   4.5785228e-01   6.7098807e-01   5.4855586e-01   5.2863633e-01   7.4997541e-01   3.9593929e-01   4.0326248e-01   4.1172052e-01
  -4.4745074e-01   8.5024387e-01   7.2558472e-01   5.9004072e-01   6.6658287e-01   7.4371825e-01   5.2400601e-01   6.9442509e-01   5.8505740e-01   4.3186863e-01   5.8368611e-01   6.2002532e-01   6.4228926e-01   4.9956834e-01   8.1565394e-01   1.5755364e-01   4.8042905e-01   4.5438041e-01
  -1.9090397e-01   6.8970858e-01   8.2094833e-01   3.3435413e-01   7.8008156e-01   5.5372934e-01   6.2720251e-01   6.0757419e-01   6.4780762e-01   3.3867687e-01   6.8699734e-01   4.4160022e-01   7.2149265e-01   3.7047142e-01   8.2127984e-01  -1.0890150e-01   5.5639422e-01   4.0040545e-01
  -1.8672892e-02   3.4923777e-01   8.5889656e-01   3.6969567e-02   8.5242502e-01   2.7732636e-01   7.0682110e-01   4.0162358e-01   6.9012617e-01   1.8462001e-01   7.4780718e-01   1.8735152e-01   7.7121078e-01   1.7896668e-01   7.6775340e-01  -3.3852960e-01   6.1622771e-01   2.7642375e-01
   2.8476464e-02  -6.0261215e-02   8.3725592e-01  -2.4151642e-01   8.7440295e-01  -2.0155476e-02   7.4924545e-01   1.4056129e-01   7.0612390e-01   1.7299675e-02   7.5803586e-01  -7.6406422e-02   7.8485506e-01  -2.4138637e-02   6.7061917e-01  -4.7574695e-01   6.5120977e-01   1.2270226e-01
  -5.1964487e-02  -4.1622574e-01   7.6544902e-01  -4.4832470e-01   8.4794300e-01  -2.7529667e-01   7.5136152e-01  -1.0541435e-01   6.9741918e-01  -1.1751173e-01   7.2200163e-01  -2.8696248e-01   7.6482993e-01  -1.8980725e-01   5.5555168e-01  -4.8993360e-01   6.5981265e-01  -1.9135514e-02
  -2.2565975e-01  -6.2153864e-01   6.6183453e-01  -5.5054610e-01   7.8465989e-01  -4.4187395e-01   7.2022561e-01  -2.7942111e-01   6.7196589e-01  -1.8866274e-01   6.5441882e-01  -4.0126759e-01   7.2119111e-01  -2.8399046e-01   4.5157944e-01  -3.8389907e-01   6.4709722e-01  -1.1735275e-01
  -4.3488449e-01  -6.3242644e-01   5.4885047e-01  -5.4124784e-01   7.0189915e-01  -5.0036132e-01   6.6971420e-01  -3.5215681e-01   6.4096738e-01  -1.8718807e-01   5.7550474e-01  -4.0552583e-01   6.6807970e-01  -2.9570083e-01   3.8327610e-01  -1.9146712e-01   6.2221718e-01  -1.5749042e-01
  -6.1762868e-01  -4.6651173e-01   4.4780356e-01  -4.3809896e-01   6.1797715e-01  -4.5885398e-01   6.1581719e-01  -3.2583970e-01   6.1527874e-01  -1.2608955e-01   5.0527808e-01  -3.1531488e-01   6.1950142e-01  -2.3716305e-01   3.6484655e-01   3.3917141e-02   5.9523615e-01  -1.4349790e-01
  -7.2630937e-01  -1.9154440e-01   3.7446995e-01  -2.7586682e-01   5.4785763e-01  -3.4636331e-01   5.7204984e-01  -2.2833958e-01   6.0231972e-01  -3.3603445e-02   4.5852770e-01  -1.6766276e-01   5.8564362e-01  -1.3703492e-01   3.9719792e-01   2.3508508e-01   5.7419716e-01  -9.3384391e-02
  -7.4015085e-01   1.0199177e-01   3.3671671e-01  -9.5141404e-02   5.0051129e-01  -2.0075523e-01   5.4638276e-01  -9.9887378e-02   6.0446276e-01   5.7641706e-02   4.4190995e-01  -7.6138011e-03   5.7089057e-01  -2.9109503e-02   4.6901765e-01   3.6645411e-01   5.6332210e-01  -3.1038771e-02
  -6.6734547e-01   3.2850847e-01   3.3444670e-01   6.7085984e-02   4.7848021e-01  -5.8107752e-02   5.4048838e-01   1.9593989e-02   6.1918973e-01   1.1980420e-01   4.5375853e-01   1.2375148e-01   5.7391047e-01   5.7246313e-02   5.6063312e-01   4.0271331e-01   5.6274816e-01   2.1163800e-02
  -5.4007821e-01   4.3104773e-01   3.6097450e-01   1.8453459e-01   4.7878858e-01   5.5300990e-02   5.5047735e-01   1.0079705e-01   6.4035540e-01   1.3672726e-01   4.8565562e-01   1.9892022e-01   5.8901374e-01   1.0410735e-01   6.4926779e-01   3.4269789e-01   5.6923853e-01   4.8208382e-02
  -4.0232237e-01   3.9408776e-01   4.0568989e-01   2.4487465e-01   4.9509117e-01   1.2651170e-01   5.6915396e-01   1.3053755e-01   6.6040458e-01   1.0677989e-01   5.2566786e-01   2.0859857e-01   6.0858565e-01   1.0769358e-01   7.1451377e-01   2.0701819e-01   5.7782577e-01   4.5241358e-02
  -2.9606855e-01   2.4481932e-01   4.5693880e-01   2.5009069e-01   5.1998377e-01   1.5605217e-01   5.8861986e-01   1.1288963e-01   6.7266023e-01   4.2277247e-02   5.6187404e-01   1.6199520e-01   6.2555984e-01   7.7582553e-02   7.4275889e-01   3.2263490e-02   5.8360564e-01   1.7702842e-02
  -2.4900836e-01   4.1524192e-02   5.0469886e-01   2.1363380e-01   5.4709648e-01   1.5475925e-01   6.0272491e-01   6.5423190e-02   6.7324792e-01  -3.4947110e-02   5.8553674e-01   8.2214706e-02   6.3545636e-01   3.2190270e-02   7.2991197e-01  -1.3807310e-01   5.8333002e-01  -2.1473817e-02
  -2.6747575e-01  -1.4719665e-01   5.4243553e-01   1.5510200e-01   5.7244653e-01   1.3828752e-01   6.0865160e-01   1.1737916e-02   6.6209579e-01  -1.0071333e-01   5.9305659e-01  -1.9462372e-03   6.3739306e-01  -8.1721744e-03   6.8183910e-01  -2.6413717e-01   5.7632988e-01  -5.6763392e-02
  -3.3693802e-01  -2.6481310e-01   5.6769657e-01   9.4007371e-02   5.9472020e-01   1.2104319e-01   6.0715903e-01  -2.7083121e-02   6.4266882e-01  -1.3603495e-01   5.8614844e-01  -6.5093329e-02   6.3375617e-01  -2.8249074e-02   6.1230915e-01  -3.1913567e-01   5.6447777e-01  -7.5367998e-02
  -4.2875881e-01  -2.8283267e-01   5.8152973e-01   4.4578249e-02   6.1462198e-01   1.1150567e-01   6.0163936e-01  -3.9015433e-02   6.2067791e-01  -1.3238392e-01   5.7047848e-01  -9.2104107e-02   6.2884636e-01  -2.2364624e-02   5.3920918e-01  -2.9515670e-01   5.5134424e-01  -7.1070941e-02
  -5.1061167e-01  -2.0681050e-01   5.8705418e-01   1.2729466e-02   6.3361430e-01   1.0993843e-01   5.9642175e-01  -2.4072601e-02   6.0220858e-01  -9.3458339e-02   5.5332750e-01  -8.1275329e-02   6.2700373e-01   4.4851719e-03   4.7989870e-01  -2.0414817e-01   5.4087578e-01  -4.5736239e-02
  -5.5667455e-01  -7.0717407e-02   5.8776857e-01  -3.7579349e-03   6.5257727e-01   1.0938263e-01   5.9501008e-01   7.2829049e-03   5.9194104e-01  -3.2941456e-02   5.4114923e-01  -4.2873734e-02   6.3093492e-01   3.9323714e-02   4.4710875e-01  -7.3512828e-02   5.3609351e-01  -7.9785597e-03
  -5.5534618e-01   7.6445438e-02   5.8606502e-01  -1.2433071e-02   6.7077227e-01   9.9315368e-02   5.9871598e-01   3.9020327e-02   5.9183040e-01   3.0410044e-02   5.3757459e-01   5.5583693e-03   6.4062447e-01   6.6335174e-02   4.4602024e-01   6.2045527e-02   5.3811428e-01   3.0127229e-02
  -5.1094428e-01   1.8731067e-01   5.8265259e-01  -2.1814461e-02   6.8573289e-01   7.0730486e-02   6.0637621e-01   5.5986944e-02   6.0085923e-01   7.8732962e-02   5.4273565e-01   4.5631606e-02   6.5344209e-01   7.2624862e-02   4.7386258e-01   1.6984199e-01   5.4597056e-01   5.7188922e-02
  -4.4104260e-01   2.2976854e-01   5.7673479e-01  -3.7606200e-02   6.9388772e-01   2.0441979e-02   6.1488853e-01   4.9193303e-02   6.1555686e-01   9.9959540e-02   5.5361612e-01   6.3697291e-02   6.6504162e-01   5.2534944e-02   5.2124489e-01   2.2695534e-01   5.5701655e-01   6.5897287e-02
  -3.6992057e-01   1.9537753e-01   5.6685201e-01  -6.0438282e-02   6.9180552e-01  -4.6632943e-02   6.2045115e-01   1.8837870e-02   6.3120683e-01   9.0827588e-02   5.6536814e-01   5.4633187e-02   6.7088466e-01   9.6118575e-03   5.7507790e-01   2.2499077e-01   5.6784921e-01   5.5042972e-02
  -3.2065421e-01   1.0006289e-01   5.5193978e-01  -8.5853247e-02   6.7755101e-01  -1.1820446e-01   6.1999167e-01  -2.5980147e-02   6.4329171e-01   5.7118223e-02   5.7305063e-01   2.2685598e-02   6.6781030e-01  -4.4479866e-02   6.2206835e-01   1.7069682e-01   5.7538769e-01   2.9512725e-02
  -3.0782636e-01  -2.2345966e-02   5.3223462e-01  -1.0613842e-01   6.5174267e-01  -1.7798113e-01   6.1237976e-01  -7.0491186e-02   6.4882725e-01   1.1320661e-02   5.7332414e-01  -2.0493533e-02   6.5524552e-01  -9.3663779e-02   6.5204669e-01   8.2838308e-02   5.7783519e-01  -1.5459483e-03
  -3.3382770e-01  -1.3232603e-01   5.0960524e-01  -1.1337167e-01   6.1777386e-01  -2.1066511e-01   5.9886644e-01  -9.9522911e-02   6.4705929e-01  -3.1762203e-02   5.6542852e-01  -6.0225843e-02   6.3547466e-01  -1.2273014e-01   6.5999719e-01  -1.3988460e-02   5.7512160e-01  -2.7935323e-02
  -3.8892811e-01  -1.9705749e-01   4.8731940e-01  -1.0222580e-01   5.8126794e-01  -2.0646279e-01   5.8277790e-01  -1.0243670e-01   6.3949158e-01  -5.9502767e-02   5.5133420e-01  -8.3496471e-02   6.1308124e-01  -1.2202297e-01   6.4669109e-01  -9.5925915e-02   5.6882342e-01  -4.1563830e-02
  -4.5520597e-01  -2.0004865e-01   4.6928491e-01  -7.1932908e-02   5.4882905e-01  -1.6403960e-01   5.6850332e-01  -7.6521615e-02   6.2922341e-01  -6.4985176e-02   5.3501383e-01  -8.2874203e-02   5.9363941e-01  -9.0354715e-02   6.1779792e-01  -1.4557146e-01   5.6156284e-01  -3.8804209e-02
  -5.1264211e-01  -1.4465883e-01   4.5904029e-01  -2.6771828e-02   5.2650104e-01  -9.0974511e-02   5.6016514e-01  -2.7676277e-02   6.1988610e-01  -4.8428576e-02   5.2115491e-01  -5.8334512e-02   5.8213392e-01  -3.5169830e-02   5.8193263e-01  -1.5528041e-01   5.5613125e-01  -2.1264612e-02
  -5.4511388e-01  -5.1144414e-02   4.5882920e-01   2.4927154e-02   5.1840365e-01  -1.8192684e-03   5.6043399e-01   3.1553121e-02   6.1456349e-01  -1.6364391e-02   5.1378732e-01  -1.6704252e-02   5.8163146e-01   2.9807104e-02   5.4831056e-01  -1.2761101e-01   5.5464858e-01   5.0744490e-03
  -5.4499050e-01   5.0571621e-02   4.6893210e-01   7.2767442e-02   5.2576423e-01   8.5360879e-02   5.6971520e-01   8.5579377e-02   6.1492121e-01   2.0678573e-02   5.1512835e-01   3.0564774e-02   5.9242892e-01   8.8388408e-02   5.2448794e-01  -7.3629144e-02   5.5792892e-01   3.1790171e-02
  -5.1456889e-01   1.3084759e-01   4.8753224e-01   1.0694962e-01   5.4671592e-01   1.5335742e-01   5.8605439e-01   1.2029485e-01   6.2084793e-01   5.1550377e-02   5.2504315e-01   7.0938285e-02   6.1205005e-01   1.2638379e-01   5.1479975e-01  -9.1484096e-03   5.6529585e-01   5.0639897e-02
  -4.6454961e-01   1.6865323e-01   5.1108585e-01   1.2061434e-01   5.7678217e-01   1.8957690e-01   6.0566895e-01   1.2675505e-01   6.3060975e-01   6.7505524e-02   5.4117164e-01   9.4138480e-02   6.3593048e-01   1.3507735e-01   5.1975322e-01   4.9411193e-02   5.7482029e-01   5.5810525e-02
  -4.1031700e-01   1.5688250e-01   5.3509542e-01   1.1148151e-01   6.0990807e-01   1.8866168e-01   6.2393991e-01   1.0345441e-01   6.4141915e-01   6.4413608e-02   5.5961656e-01   9.4731520e-02   6.5859200e-01   1.1324426e-01   5.3634619e-01   8.8915672e-02   5.8388481e-01   4.5437722e-02
  -3.6709834e-01   1.0344314e-01   5.5512064e-01   8.2389055e-02   6.3981819e-01   1.5343033e-01   6.3662738e-01   5.6643947e-02   6.5026490e-01   4.3666364e-02   5.7601246e-01   7.3380199e-02   6.7503252e-01   6.7266024e-02   5.5917526e-01   1.0238176e-01   5.8993084e-01   2.2043883e-02
  -3.4551937e-01   2.7411849e-02   5.6776684e-01   4.0395601e-02   6.6136935e-01   9.3650421e-02   6.4096166e-01  -1.6993439e-03   6.5476654e-01   1.1356547e-02   5.8668352e-01   3.6227798e-02   6.8194629e-01   9.0473645e-03   5.8206001e-01   8.9925851e-02   5.9117438e-01  -8.3789773e-03
  -3.4914266e-01  -4.7548257e-02   5.7133585e-01  -5.0911118e-03   6.7148917e-01   2.3315679e-02   6.3624610e-01  -5.7271721e-02   6.5375067e-01  -2.3731884e-02   5.8948279e-01  -7.1017651e-03   6.7838882e-01  -4.7296382e-02   5.9957641e-01   5.7829589e-02   5.8704299e-01  -3.8146615e-02
  -3.7403896e-01  -1.0057907e-01   5.6609785e-01  -4.4663471e-02   6.6964658e-01  -4.2854640e-02   6.2395264e-01  -9.7323744e-02   6.4750318e-01  -5.2704553e-02   5.8423472e-01  -4.6241468e-02   6.6587817e-01  -8.9170103e-02   6.0828586e-01   1.6272475e-02   5.7830789e-01  -6.0025706e-02
  -4.1082020e-01  -1.1954086e-01   5.5404302e-01  -7.1123170e-02   6.5765789e-01  -9.2802671e-02   6.0719160e-01  -1.1388010e-01   6.3757313e-01  -6.8971012e-02   5.7259379e-01  -7.2814227e-02   6.4780540e-01  -1.0856867e-01   6.0728422e-01  -2.3758477e-02   5.6681840e-01  -6.9129521e-02
  -4.4793697e-01  -1.0337195e-01   5.3827791e-01  -8.0821947e-02   6.3901730e-01  -1.1931071e-01   5.8983465e-01  -1.0522432e-01   6.2627719e-01  -6.9633908e-02   5.5747395e-01  -8.2186198e-02   6.2846550e-01  -1.0349549e-01   5.9804177e-01  -5.3157498e-02   5.5499204e-01  -6.3916080e-02
  -4.7519553e-01  -6.1212119e-02   5.2225280e-01  -7.4078767e-02   6.1798077e-01  -1.2087435e-01   5.7554017e-01  -7.5735361e-02   6.1607567e-01  -5.5820870e-02   5.4226173e-01  -7.4139122e-02   6.1197906e-01  -7.7822307e-02   5.8374942e-01  -6.6579472e-02   5.4521366e-01  -4.6292007e-02
