   3.0998301e-02   3.5635773e-01   2.1247010e-01   5.0066501e-01   1.0427953e-02   2.4665501e-01   1.1185869e-01   8.5740107e-01   3.5948472e-02   3.3856199e-01   1.1438945e-01   7.5069018e-01   1.1264689e-01   1.3475488e-01   1.8403482e-01   3.9900416e-01   5.5576317e-02   6.0423194e-01
   2.3539866e-02  -3.8361492e-01   3.2997751e-01   8.4581683e-01   1.0350527e-01   6.6076253e-01   2.7694006e-01   1.0000000e+00   1.2087447e-01   6.7455738e-01   2.7348209e-01   9.6107541e-01   1.6497263e-01   4.8994009e-01   3.0323575e-01   8.0675663e-01   1.8446376e-01   8.7327030e-01
  -1.8600038e-01  -8.8704612e-01   4.9026986e-01   1.0000000e+00   2.6420646e-01   9.1706932e-01   4.5227703e-01   9.8411012e-01   2.5182495e-01   8.9602853e-01   4.5480563e-01   1.0000000e+00   2.7008782e-01   7.6987155e-01   4.8102333e-01   1.0000000e+00   3.4725833e-01   1.0000000e+00
  -4.9499397e-01  -1.0000000e+00   6.6089520e-01   9.7143046e-01   4.5879818e-01   1.0000000e+00   6.1533091e-01   8.6967673e-01   4.0954224e-01   1.0000000e+00   6.3073428e-01   9.1004484e-01   4.1318870e-01   9.4655981e-01   6.7393530e-01   9.6677328e-01   5.2049037e-01   9.9861671e-01
  -7.7637340e-01  -7.2729635e-01   8.1369529e-01   7.9922035e-01   6.5384407e-01   9.2661648e-01   7.5380444e-01   7.1029328e-01   5.7505437e-01   9.9215682e-01   7.8209231e-01   7.3810422e-01   5.7547260e-01   1.0000000e+00   8.4166029e-01   7.4909523e-01   6.8432641e-01   8.9527127e-01
  -9.2872302e-01  -2.1374364e-01   9.2833840e-01   5.3210205e-01   8.2146336e-01   7.3215605e-01   8.6297096e-01   5.3756311e-01   7.3078888e-01   8.8342693e-01   8.9749403e-01   5.2104388e-01   7.3569940e-01   9.2115538e-01   9.5528541e-01   4.1763675e-01   8.2361348e-01   7.1668189e-01
  -9.0696127e-01   3.4325109e-01   9.9237935e-01   2.1266991e-01   9.4123653e-01   4.5429552e-01   9.4148696e-01   3.5965269e-01   8.6132141e-01   6.8896515e-01   9.7100301e-01   2.8211873e-01   8.7222201e-01   7.1439041e-01   1.0000000e+00   4.5264017e-02   9.2734198e-01   4.8417100e-01
  -7.2641640e-01   7.6455831e-01   1.0000000e+00  -1.2315715e-01   1.0000000e+00   1.2809275e-01   9.8806414e-01   1.7025505e-01   9.5405829e-01   4.2799756e-01   1.0000000e+00   3.5003367e-02   9.6532063e-01   3.9927911e-01   9.7427574e-01  -3.0321685e-01   9.8775024e-01   2.1469225e-01
  -4.5174012e-01   9.2492652e-01   9.5155711e-01  -4.3727149e-01   9.9175839e-01  -2.0868380e-01   1.0000000e+00  -3.6593099e-02   1.0000000e+00   1.2547387e-01   9.8404371e-01  -2.0780138e-01   1.0000000e+00   1.3841532e-02   8.8835752e-01  -5.7077128e-01   1.0000000e+00  -7.3182489e-02
  -1.7514815e-01   7.7573054e-01   8.5453354e-01  -6.8444764e-01   9.1885069e-01  -5.1012519e-01   9.7467342e-01  -2.5317324e-01   9.9492036e-01  -1.8538514e-01   9.2557112e-01  -4.2670939e-01   9.6917364e-01  -3.8427214e-01   7.6256742e-01  -7.1050539e-01   9.6305939e-01  -3.5316901e-01
   1.0390033e-02   3.6628474e-01   7.2432214e-01  -8.1931177e-01   7.9340049e-01  -7.2564227e-01   9.1241871e-01  -4.5300458e-01   9.4077705e-01  -4.6262595e-01   8.3146884e-01  -5.9258957e-01   8.7655213e-01  -7.2258053e-01   6.2447389e-01  -6.9703075e-01   8.8120897e-01  -5.8966428e-01
   4.3140276e-02  -1.6455088e-01   5.8299191e-01  -8.1185377e-01   6.3707490e-01  -8.1351368e-01   8.1948355e-01  -5.9763789e-01   8.4682601e-01  -6.6196750e-01   7.1440472e-01  -6.7345514e-01   7.3808538e-01  -9.2993779e-01   5.0336604e-01  -5.3846820e-01   7.6528244e-01  -7.4416210e-01
  -8.7633058e-02  -6.4036095e-01   4.5545141e-01  -6.5991236e-01   4.7769998e-01  -7.5550736e-01   7.0872011e-01  -6.5220477e-01   7.2894806e-01  -7.4887602e-01   5.9214214e-01  -6.4730144e-01   5.7976621e-01  -9.5822630e-01   4.2363937e-01  -2.7677139e-01   6.3209077e-01  -7.8721943e-01
  -3.3918526e-01  -9.0905544e-01   3.6438158e-01  -3.9149454e-01   3.4376250e-01  -5.6379658e-01   5.9773946e-01  -5.9916361e-01   6.0712602e-01  -7.0974281e-01   4.8473637e-01  -5.1242672e-01   4.3244264e-01  -7.9892610e-01   3.9921798e-01   2.3917778e-02   5.0194986e-01  -7.0899058e-01
  -6.3139184e-01  -8.9312564e-01   3.2550682e-01  -5.8497949e-02   2.5839368e-01  -2.7871166e-01   5.0506604e-01  -4.4642445e-01   5.0142363e-01  -5.5763940e-01   4.1032088e-01  -2.9175475e-01   3.2466890e-01  -4.8826512e-01   4.3095251e-01   2.9533638e-01   3.9476179e-01  -5.2455375e-01
  -8.7503573e-01  -6.1151636e-01   3.4447376e-01   2.7578128e-01   2.3460154e-01   4.1671801e-02   4.4557752e-01  -2.2629109e-01   4.2764112e-01  -3.2948839e-01   3.8080828e-01  -2.8617352e-02   2.7580685e-01  -9.7875380e-02   5.0758092e-01   4.8265006e-01   3.2578116e-01  -2.7130974e-01
  -1.0000000e+00  -1.6374522e-01   4.1624124e-01   5.5066172e-01   2.7329890e-01   3.3596036e-01   4.2713742e-01   1.4549813e-02   3.9430842e-01  -7.5493647e-02   3.9926033e-01   2.2470376e-01   2.9197903e-01   2.8548937e-01   6.0945075e-01   5.5403598e-01   3.0267327e-01   8.3051851e-04
  -9.7573205e-01   3.0903473e-01   5.2636277e-01   7.1889483e-01   3.6379546e-01   5.5222296e-01   4.4903587e-01   2.2747580e-01   4.0140207e-01   1.5356849e-01   4.5927402e-01   4.1950866e-01   3.6516520e-01   5.8195459e-01   7.1313541e-01   5.0237922e-01   3.2426339e-01   2.4156653e-01
  -8.1654424e-01   6.7111396e-01   6.5399140e-01   7.5307752e-01   4.8671528e-01   6.5607787e-01   5.0271855e-01   3.7270949e-01   4.4127398e-01   3.1709368e-01   5.4668692e-01   5.2048531e-01   4.7601312e-01   7.3552582e-01   7.9605935e-01   3.4261656e-01   3.8150220e-01   4.1066578e-01
  -5.7388348e-01   8.2619213e-01   7.7558770e-01   6.4971855e-01   6.1792071e-01   6.3481729e-01   5.7400064e-01   4.2638861e-01   5.0091774e-01   3.9130877e-01   6.4258979e-01   5.1162824e-01   5.9858356e-01   7.2320696e-01   8.4046914e-01   1.1002717e-01   4.5980733e-01   4.8463718e-01
  -3.2032759e-01   7.4138930e-01   8.6926141e-01   4.3254847e-01   7.3309059e-01   5.0011516e-01   6.4630397e-01   3.8628240e-01   5.6508618e-01   3.7382120e-01   7.2721739e-01   4.0065384e-01   7.0613898e-01   5.5945716e-01   8.3717345e-01  -1.4222930e-01   5.4229831e-01   4.6117896e-01
  -1.2691955e-01   4.5635773e-01   9.1949143e-01   1.4977037e-01   8.1271761e-01   2.8633783e-01   7.0479495e-01   2.7316522e-01   6.2004607e-01   2.8389322e-01   7.8452968e-01   2.1881088e-01   7.7741060e-01   2.9290525e-01   7.8831321e-01  -3.5329856e-01   6.1365589e-01   3.5932120e-01
  -4.3167386e-02   6.7078470e-02   9.2014022e-01  -1.3752207e-01   8.4562668e-01   4.2123832e-02   7.3972399e-01   1.2409255e-01   6.5650330e-01   1.5594936e-01   8.0562931e-01   1.2720898e-02   8.0091136e-01  -6.9505643e-03   7.0706149e-01  -4.7113292e-01   6.6313904e-01   2.1311341e-01
  -8.2860750e-02  -3.0561438e-01   8.7560431e-01  -3.7125182e-01   8.3092259e-01  -1.8184027e-01   7.4852975e-01  -1.9053010e-02   6.7146369e-01   2.9004681e-02   7.9068570e-01  -1.6856242e-01   7.7723552e-01  -2.6833439e-01   6.1452546e-01  -4.6896052e-01   6.8652600e-01   6.1582900e-02
  -2.2324779e-01  -5.5654599e-01   7.9880338e-01  -5.1081343e-01   7.7694517e-01  -3.4517117e-01   7.3540689e-01  -1.2233721e-01   6.6788069e-01  -6.5063542e-02   7.4792347e-01  -2.8731215e-01   7.1759594e-01  -4.3617305e-01   5.3374905e-01  -3.5261992e-01   6.8588687e-01  -6.2271686e-02
  -4.1499889e-01  -6.2575525e-01   7.0751036e-01  -5.4068172e-01   6.9839128e-01  -4.2552480e-01   7.0913891e-01  -1.6805792e-01   6.5280494e-01  -1.0915733e-01   6.9071979e-01  -3.2567043e-01   6.4003501e-01  -4.8395389e-01   4.8375741e-01  -1.5710063e-01   6.6788513e-01  -1.3869034e-01
  -5.9915846e-01  -5.1291636e-01   6.1989098e-01  -4.7127233e-01   6.1234849e-01  -4.2127246e-01   6.7991833e-01  -1.5774477e-01   6.3466289e-01  -1.0360394e-01   6.3365602e-01  -2.8809425e-01   5.6428567e-01  -4.1747475e-01   4.7488847e-01   6.4820393e-02   6.4120527e-01  -1.6390266e-01
  -7.2520350e-01  -2.7118753e-01   5.5058163e-01  -3.3280172e-01   5.3444357e-01  -3.4835505e-01   6.5625464e-01  -1.0870111e-01   6.2061813e-01  -6.3046853e-02   5.8882070e-01  -1.9691063e-01   5.0687363e-01  -2.6928761e-01   5.0684712e-01   2.5767037e-01   6.1398723e-01  -1.4778268e-01
  -7.6564999e-01   1.5172000e-02   5.0799085e-01  -1.6451302e-01   4.7581322e-01  -2.3305632e-01   6.4272093e-01  -4.5861371e-02   6.1462056e-01  -9.4596622e-03   5.6314230e-01  -8.3272285e-02   4.7739574e-01  -8.6479690e-02   5.6950755e-01   3.7799293e-01   5.9182293e-01  -1.0801879e-01
  -7.2016927e-01   2.5912836e-01   4.9395229e-01  -4.1226019e-03   4.4209719e-01  -1.0407838e-01   6.3962095e-01   7.0225502e-03   6.1701119e-01   3.5407598e-02   5.5790652e-01   2.2248446e-02   4.7759377e-01   8.2921414e-02   6.4630084e-01   4.0240739e-01   5.7715429e-01  -6.3576249e-02
  -6.1341257e-01   3.9558827e-01   5.0452081e-01   1.2032082e-01   4.3342754e-01   1.3878599e-02   6.4366749e-01   3.4270132e-02   6.2494403e-01   5.6092616e-02   5.6938008e-01   9.7048662e-02   5.0193565e-01   2.0161980e-01   7.1839882e-01   3.3132889e-01   5.6939869e-01  -2.9370566e-02
  -4.8467572e-01   3.9747094e-01   5.3214062e-01   1.9452964e-01   4.4577845e-01   1.0407807e-01   6.4984497e-01   3.1722507e-02   6.3382811e-01   4.6919183e-02   5.9080278e-01   1.3060841e-01   5.4020762e-01   2.5039641e-01   7.6921446e-01   1.8667386e-01   5.6602942e-01  -1.3059994e-02
  -3.7501721e-01   2.8028246e-01   5.6806049e-01   2.1855935e-01   4.7273130e-01   1.5939716e-01   6.5344102e-01   6.6621511e-03   6.3901653e-01   1.2729929e-02   6.1469096e-01   1.2534347e-01   5.8072496e-01   2.3053822e-01   7.8803014e-01   6.1604643e-03   5.6391136e-01  -1.4144925e-02
  -3.1501176e-01   9.3858173e-02   6.0454400e-01   2.0395716e-01   5.0733484e-01   1.8160114e-01   6.5174050e-01  -2.5812603e-02   6.3735913e-01  -3.3429661e-02   6.3496803e-01   9.3946449e-02   6.1348283e-01   1.6078404e-01   7.7215560e-01  -1.6567318e-01   5.6057881e-01  -2.5518195e-02
  -3.1610921e-01  -9.5742560e-02   6.3648702e-01   1.6843311e-01   5.4370416e-01   1.7867663e-01   6.4496780e-01  -4.8810108e-02   6.2825341e-01  -7.5025270e-02   6.4846562e-01   5.4013109e-02   6.3257989e-01   6.9923983e-02   7.2735605e-01  -2.8837096e-01   5.5514654e-01  -3.6876880e-02
  -3.6946817e-01  -2.2891327e-01   6.6184878e-01   1.2938478e-01   5.7782572e-01   1.6077602e-01   6.3595097e-01  -5.0133025e-02   6.1368913e-01  -9.7825831e-02   6.5514852e-01   2.1478236e-02   6.3698806e-01  -1.3027883e-02   6.6592916e-01  -3.3544146e-01   5.4844889e-01  -3.9034337e-02
  -4.5088262e-01  -2.7014237e-01   6.8114569e-01   9.8699495e-02   6.0761592e-01   1.3652226e-01   6.2890858e-01  -2.6517609e-02   5.9748956e-01  -9.4338545e-02   6.5733908e-01   5.6290512e-03   6.2989519e-01  -6.7043157e-02   6.0340754e-01  -3.0040140e-01   5.4255204e-01  -2.7234864e-02
  -5.3000448e-01  -2.1662362e-01   6.9623025e-01   7.9900594e-02   6.3233947e-01   1.1050313e-01   6.2775353e-01   1.5369047e-02   5.8400282e-01  -6.5789623e-02   6.5825745e-01   6.9013458e-03   6.1694010e-01  -8.3873880e-02   5.5455495e-01  -1.9744353e-01   5.3983446e-01  -2.6834094e-03
  -5.8051743e-01  -9.5671295e-02   7.0885019e-01   6.8477480e-02   6.5172231e-01   8.2789518e-02   6.3453107e-01   6.1431640e-02   5.7671143e-01  -2.1144315e-02   6.6046653e-01   1.8032954e-02   6.0403056e-01  -6.8304255e-02   5.2977320e-01  -5.6554044e-02   5.4199493e-01   2.8142753e-02
  -5.8808792e-01   4.7154994e-02   7.1950365e-01   5.5187656e-02   6.6516549e-01   5.0564314e-02   6.4851588e-01   9.5198862e-02   5.7719299e-01   2.6262208e-02   6.6476567e-01   2.7894234e-02   5.9543267e-01  -3.4373623e-02   5.3282997e-01   8.5366191e-02   5.4933027e-01   5.6012950e-02
  -5.5351061e-01   1.6397540e-01   7.2705517e-01   3.0873208e-02   6.7145839e-01   1.0994848e-02   6.6631901e-01   1.0344891e-01   5.8477390e-01   6.3070528e-02   6.6994300e-01   2.6269619e-02   5.9274758e-01   5.8067495e-04   5.6053004e-01   1.9430416e-01   5.6055504e-01   7.2210371e-02
  -4.9110229e-01   2.1913404e-01   7.2913877e-01  -9.1047039e-03   6.6906003e-01  -3.6002281e-02   6.8286047e-01   8.0627396e-02   5.9685378e-01   7.9803373e-02   6.7332219e-01   7.8709118e-03   5.9486086e-01   2.1866000e-02   6.0407792e-01   2.4725932e-01   5.7314397e-01   7.1413334e-02
  -4.2314376e-01   1.9893432e-01   7.2318199e-01  -6.2309810e-02   6.5682968e-01  -8.6232410e-02   6.9292698e-01   3.0873564e-02   6.0977706e-01   7.3397592e-02   6.7189069e-01  -2.5533221e-02   5.9877294e-01   2.1853890e-02   6.5171620e-01   2.3694479e-01   5.8408338e-01   5.3418636e-02
  -3.7229459e-01   1.1422556e-01   7.0764347e-01  -1.1942908e-01   6.3488156e-01  -1.3161068e-01   6.9283355e-01  -3.2976016e-02   6.1996802e-01   4.7728594e-02   6.6359916e-01  -6.5503887e-02   6.0095774e-01   1.7540619e-03   6.9187738e-01   1.7217477e-01   5.9078601e-01   2.3213392e-02
  -3.5463810e-01  -4.6337292e-03   6.8295396e-01  -1.6702605e-01   6.0515356e-01  -1.6230267e-01   6.8161384e-01  -9.3103404e-02   6.2494334e-01   1.2036581e-02   6.4832972e-01  -9.9656158e-02   5.9872398e-01  -2.9616718e-02   7.1591652e-01   7.4156250e-02   5.9184638e-01  -1.0595396e-02
  -3.7473110e-01  -1.1858233e-01   6.5192413e-01  -1.9182607e-01   5.7149220e-01  -1.6983871e-01   6.6150763e-01  -1.3215391e-01   6.2400857e-01  -2.2207286e-02   6.2830731e-01  -1.1588053e-01   5.9127169e-01  -5.9386875e-02   7.2004196e-01  -3.0080262e-02   5.8748453e-01  -3.8499764e-02
  -4.2528479e-01  -1.9270948e-01   6.1928627e-01  -1.8491573e-01   5.3904134e-01  -1.4994013e-01   6.3733150e-01  -1.3837668e-01   6.1826927e-01  -4.4909963e-02   6.0759689e-01  -1.0643085e-01   5.7990588e-01  -7.5324281e-02   7.0557921e-01  -1.1501072e-01   5.7940145e-01  -5.2983764e-02
  -4.9003511e-01  -2.0660548e-01   5.9071130e-01  -1.4457392e-01   5.1323382e-01  -1.0417248e-01   6.1520621e-01  -1.0902553e-01   6.1017861e-01  -5.0218108e-02   5.9106534e-01  -7.0591724e-02   5.6761668e-01  -6.9837357e-02   6.7813383e-01  -1.6266700e-01   5.7025921e-01  -5.0664078e-02
  -5.4925733e-01  -1.5942702e-01   5.7149374e-01  -7.7027289e-02   4.9860099e-01  -3.9969562e-02   6.0089320e-01  -5.1026018e-02   6.0270778e-01  -3.7871853e-02   5.8303071e-01  -1.5124708e-02   5.5810123e-01  -4.2252635e-02   6.4576063e-01  -1.6609863e-01   5.6288607e-01  -3.3089704e-02
  -5.8614224e-01  -6.8728464e-02   5.6523304e-01   4.9340964e-03   4.9768314e-01   3.0915940e-02   5.9818137e-01   2.1094036e-02   5.9839908e-01  -1.2846185e-02   5.8597479e-01   4.7518065e-02   5.5454733e-01   1.1085295e-03   6.1667626e-01  -1.2985864e-01   5.5943458e-01  -6.0846924e-03
  -5.9111150e-01   3.6588554e-02   5.7307485e-01   8.5090921e-02   5.1051788e-01   9.5052772e-02   6.0803928e-01   8.9305873e-02   5.9872023e-01   1.6591560e-02   5.9991605e-01   1.0259197e-01   5.5872823e-01   4.9168892e-02   5.9741870e-01  -6.7305629e-02   5.6086750e-01   2.2155056e-02
  -5.6473867e-01   1.2534105e-01   5.9328290e-01   1.4758707e-01   5.3446222e-01   1.4035219e-01   6.2821283e-01   1.3684821e-01   6.0361395e-01   4.1358192e-02   6.2217584e-01   1.3695066e-01   5.7033078e-01   8.9204252e-02   5.9127996e-01   3.3369509e-03   5.6664634e-01   4.3392428e-02
  -5.1624406e-01   1.7371271e-01   6.2177439e-01   1.8067468e-01   5.6487018e-01   1.5875308e-01   6.5402316e-01   1.5252691e-01   6.1168620e-01   5.4253638e-02   6.4815063e-01   1.4246186e-01   5.8711950e-01   1.1064214e-01   5.9806994e-01   6.4191529e-02   5.7502088e-01   5.1673969e-02
  -4.6044194e-01   1.7114936e-01   6.5298205e-01   1.7917553e-01   5.9601737e-01   1.4786247e-01   6.7949801e-01   1.3323442e-01   6.2063104e-01   5.1723530e-02   6.7234940e-01   1.1791608e-01   6.0547333e-01   1.0771985e-01   6.1450789e-01   1.0174903e-01   5.8351510e-01   4.4767072e-02
  -4.1305197e-01   1.2262209e-01   6.8109728e-01   1.4553207e-01   6.2231415e-01   1.1141911e-01   6.9888541e-01   8.4573999e-02   6.2791987e-01   3.4708709e-02   6.8972625e-01   6.9335999e-02   6.2132746e-01   8.1017825e-02   6.3536723e-01   1.0979481e-01   5.8963152e-01   2.4683644e-02
  -3.8600789e-01   4.5767711e-02   7.0134334e-01   8.8819528e-02   6.3947123e-01   5.8182864e-02   7.0808034e-01   1.9008741e-02   6.3153251e-01   8.0890018e-03   6.9689683e-01   8.2271648e-03   6.3123909e-01   3.7061175e-02   6.5502548e-01   9.0102192e-02   5.9154845e-01  -3.0789967e-03
  -3.8458943e-01  -3.5361643e-02   7.1085672e-01   2.2232599e-02   6.4524722e-01  -2.7068930e-04   7.0547486e-01  -4.7601555e-02   6.3045360e-01  -2.0924356e-02   6.9281997e-01  -5.1465031e-02   6.3317771e-01  -1.3675237e-02   6.6883625e-01   5.0979681e-02   5.8855597e-01  -3.1185455e-02
  -4.0636672e-01  -9.7860667e-02   7.0916865e-01  -4.0217326e-02   6.3979359e-01  -5.2289711e-02   6.9225805e-01  -1.0015513e-01   6.2491761e-01  -4.4903643e-02   6.7897741e-01  -9.6922337e-02   6.2699198e-01  -5.9622320e-02   6.7419191e-01   4.4916098e-03   5.8122979e-01  -5.2506911e-02
  -4.4281346e-01  -1.2666474e-01   6.9802426e-01  -8.7010601e-02   6.2536989e-01  -8.8748275e-02   6.7189945e-01  -1.2804566e-01   6.1624995e-01  -5.8266320e-02   6.5883129e-01  -1.1955618e-01   6.1431096e-01  -9.1156216e-02   6.7088078e-01  -3.7147205e-02   5.7120638e-01  -6.2017182e-02
  -4.8237007e-01  -1.1782376e-01   6.8075353e-01  -1.1128818e-01   6.0566152e-01  -1.0466105e-01   6.4916503e-01  -1.2721541e-01   6.0645067e-01  -5.8498080e-02   6.3689127e-01  -1.1660320e-01   5.9803554e-01  -1.0265525e-01   6.6080183e-01  -6.4511290e-02   5.6072040e-01  -5.7858524e-02
  -5.1398242e-01  -7.8545027e-02   6.6139636e-01  -1.1179440e-01   5.8489076e-01  -9.9784747e-02   6.2893238e-01  -1.0055615e-01   5.9765821e-01  -4.6515316e-02   6.1763161e-01  -9.1273784e-02   5.8160157e-01  -9.3454457e-02   6.4725046e-01  -7.2911031e-02   5.5203840e-01  -4.1578109e-02
