   2.0084043e-01   1.0894959e-01   1.4415921e-04   6.3057494e-01   1.4280524e-01   3.2920581e-01   1.6700949e-02   6.0647142e-01   4.1537044e-02   5.7461768e-01   1.5408960e-01   6.8886485e-01   1.4229335e-01   2.0037918e-01   4.8003085e-02   3.4803910e-03   9.5786192e-03   3.6207195e-01
   1.1381961e-01  -5.9364648e-01   1.7310745e-01   9.0050222e-01   2.3214775e-01   6.9258212e-01   1.4701339e-01   8.5442827e-01   1.5998355e-01   8.2137539e-01   2.8181757e-01   9.1138323e-01   2.0134836e-01   5.0278244e-01   1.0709615e-01   5.1432613e-01   1.0330845e-01   6.9501963e-01
  -1.6511325e-01  -1.0000000e+00   3.8728263e-01   1.0000000e+00   3.7266647e-01   9.2048884e-01   3.1020239e-01   9.8157577e-01   3.1079716e-01   9.6146923e-01   4.3370143e-01   1.0000000e+00   3.0595682e-01   7.4503649e-01   2.6277752e-01   8.6605040e-01   2.4488174e-01   9.0915761e-01
  -5.1217694e-01  -9.9239098e-01   6.0501405e-01   9.3687374e-01   5.3923705e-01   9.9589138e-01   4.8596783e-01   1.0000000e+00   4.7647858e-01   1.0000000e+00   5.9066307e-01   9.8037173e-01   4.4411259e-01   9.0269598e-01   4.7246262e-01   1.0000000e+00   4.1298521e-01   1.0000000e+00
  -7.9182909e-01  -6.2179920e-01   7.9386894e-01   7.4699549e-01   7.0613815e-01   9.2727626e-01   6.5649629e-01   9.2417614e-01   6.4056214e-01   9.4344292e-01   7.3750985e-01   8.7413582e-01   5.9978640e-01   9.5247442e-01   6.8732003e-01   9.1806828e-01   5.8666627e-01   9.7511873e-01
  -9.0977994e-01  -6.5148775e-02   9.3045447e-01   4.7249287e-01   8.5043534e-01   7.3637860e-01   8.0623582e-01   7.6515376e-01   7.8769352e-01   7.9904897e-01   8.6173784e-01   6.9433372e-01   7.5357303e-01   8.7825228e-01   8.6448135e-01   6.6765973e-01   7.4693248e-01   8.4866886e-01
  -8.3740639e-01   4.7799666e-01   1.0000000e+00   1.4827107e-01   9.5322765e-01   4.4758925e-01   9.2127100e-01   5.3082580e-01   9.0397132e-01   5.7717322e-01   9.5244716e-01   4.4902371e-01   8.8441199e-01   6.7674262e-01   9.7384525e-01   3.1366353e-01   8.7749993e-01   6.3707151e-01
  -6.0781723e-01   8.4616043e-01   9.9491778e-01  -1.9420886e-01   1.0000000e+00   8.8828215e-02   9.8913952e-01   2.3115149e-01   9.7760763e-01   2.9310827e-01   1.0000000e+00   1.4749323e-01   9.7199999e-01   3.6129517e-01   1.0000000e+00  -7.6342022e-02   9.6507161e-01   3.5857926e-01
  -2.9956842e-01   9.3362021e-01   9.1529149e-01  -5.1561729e-01   9.8201586e-01  -2.9876918e-01   1.0000000e+00  -1.1208894e-01   1.0000000e+00  -2.9660136e-02   9.9690698e-01  -1.9020171e-01   1.0000000e+00  -3.2841184e-02   9.4268874e-01  -4.3234710e-01   1.0000000e+00   3.7948566e-02
  -1.4569402e-02   7.1087250e-01   7.7131246e-01  -7.6482796e-01   8.9926827e-01  -6.5462080e-01   9.4959734e-01  -4.5650162e-01   9.6750794e-01  -3.5485480e-01   9.4036826e-01  -5.2360616e-01   9.6009631e-01  -4.4420439e-01   8.1722669e-01  -6.8408986e-01   9.7799558e-01  -2.8742220e-01
   1.5172627e-01   2.4831635e-01   5.8487125e-01  -8.9069349e-01   7.6328137e-01  -9.0777281e-01   8.4288754e-01  -7.4135476e-01   8.8368898e-01  -6.3355908e-01   8.3560062e-01  -7.9260619e-01   8.5603801e-01  -7.9110917e-01   6.5309356e-01  -7.7682209e-01   9.0244730e-01  -5.6764735e-01
   1.4295655e-01  -2.9908437e-01   3.8730164e-01  -8.6261907e-01   5.9703325e-01  -1.0000000e+00   6.9590773e-01  -9.0527329e-01   7.6068085e-01  -8.1484407e-01   6.9777310e-01  -9.3469340e-01   7.0539228e-01  -9.9350984e-01   4.8815053e-01  -6.9221040e-01   7.8577403e-01  -7.5164373e-01
  -3.8702120e-02  -7.5043492e-01   2.1310100e-01  -6.8366178e-01   4.3080593e-01  -9.0697393e-01   5.3387722e-01  -9.0865654e-01   6.1818315e-01  -8.6211869e-01   5.5049988e-01  -9.0875225e-01   5.3698707e-01  -1.0000000e+00   3.5931679e-01  -4.5694637e-01   6.4820907e-01  -8.0346222e-01
  -3.3510518e-01  -9.6331012e-01   9.2284619e-02  -3.9019408e-01   2.9545770e-01  -6.4657847e-01   3.8590338e-01  -7.4840762e-01   4.7986445e-01  -7.6617494e-01   4.2099240e-01  -7.1201730e-01   3.8446104e-01  -8.0592765e-01   2.9331453e-01  -1.3449627e-01   5.1398658e-01  -7.1457607e-01
  -6.5352155e-01  -8.7944978e-01   4.3910191e-02  -4.1938307e-02   2.1535833e-01  -2.7433678e-01   2.7808644e-01  -4.6075190e-01   3.6820948e-01  -5.4991814e-01   3.3345871e-01  -3.8450276e-01   2.7794730e-01  -4.5675070e-01   3.0052066e-01   1.9445086e-01   4.0603695e-01  -5.0797859e-01
  -8.9798443e-01  -5.3839373e-01   7.2718065e-02   2.9395868e-01   2.0327358e-01   1.3223406e-01   2.2747324e-01  -1.1060060e-01   2.9960863e-01  -2.6204494e-01   3.0315945e-01   1.9866132e-03   2.3681121e-01  -3.4495795e-02   3.7390004e-01   4.5519013e-01   3.4099014e-01  -2.3191102e-01
  -1.0000000e+00  -5.7113362e-02   1.6916477e-01   5.5905731e-01   2.5816037e-01   4.9397374e-01   2.3847068e-01   2.2752709e-01   2.8104471e-01   3.7178345e-02   3.3284826e-01   3.6492186e-01   2.6531083e-01   3.6643783e-01   4.9223520e-01   5.9675305e-01   3.2578640e-01   5.3935223e-02
  -9.3711001e-01   4.1813123e-01   3.1269358e-01   7.1306700e-01   3.6651004e-01   7.4657201e-01   3.0295809e-01   4.8824273e-01   3.0953677e-01   2.9136308e-01   4.1288906e-01   6.3213894e-01   3.5274296e-01   6.6361240e-01   6.2639665e-01   5.9752997e-01   3.5709194e-01   2.9362267e-01
  -7.3432171e-01   7.5436936e-01   4.7601893e-01   7.3574735e-01   5.0567344e-01   8.4831650e-01   4.0296695e-01   6.2561954e-01   3.7372372e-01   4.5747341e-01   5.2397491e-01   7.5354130e-01   4.7679832e-01   8.0065355e-01   7.4548220e-01   4.6307070e-01   4.2293743e-01   4.4466323e-01
  -4.5492954e-01   8.6434500e-01   6.2973329e-01   6.2889451e-01   6.4819300e-01   7.8649405e-01   5.1466602e-01   6.2079487e-01   4.5660012e-01   5.1283912e-01   6.4117534e-01   7.0989910e-01   6.0859932e-01   7.5710448e-01   8.2276338e-01   2.2569936e-01   5.0561391e-01   4.8536481e-01
  -1.8029061e-01   7.2879077e-01   7.4751328e-01   4.1797150e-01   7.6733582e-01   5.8177840e-01   6.1376592e-01   4.8706224e-01   5.3948583e-01   4.6002217e-01   7.3948431e-01   5.1915169e-01   7.1935018e-01   5.5367651e-01   8.4146841e-01  -5.8066868e-02   5.8587391e-01   4.1958684e-01
   1.3798773e-02   4.0075000e-01   8.1100341e-01   1.4914088e-01   8.4255152e-01   2.8546757e-01   6.8097222e-01   2.6789321e-01   6.0619615e-01   3.2639819e-01   7.9948889e-01   2.3449947e-01   7.8681523e-01   2.4852535e-01   7.9894761e-01  -3.1788484e-01   6.4728625e-01   2.7585277e-01
   7.9855493e-02  -1.1744919e-02   8.1362226e-01  -1.2105108e-01   8.6398981e-01  -3.3319341e-02   7.0661202e-01   2.5117504e-02   6.4679619e-01   1.5625198e-01   8.1221354e-01  -6.9311891e-02   8.0068922e-01  -7.7984149e-02   7.0797910e-01  -4.8901796e-01   6.8007619e-01   9.9064953e-02
   1.0480883e-02  -3.8398344e-01   7.6107910e-01  -3.4005446e-01   8.3374511e-01  -3.0670979e-01   6.9206104e-01  -1.7976274e-01   6.5916581e-01  -3.2274139e-03   7.8059630e-01  -3.1830453e-01   7.6415626e-01  -3.4659180e-01   5.9304105e-01  -5.3170804e-01   6.8266109e-01  -6.3428664e-02
  -1.6234485e-01  -6.1299029e-01   6.6919184e-01  -4.7118207e-01   7.6426793e-01  -4.8442521e-01   6.4826671e-01  -3.0201351e-01   6.4840753e-01  -1.1512600e-01   7.1782880e-01  -4.5918415e-01   6.9202749e-01  -4.9980057e-01   4.8358736e-01  -4.4165696e-01   6.6098558e-01  -1.7463317e-01
  -3.8003735e-01  -6.4724285e-01   5.5944876e-01  -5.0065477e-01   6.7431345e-01  -5.4430287e-01   5.9172562e-01  -3.2432633e-01   6.2426788e-01  -1.6188002e-01   6.4294208e-01  -4.7222801e-01   6.0584882e-01  -5.1531957e-01   4.0605621e-01  -2.4936961e-01   6.2585547e-01  -2.1669147e-01
  -5.7730651e-01  -4.9793168e-01   4.5371797e-01  -4.3817921e-01   5.8379708e-01  -4.9430604e-01   5.3934595e-01  -2.5857848e-01   5.9759901e-01  -1.4740527e-01   5.7520317e-01  -3.7320745e-01   5.2767736e-01  -4.0836878e-01   3.7722630e-01  -9.4240660e-03   5.8929302e-01  -1.9309546e-01
  -7.0163250e-01  -2.2855189e-01   3.6968722e-01  -3.1109012e-01   5.0921007e-01  -3.6563270e-01   5.0395934e-01  -1.3839081e-01   5.7716772e-01  -9.2088803e-02   5.2924989e-01  -2.0416316e-01   4.7459321e-01  -2.2270134e-01   4.0081744e-01   2.1608641e-01   5.6120886e-01  -1.2407304e-01
  -7.2775509e-01   7.0251884e-02   3.1777155e-01  -1.5478111e-01   4.6044030e-01  -2.0043641e-01   4.9137281e-01  -6.2827483e-03   5.6748218e-01  -2.3746929e-02   5.1191085e-01  -1.7921055e-02   4.5495488e-01  -1.4977794e-02   4.6747539e-01   3.7457140e-01   5.4705939e-01  -3.7940819e-02
  -6.6095204e-01   3.1078903e-01   3.0059213e-01  -3.2935095e-03   4.4018659e-01  -3.9281136e-02   5.0017928e-01   9.9371806e-02   5.6847969e-01   3.1700614e-02   5.2197250e-01   1.3737981e-01   4.6787282e-01   1.6156779e-01   5.5850217e-01   4.3405204e-01   5.4738780e-01   3.8072161e-02
  -5.3221548e-01   4.3095433e-01   3.1396913e-01   1.1693599e-01   4.4494964e-01   8.7174877e-02   5.2325424e-01   1.5307794e-01   5.7637275e-01   5.6522551e-02   5.5172324e-01   2.2857908e-01   5.0473515e-01   2.6870227e-01   6.5085554e-01   3.8768047e-01   5.5857174e-01   8.4210030e-02
  -3.8686102e-01   4.0967814e-01   3.4907642e-01   1.9100285e-01   4.6719293e-01   1.6314291e-01   5.5052812e-01   1.4739869e-01   5.8538092e-01   4.5131561e-02   5.8985478e-01   2.4381233e-01   5.5237723e-01   2.9075838e-01   7.2279336e-01   2.5340861e-01   5.7451255e-01   9.2333165e-02
  -2.6992531e-01   2.6957473e-01   3.9515530e-01   2.1649626e-01   4.9800440e-01   1.8835823e-01   5.7222595e-01   9.2968610e-02   5.8984330e-01   4.4849037e-03   6.2491288e-01   1.9300884e-01   5.9701327e-01   2.3594241e-01   7.5874168e-01   6.8499704e-02   5.8876634e-01   6.6606370e-02
  -2.1246857e-01   6.6703735e-02   4.4222380e-01   2.0183496e-01   5.2962188e-01   1.7510191e-01   5.8177493e-01   1.3670428e-02   5.8616270e-01  -4.9038427e-02   6.4848501e-01   1.0274957e-01   6.2799031e-01   1.3157202e-01   7.5270727e-01  -1.2003165e-01   5.9656090e-01   2.0867522e-02
  -2.2423586e-01  -1.2944227e-01   4.8292195e-01   1.6219921e-01   5.5697403e-01   1.4231052e-01   5.7727364e-01  -6.1722248e-02   5.7381060e-01  -9.5531386e-02   6.5693387e-01   6.7246833e-03   6.4000675e-01   1.4369396e-02   7.0896643e-01  -2.6676649e-01   5.9593853e-01  -2.6670550e-02
  -2.9214772e-01  -2.5933558e-01   5.1361243e-01   1.1416124e-01   5.7838990e-01   1.0845302e-01   5.6170561e-01  -1.0912159e-01   5.5546824e-01  -1.1851977e-01   6.5184702e-01  -6.5541499e-02   6.3394824e-01  -8.1389534e-02   6.4065227e-01  -3.3952095e-01   5.8810405e-01  -5.9780497e-02
  -3.8758098e-01  -2.9036641e-01   5.3398117e-01   7.0924440e-02   5.9485010e-01   8.5864962e-02   5.4129300e-01  -1.1586609e-01   5.3587915e-01  -1.0992775e-01   6.3849218e-01  -9.6875471e-02   6.1544004e-01  -1.3312430e-01   5.6577208e-01  -3.2623636e-01   5.7650723e-01  -6.9008183e-02
  -4.7665914e-01  -2.2416521e-01   5.4595794e-01   3.9151383e-02   6.0867439e-01   7.7561435e-02   5.2323610e-01  -8.3558659e-02   5.2026956e-01  -7.2098791e-02   6.2358993e-01  -8.6116178e-02   5.9251158e-01  -1.3482367e-01   5.0252308e-01  -2.3697975e-01   5.6546769e-01  -5.3941425e-02
  -5.3100073e-01  -9.2095041e-02   5.5220173e-01   1.8491717e-02   6.2195855e-01   7.7676783e-02   5.1338916e-01  -2.6041638e-02   5.1273869e-01  -1.6222034e-02   6.1295875e-01  -4.6074364e-02   5.7291878e-01  -9.6135450e-02   4.6492458e-01  -9.9772371e-02   5.5868437e-01  -2.2239467e-02
  -5.3659892e-01   5.7455100e-02   5.5460746e-01   3.5624253e-03   6.3518223e-01   7.4988933e-02   5.1436328e-01   3.6084055e-02   5.1496127e-01   4.1709314e-02   6.0956655e-01   2.5183059e-03   5.6172640e-01  -3.7223907e-02   4.5938733e-01   4.8037219e-02   5.5797495e-01   1.3695144e-02
  -4.9585337e-01   1.7601648e-01   5.5371244e-01  -1.2257810e-02   6.4688901e-01   5.8439220e-02   5.2516001e-01   8.2649673e-02   5.2595192e-01   8.6132778e-02   6.1310863e-01   3.9070269e-02   5.6040849e-01   1.9166086e-02   4.8416931e-01   1.7004836e-01   5.6297011e-01   4.1358586e-02
  -4.2557616e-01   2.2889957e-01   5.4875856e-01  -3.3421986e-02   6.5408068e-01   2.1959102e-02   5.4169845e-01   9.9830587e-02   5.4244870e-01   1.0620094e-01   6.2047455e-01   4.9645838e-02   5.6691584e-01   5.4616903e-02   5.3040296e-01   2.3953161e-01   5.7138889e-01   5.2003442e-02
  -3.5052346e-01   2.0447388e-01   5.3846265e-01  -6.0012183e-02   6.5338375e-01  -3.2522619e-02   5.5832824e-01   8.3946119e-02   5.5998189e-01   9.8606112e-02   6.2718055e-01   3.1064684e-02   5.7687700e-01   6.0150337e-02   5.8496877e-01   2.4517126e-01   5.7995416e-01   4.3177919e-02
  -2.9522038e-01   1.1587740e-01   5.2203039e-01  -8.7604365e-02   6.4244462e-01  -9.5148787e-02   5.6968242e-01   4.1906933e-02   5.7419465e-01   6.8038274e-02   6.2911499e-01  -8.7948693e-03   5.8533716e-01   3.7889904e-02   6.3407855e-01   1.9236095e-01   5.8554032e-01   1.9080874e-02
  -2.7617045e-01  -4.6875178e-03   5.0002590e-01  -1.0892063e-01   6.2111305e-01  -1.5104895e-01   5.7239174e-01  -1.1530104e-02   5.8209247e-01   2.5321401e-02   6.2411122e-01  -5.4256199e-02   5.8854203e-01  -7.2583053e-04   6.6679224e-01   1.0025741e-01   5.8623970e-01  -1.1170751e-02
  -2.9750925e-01  -1.1768059e-01   4.7468270e-01  -1.1660244e-01   5.9186801e-01  -1.8513348e-01   5.6598316e-01  -5.8956343e-02   5.8274160e-01  -1.6326528e-02   6.1268567e-01  -8.7727678e-02   5.8507503e-01  -3.9748515e-02   6.7730096e-01  -4.6725308e-03   5.8191419e-01  -3.6879649e-02
  -3.5063486e-01  -1.8888594e-01   4.4962891e-01  -1.0582327e-01   5.5945631e-01  -1.8674326e-01   5.5287247e-01  -8.5764518e-02   5.7733683e-01  -4.5332810e-02   5.9787227e-01  -9.5674938e-02   5.7615440e-01  -6.4260513e-02   6.6575225e-01  -9.5956360e-02   5.7416918e-01  -4.9261738e-02
  -4.1780189e-01  -1.9958980e-01   4.2910731e-01  -7.6087282e-02   5.2982557e-01  -1.5294006e-01   5.3747337e-01  -8.4429003e-02   5.6863943e-01  -5.5023001e-02   5.8421173e-01  -7.3029479e-02   5.6505110e-01  -6.5158892e-02   6.3751884e-01  -1.5362617e-01   5.6576977e-01  -4.4153264e-02
  -4.7823563e-01  -1.5085143e-01   4.1694277e-01  -3.1659590e-02   5.0869075e-01  -8.9408418e-02   5.2476094e-01  -5.6230645e-02   5.6001079e-01  -4.5028989e-02   5.7627425e-01  -2.4539198e-02   5.5588400e-01  -4.1577268e-02   6.0127381e-01  -1.6816445e-01   5.5972131e-01  -2.3033155e-02
  -5.1474142e-01  -6.1429587e-02   4.1554087e-01   1.9346186e-02   5.0011771e-01  -8.9908272e-03   5.1873831e-01  -1.0296210e-02   5.5435484e-01  -2.0745952e-02   5.7718166e-01   3.6954912e-02   5.5221211e-01  -6.1228669e-04   5.6648427e-01  -1.4149815e-01   5.5830572e-01   7.7098534e-03
  -5.1829060e-01   3.9607966e-02   4.2527709e-01   6.6938656e-02   5.0561443e-01   7.1637045e-02   5.2136934e-01   3.9612583e-02   5.5335519e-01   8.8540693e-03   5.8769139e-01   9.4609132e-02   5.5596049e-01   4.5424420e-02   5.4114282e-01  -8.4934727e-02   5.6243520e-01   3.8948296e-02
  -4.9017240e-01   1.2212650e-01   4.4430183e-01   1.0160432e-01   5.2376282e-01   1.3595557e-01   5.3206312e-01   7.9141411e-02   5.5707225e-01   3.4009113e-02   6.0588991e-01   1.3239032e-01   5.6681807e-01   8.2797099e-02   5.3002181e-01  -1.5516998e-02   5.7137252e-01   6.1492219e-02
  -4.4067322e-01   1.6406826e-01   4.6893080e-01   1.1664489e-01   5.5061644e-01   1.7156837e-01   5.4796125e-01   9.7463087e-02   5.6407018e-01   4.7054532e-02   6.2772036e-01   1.3966937e-01   5.8236564e-01   1.0051054e-01   5.3393398e-01   4.8809282e-02   5.8297373e-01   6.8761140e-02
  -3.8529619e-01   1.5685396e-01   4.9445529e-01   1.0966211e-01   5.8065732e-01   1.7278015e-01   5.6482473e-01   8.9917036e-02   5.7195108e-01   4.4319818e-02   6.4807268e-01   1.1387933e-01   5.9880535e-01   9.3196874e-02   5.5006086e-01   9.3408163e-02   5.9430838e-01   5.8436817e-02
  -3.3991656e-01   1.0690033e-01   5.1616709e-01   8.3094419e-02   6.0804885e-01   1.4166848e-01   5.7822006e-01   5.9036373e-02   5.7809823e-01   2.6940412e-02   6.6211852e-01   6.1168490e-02   6.1201689e-01   6.2485469e-02   5.7302181e-01   1.1012969e-01   6.0245919e-01   3.3022240e-02
  -3.1609210e-01   3.2495154e-02   5.3038388e-01   4.3507071e-02   6.2792818e-01   8.7170538e-02   5.8473192e-01   1.3497038e-02   5.8045542e-01   2.3829855e-04   6.6658097e-01  -5.4280248e-03   6.1869866e-01   1.6303691e-02   5.9648775e-01   9.8593954e-02   6.0531627e-01  -9.8962163e-04
  -3.1815660e-01  -4.2875958e-02   5.3517733e-01  -2.0731411e-04   6.3737062e-01   2.2408131e-02   5.8281024e-01  -3.4705132e-02   5.7808266e-01  -2.8146062e-02   6.6052589e-01  -6.9819600e-02   6.1721763e-01  -3.3702938e-02   6.1484299e-01   6.5246825e-02   6.0210684e-01  -3.5111173e-02
  -3.4264129e-01  -9.7738963e-02   5.3065833e-01  -3.8975509e-02   6.3583134e-01  -3.8604058e-02   5.7306959e-01  -7.3588663e-02   5.7136148e-01  -5.0503167e-02   6.4552168e-01  -1.1710536e-01   6.0796450e-01  -7.5413600e-02   6.2442097e-01   2.0989021e-02   5.9354956e-01  -6.1157462e-02
  -3.8016349e-01  -1.1912176e-01   5.1876338e-01  -6.5749247e-02   6.2499629e-01  -8.4426193e-02   5.5797882e-01  -9.4513571e-02   5.6180821e-01  -6.1312754e-02   6.2510893e-01  -1.3756479e-01   5.9314323e-01  -9.9627759e-02   6.2415769e-01  -2.2287686e-02   5.8159298e-01  -7.3486219e-02
  -4.1880908e-01  -1.0500969e-01   5.0263847e-01  -7.6762081e-02   6.0812712e-01  -1.0825631e-01   5.4108989e-01  -9.3896279e-02   5.5158885e-01  -5.8395333e-02   6.0381562e-01  -1.2845899e-01   5.7609412e-01  -1.0196603e-01   6.1541639e-01  -5.4606524e-02   5.6885686e-01  -7.0096601e-02
  -4.4778411e-01  -6.3875704e-02   4.8585471e-01  -7.2014542e-02   5.8918795e-01  -1.0884043e-01   5.2610466e-01  -7.3654172e-02   5.4293321e-01  -4.3189979e-02   5.8603786e-01  -9.4164886e-02   5.6043551e-01  -8.3543513e-02   6.0135480e-01  -7.0033306e-02   5.5797465e-01  -5.2838555e-02
