   1.6282817e-01   2.0744218e-01   2.0743902e-01   4.6536586e-02   7.5179405e-02   3.4950978e-01   1.5196621e-01   9.2602911e-01   2.0059474e-02   3.1657477e-01   7.2812232e-02   6.1212093e-01   1.1678641e-01   7.2034302e-01   5.0511853e-02   5.2153467e-01   7.5570325e-02   1.1718024e-01
   1.0694387e-01  -4.9467815e-01   2.5594531e-01   5.3145099e-01   1.7921749e-01   7.3702517e-01   3.1857533e-01   1.0000000e+00   1.0132883e-01   6.4610936e-01   2.0292786e-01   8.7292251e-01   2.6176402e-01   9.3421543e-01   2.2144802e-01   8.7623889e-01   1.2700670e-01   5.0893002e-01
  -1.6079098e-01  -9.4209223e-01   3.7055426e-01   8.5721017e-01   3.4030513e-01   9.5544352e-01   4.8506657e-01   9.3616752e-01   2.2895601e-01   8.7297706e-01   3.6617323e-01   9.9748273e-01   4.3052074e-01   1.0000000e+00   4.4995471e-01   1.0000000e+00   2.3267923e-01   7.9179528e-01
  -5.2082363e-01  -1.0000000e+00   5.2305040e-01   1.0000000e+00   5.2576468e-01   1.0000000e+00   6.3386355e-01   8.0337059e-01   3.8522300e-01   9.9072941e-01   5.4010223e-01   1.0000000e+00   5.9994885e-01   9.4785305e-01   6.8048190e-01   8.9975054e-01   3.7411424e-01   9.5517098e-01
  -8.3284206e-01  -6.9092375e-01   6.8451615e-01   9.7247242e-01   7.0518332e-01   8.9675898e-01   7.5807518e-01   6.5400036e-01   5.5199285e-01   1.0000000e+00   7.0533080e-01   8.9970855e-01   7.5259994e-01   8.1028370e-01   8.6595868e-01   6.3468360e-01   5.3214706e-01   1.0000000e+00
  -9.9021955e-01  -1.6727066e-01   8.2985633e-01   8.0615244e-01   8.5443809e-01   6.8384935e-01   8.5718022e-01   5.1015226e-01   7.1166957e-01   9.0679165e-01   8.4562656e-01   7.1359414e-01   8.7594295e-01   6.1120810e-01   9.7640037e-01   2.8334415e-01   6.8837269e-01   9.3438672e-01
  -9.5017098e-01   3.7875004e-01   9.3939135e-01   5.3477773e-01   9.5638713e-01   3.9631249e-01   9.3204309e-01   3.6666994e-01   8.4813183e-01   7.2276364e-01   9.4747626e-01   4.5636807e-01   9.6076362e-01   3.6539754e-01   1.0000000e+00  -8.2435924e-02   8.2605300e-01   7.7050611e-01
  -7.3616105e-01   7.8033676e-01   9.9883608e-01   1.9231030e-01   1.0000000e+00   6.5520202e-02   9.8116123e-01   2.0483510e-01   9.4765832e-01   4.6543884e-01   1.0000000e+00   1.4534453e-01   1.0000000e+00   8.4975583e-02   9.4073686e-01  -4.0222364e-01   9.3067322e-01   5.2456648e-01
  -4.2235870e-01   9.2181698e-01   1.0000000e+00  -1.7821925e-01   9.8045787e-01  -2.7194592e-01   1.0000000e+00   1.0381203e-02   1.0000000e+00   1.5921446e-01   9.9605556e-01  -1.9262583e-01   9.8914071e-01  -2.1136477e-01   8.1603085e-01  -6.2299744e-01   9.9087075e-01   2.2030880e-01
  -1.1214786e-01   7.6046010e-01   9.4284970e-01  -5.1864007e-01   9.0082234e-01  -5.6808424e-01   9.8310475e-01  -2.1149924e-01   9.9969971e-01  -1.6199314e-01   9.3437457e-01  -5.1562410e-01   9.2802049e-01  -4.9111690e-01   6.5476699e-01  -7.0348600e-01   1.0000000e+00  -1.0633785e-01
   9.2478988e-02   3.5112146e-01   8.3752041e-01  -7.6418877e-01   7.7384296e-01  -7.6963837e-01   9.2800889e-01  -4.3079324e-01   9.4779212e-01  -4.5422047e-01   8.2214260e-01  -7.6881583e-01   8.2329121e-01  -7.0871081e-01   4.9289254e-01  -6.2908947e-01   9.5819227e-01  -4.0720623e-01
   1.2622489e-01  -1.6634398e-01   7.0375681e-01  -8.6454840e-01   6.2139121e-01  -8.3560897e-01   8.3890575e-01  -6.0293130e-01   8.5302036e-01  -6.7102855e-01   6.7617126e-01  -8.9919349e-01   6.8975283e-01  -8.1863055e-01   3.6530969e-01  -4.2265875e-01   8.7371745e-01  -6.3162460e-01
  -1.9071726e-02  -6.2075853e-01   5.6702085e-01  -8.0082856e-01   4.7058988e-01  -7.5237735e-01   7.2749766e-01  -6.8677859e-01   7.3114364e-01  -7.7608852e-01   5.2085355e-01  -8.7423463e-01   5.4876947e-01  -7.9242716e-01   2.9745538e-01  -1.3921427e-01   7.6216954e-01  -7.4057341e-01
  -2.9370070e-01  -8.6974423e-01   4.5291775e-01  -5.8993587e-01   3.4811723e-01  -5.3819298e-01   6.1112228e-01  -6.5943502e-01   6.0232227e-01  -7.5422237e-01   3.8346024e-01  -6.9445912e-01   4.2427116e-01  -6.3003791e-01   2.9942501e-01   1.5105554e-01   6.4368633e-01  -7.1774610e-01
  -6.0915188e-01  -8.4472662e-01   3.8176804e-01  -2.7918588e-01   2.7459610e-01  -2.3842969e-01   5.0881354e-01  -5.2476111e-01   4.8707043e-01  -6.1682972e-01   2.8807670e-01  -3.9610607e-01   3.3750575e-01  -3.6254737e-01   3.6480584e-01   3.8294845e-01   5.3882284e-01  -5.7471860e-01
  -8.6879779e-01  -5.7037767e-01   3.6454985e-01   6.5810758e-02   2.6045570e-01   8.5876920e-02   4.3662480e-01  -3.1305368e-01   4.0191593e-01  -3.9936821e-01   2.4996440e-01  -4.2811743e-02   3.0208444e-01  -4.5407160e-02   4.7391836e-01   5.1293367e-01   4.6414999e-01  -3.4860542e-01
  -1.0000000e+00  -1.4703043e-01   4.0122597e-01   3.7763597e-01   3.0440886e-01   3.7347610e-01   4.0382111e-01  -7.0537486e-02   3.5615684e-01  -1.5048488e-01   2.7223906e-01   2.9241596e-01   3.2097582e-01   2.5706517e-01   6.0010035e-01   5.2553901e-01   4.2887286e-01  -9.1223657e-02
  -9.7236844e-01   2.9164927e-01   4.8173944e-01   6.0003021e-01   3.9475983e-01   5.7473998e-01   4.1154033e-01   1.5407498e-01   3.5093238e-01   8.0659296e-02   3.4606962e-01   5.4492696e-01   3.8656971e-01   4.8720842e-01   7.1580791e-01   4.2808738e-01   4.3374914e-01   1.4415629e-01
  -8.0415399e-01   6.2030602e-01   5.8834245e-01   6.9666084e-01   5.1210689e-01   6.5894288e-01   4.5299844e-01   3.1972398e-01   3.7976163e-01   2.5439956e-01   4.5297576e-01   6.7093945e-01   4.8256865e-01   6.0504753e-01   7.9742559e-01   2.4485231e-01   4.7152329e-01   3.1402773e-01
  -5.5145242e-01   7.5353584e-01   6.9945112e-01   6.5601429e-01   6.3341447e-01   6.1749520e-01   5.1568081e-01   4.0022831e-01   4.3090284e-01   3.4688063e-01   5.6931985e-01   6.5389359e-01   5.8786522e-01   5.9439149e-01   8.2874036e-01   1.3422638e-02   5.2936929e-01   3.9223785e-01
  -2.9094627e-01   6.6488563e-01   7.9384987e-01   4.9513257e-01   7.3626198e-01   4.6631636e-01   5.8427060e-01   3.9001276e-01   4.9023719e-01   3.5419431e-01   6.7116483e-01   5.0780157e-01   6.8085184e-01   4.6657242e-01   8.0392928e-01  -2.1670681e-01   5.9198886e-01   3.7504239e-01
  -9.6950951e-02   3.9514266e-01   8.5531561e-01   2.5783764e-01   8.0341982e-01   2.4425775e-01   6.4446143e-01   3.0672322e-01   5.4473592e-01   2.9331084e-01   7.3956108e-01   2.7576213e-01   7.4423757e-01   2.5978190e-01   7.2975943e-01  -3.9192149e-01   6.4537539e-01   2.8224623e-01
  -1.8505770e-02   3.7135897e-02   8.7619810e-01   2.5880460e-03   8.2645363e-01   3.3139523e-03   6.8664186e-01   1.8500426e-01   5.8561253e-01   1.9581840e-01   7.6485250e-01   1.8485313e-02   7.6906205e-01   2.8824096e-02   6.2476335e-01  -4.6987718e-01   6.8024442e-01   1.5025172e-01
  -6.7342916e-02  -2.9629088e-01   8.5826356e-01  -2.1399075e-01   8.0671748e-01  -2.0505964e-01   7.0761846e-01   6.4475842e-02   6.0972907e-01   9.7273623e-02   7.4805952e-01  -2.0244288e-01   7.5603432e-01  -1.7036070e-01   5.1482520e-01  -4.3315982e-01   6.9359621e-01   2.0169732e-02
  -2.1631421e-01  -5.0944514e-01   8.1129691e-01  -3.5219132e-01   7.5414974e-01  -3.4317200e-01   7.1050723e-01  -2.3267964e-02   6.1943298e-01   2.5725435e-02   6.9973714e-01  -3.4156898e-01   7.1452868e-01  -2.9646220e-01   4.2626404e-01  -2.9531798e-01   6.8859037e-01  -7.4879726e-02
  -4.1170547e-01  -5.5178306e-01   7.4951655e-01  -3.9709797e-01   6.8378248e-01  -3.9458814e-01   7.0243634e-01  -6.3257161e-02   6.2053109e-01  -5.6090300e-03   6.3605600e-01  -3.7975173e-01   6.5900938e-01  -3.3223017e-01   3.7893241e-01  -9.5503125e-02   6.7242514e-01  -1.1804128e-01
  -5.9178981e-01  -4.2960512e-01   6.8746513e-01  -3.5908991e-01   6.1159367e-01  -3.6529751e-01   6.9145234e-01  -5.9550743e-02   6.1963416e-01  -9.1685566e-05   5.7402424e-01  -3.2604163e-01   6.0466443e-01  -2.8615475e-01   3.8147276e-01   1.1391098e-01   6.5350342e-01  -1.1100464e-01
  -7.0629718e-01  -1.9779559e-01   6.3640371e-01  -2.6679033e-01   5.5072849e-01  -2.7831671e-01   6.8357590e-01  -3.0640760e-02   6.2167412e-01   2.6456289e-02   5.2709929e-01  -2.1091924e-01   5.6341490e-01  -1.8609716e-01   4.2997842e-01   2.8243713e-01   6.3871153e-01  -6.9973051e-02
  -7.3004967e-01   6.2932008e-02   6.0225251e-01  -1.5563075e-01   5.0913971e-01  -1.6447513e-01   6.8107249e-01  -4.2696971e-04   6.2842855e-01   5.3221383e-02   5.0245918e-01  -7.4559953e-02   5.4147984e-01  -6.8330422e-02   5.1001455e-01   3.7393955e-01   6.3168806e-01  -1.7886187e-02
  -6.6738360e-01   2.7272539e-01   5.8542689e-01  -5.6709721e-02   4.8901565e-01  -5.3226527e-02   6.8234532e-01   1.1036726e-02   6.3833487e-01   6.1897318e-02   5.0038773e-01   4.5076725e-02   5.3890301e-01   3.3440141e-02   6.0095842e-01   3.7325557e-01   6.3240737e-01   2.3618492e-02
  -5.4765340e-01   3.7492424e-01   5.8220235e-01   1.0717438e-02   4.8770227e-01   3.3957927e-02   6.8319397e-01  -5.9469502e-03   6.4739375e-01   4.2153965e-02   5.1548374e-01   1.2126305e-01   5.5074330e-01   9.6188050e-02   6.8120871e-01   2.8709212e-01   6.3790342e-01   4.0243315e-02
  -4.1408701e-01   3.5009007e-01   5.8692689e-01   4.2076736e-02   4.9956569e-01   8.6932468e-02   6.7887063e-01  -4.8057970e-02   6.5076892e-01  -5.5783293e-03   5.3910506e-01   1.4358840e-01   5.6935480e-01   1.1190862e-01   7.3308282e-01   1.4069274e-01   6.4374970e-01   2.8289133e-02
  -3.0963855e-01   2.1890604e-01   5.9430202e-01   4.5822781e-02   5.1815716e-01   1.0696818e-01   6.6620983e-01  -1.0056390e-01   6.4458414e-01  -7.0403117e-02   5.6228616e-01   1.1853412e-01   5.8703808e-01   8.7758401e-02   7.4649459e-01  -2.8588667e-02   6.4579610e-01  -5.2781450e-03
  -2.6383372e-01   3.3070573e-02   6.0112712e-01   3.8324253e-02   5.3814120e-01   1.0398185e-01   6.4517115e-01  -1.4277849e-01   6.2742836e-01  -1.3439581e-01   5.7838621e-01   6.5481737e-02   5.9837992e-01   4.2040382e-02   7.2087632e-01  -1.8003281e-01   6.4167721e-01  -4.5930525e-02
  -2.8482330e-01  -1.4349223e-01   6.0702074e-01   3.6880045e-02   5.5647680e-01   9.1648128e-02   6.1920548e-01  -1.5578189e-01   6.0105595e-01  -1.7847257e-01   5.8469010e-01   9.0558164e-03   6.0158211e-01  -3.0221567e-03   6.6481290e-01  -2.7917609e-01   6.3160158e-01  -7.7093008e-02
  -3.5887470e-01  -2.5578868e-01   6.1402134e-01   5.3246150e-02   5.7261226e-01   8.2089960e-02   5.9431884e-01  -1.2943464e-01   5.7004722e-01  -1.8859803e-01   5.8256080e-01  -2.9405603e-02   5.9844600e-01  -2.9090279e-02   5.9351806e-01  -3.0591285e-01   6.1819446e-01  -8.6020368e-02
  -4.5674116e-01  -2.7417676e-01   6.2531647e-01   8.9461488e-02   5.8777792e-01   8.1733970e-02   5.7719119e-01  -6.6279113e-02   5.4056730e-01  -1.6021423e-01   5.7626065e-01  -3.8411482e-02   5.9315930e-01  -2.7498175e-02   5.2480699e-01  -2.5889400e-01   6.0551295e-01  -6.8045941e-02
  -5.4435209e-01  -2.0138096e-01   6.4354993e-01   1.3702214e-01   6.0370429e-01   8.9498525e-02   5.7297672e-01   1.8870209e-02   5.1863157e-01  -9.9518895e-02   5.7095323e-01  -1.8977489e-02   5.9038417e-01  -1.3044095e-03   4.7457010e-01  -1.5493106e-01   5.9759855e-01  -2.7899821e-02
  -5.9376214e-01  -6.8285087e-02   6.6933887e-01   1.7970328e-01   6.2130810e-01   9.7923327e-02   5.8359251e-01   1.0344825e-01   5.0849121e-01  -2.1276166e-02   5.7068818e-01   1.7267259e-02   5.9340779e-01   3.6913306e-02   4.5309331e-01  -2.3555491e-02   5.9711973e-01   2.2263643e-02
  -5.9162571e-01   7.8244053e-02   7.0036974e-01   1.9905550e-01   6.3973620e-01   9.6618199e-02   6.0688112e-01   1.6404912e-01   5.1149892e-01   5.5687429e-02   5.7689677e-01   5.3133444e-02   6.0283782e-01   7.0173578e-02   4.6283188e-01   1.0142189e-01   6.0444358e-01   6.7068113e-02
  -5.4171535e-01   1.9150102e-01   7.3163751e-01   1.8096297e-01   6.5629811e-01   7.6900003e-02   6.3716505e-01   1.8348162e-01   5.2594044e-01   1.1389353e-01   5.8805806e-01   7.2376202e-02   6.1645264e-01   8.3388070e-02   4.9860920e-01   1.9071287e-01   6.1757570e-01   9.2972190e-02
  -4.6241897e-01   2.3847622e-01   7.5657289e-01   1.2087515e-01   6.6714904e-01   3.5621683e-02   6.6673409e-01   1.5570335e-01   5.4762706e-01   1.4163345e-01   6.0032655e-01   6.5023044e-02   6.2996452e-01   6.8356741e-02   5.4949148e-01   2.2621436e-01   6.3277829e-01   9.2273599e-02
  -3.8009964e-01   2.0862089e-01   7.6883432e-01   2.6343203e-02   6.6854432e-01  -2.2845340e-02   6.8795395e-01   8.7736442e-02   5.7110730e-01   1.3570282e-01   6.0892459e-01   3.0561364e-02   6.3848097e-01   2.6517642e-02   6.0193781e-01   2.0449047e-01   6.4570913e-01   6.5331281e-02
  -3.2056437e-01   1.1569645e-01   7.6421274e-01  -8.4169219e-02   6.5822371e-01  -8.7234906e-02   6.9539209e-01  -2.0603375e-03   5.9113523e-01   1.0177147e-01   6.0982318e-01  -2.1903547e-02   6.3817795e-01  -3.1350251e-02   6.4331783e-01   1.3643911e-01   6.5272388e-01   2.0385211e-02
  -3.0092514e-01  -8.2096521e-03   7.4208681e-01  -1.8627252e-01   6.3646970e-01  -1.4263464e-01   6.8739341e-01  -8.9374551e-02   6.0403469e-01   5.2103219e-02   6.0122582e-01  -7.6792884e-02   6.2769857e-01  -8.8649950e-02   6.6500263e-01   4.3140598e-02   6.5198811e-01  -2.9183308e-02
  -3.2541315e-01  -1.2365927e-01   7.0575911e-01  -2.5621534e-01   6.0631750e-01  -1.7483235e-01   6.6641109e-01  -1.5072446e-01   6.0840097e-01   1.6559692e-03   5.8417390e-01  -1.1704537e-01   6.0863123e-01  -1.2811601e-01   6.6389437e-01  -5.0269389e-02   6.4391082e-01  -6.8926877e-02
  -3.8444557e-01  -1.9670939e-01   6.6191376e-01  -2.7755268e-01   5.7308728e-01  -1.7467482e-01   6.3839060e-01  -1.7032808e-01   6.0527080e-01  -3.6427732e-02   5.6243352e-01  -1.2964209e-01   5.8524991e-01  -1.3732355e-01   6.4279956e-01  -1.2139087e-01   6.3104052e-01  -8.7762026e-02
  -4.5896860e-01  -2.0859689e-01   6.1897440e-01  -2.4518726e-01   5.4309668e-01  -1.4062127e-01   6.1097104e-01  -1.4402267e-01   5.9743845e-01  -5.4191157e-02   5.4134242e-01  -1.0941866e-01   5.6324728e-01  -1.1224584e-01   6.0895011e-01  -1.5562632e-01   6.1719388e-01  -8.0943136e-02
  -5.2666999e-01  -1.6011507e-01   5.8517530e-01  -1.6644388e-01   5.2218225e-01  -7.9236467e-02   5.9143296e-01  -7.9982801e-02   5.8846592e-01  -5.0438379e-02   5.2633181e-01  -6.0450234e-02   5.4818926e-01  -5.8311513e-02   5.7183301e-01  -1.4888610e-01   6.0635502e-01  -5.1111280e-02
  -5.6861701e-01  -6.9638501e-02   5.6674735e-01  -5.8886067e-02   5.1435531e-01  -3.4900965e-03   5.8484632e-01   4.0219568e-03   5.8160849e-01  -3.0179639e-02   5.2146019e-01   5.3406596e-03   5.4404330e-01   1.1323029e-02   5.4072224e-01  -1.0734904e-01   6.0159123e-01  -7.1471542e-03
  -5.7497391e-01   3.3672780e-02   5.6645943e-01   5.4234333e-02   5.2077856e-01   7.0523137e-02   5.9269055e-01   8.5785507e-02   5.7886175e-01  -2.5151601e-03   5.2821478e-01   7.1626195e-02   5.5202360e-01   7.9515068e-02   5.2231389e-01  -4.4936562e-02   6.0416985e-01   3.8585438e-02
  -5.4659776e-01   1.1961449e-01   5.8331354e-01   1.4968511e-01   5.3967088e-01   1.2753156e-01   6.1278165e-01   1.4467241e-01   5.8062258e-01   2.2499870e-02   5.4526711e-01   1.2224543e-01   5.7043662e-01   1.2983017e-01   5.1957006e-01   2.1081417e-02   6.1337984e-01   7.3839008e-02
  -4.9411701e-01   1.6542079e-01   6.1289295e-01   2.0935658e-01   5.6673275e-01   1.5652845e-01   6.3990183e-01   1.6666425e-01   5.8572737e-01   3.6661882e-02   5.6879713e-01   1.4523680e-01   5.9509925e-01   1.5059534e-01   5.3135045e-01   7.4427303e-02   6.2676296e-01   8.9623441e-02
  -4.3404536e-01   1.6178504e-01   6.4853274e-01   2.2406645e-01   5.9620078e-01   1.5318864e-01   6.6725335e-01   1.4764460e-01   5.9195859e-01   3.5791460e-02   5.9350300e-01   1.3578542e-01   6.2043750e-01   1.3772287e-01   5.5313908e-01   1.0368503e-01   6.4083789e-01   8.2443235e-02
  -3.8346938e-01   1.1436736e-01   6.8293571e-01   1.9500721e-01   6.2220743e-01   1.2054103e-01   6.8825626e-01   9.3930430e-02   5.9681522e-01   2.0577876e-02   6.1396436e-01   9.7148817e-02   6.4090736e-01   9.5417871e-02   5.7853721e-01   1.0457805e-01   6.5206621e-01   5.4922117e-02
  -3.5525365e-01   4.0742892e-02   7.0974932e-01   1.3258876e-01   6.4003903e-01   6.7787439e-02   6.9812659e-01   2.0057279e-02   5.9826865e-01  -4.0483775e-03   6.2592109e-01   3.9395426e-02   6.5228836e-01   3.4674875e-02   6.0099872e-01   8.0178208e-02   6.5774234e-01   1.4732885e-02
  -3.5462208e-01  -3.5662768e-02   7.2487055e-01   5.3327387e-02   6.4711125e-01   7.7762745e-03   6.9500484e-01  -5.5324438e-02   5.9536066e-01  -3.0613473e-02   6.2726155e-01  -2.3445474e-02   6.5265087e-01  -2.9795072e-02   6.1547060e-01   3.9432054e-02   6.5666228e-01  -2.7670862e-02
  -3.7853543e-01  -9.3232115e-02   7.2705013e-01  -2.4714042e-02   6.4331444e-01  -4.6406513e-02   6.8018604e-01  -1.1459653e-01   5.8841521e-01  -5.1531798e-02   6.1835190e-01  -7.7280705e-02   6.4262720e-01  -8.3599875e-02   6.1944113e-01  -5.8781807e-03   6.4931330e-01  -6.2064820e-02
  -4.1748078e-01  -1.1812360e-01   7.1778730e-01  -8.6140250e-02   6.3076562e-01  -8.4423761e-02   6.5756472e-01  -1.4539420e-01   5.7887260e-01  -6.1207208e-02   6.0174098e-01  -1.1133013e-01   6.2504701e-01  -1.1607788e-01   6.1321811e-01  -4.4347928e-02   6.3762300e-01  -8.0993271e-02
  -4.5887442e-01  -1.0737681e-01   7.0063766e-01  -1.2129130e-01   6.1309464e-01  -1.0069518e-01   6.3250781e-01  -1.4311808e-01   5.6883989e-01  -5.7367457e-02   5.8138572e-01  -1.2032792e-01   6.0409572e-01  -1.2243758e-01   5.9950384e-01  -6.7657403e-02   6.2438020e-01  -8.1347385e-02
  -4.9103207e-01  -6.8635418e-02   6.8015401e-01  -1.2761394e-01   5.9446796e-01  -9.5087431e-02   6.1046177e-01  -1.1132762e-01   5.6049705e-01  -4.1385974e-02   5.6161962e-01  -1.0517115e-01   5.8423149e-01  -1.0426929e-01   5.8244904e-01  -7.2224249e-02   6.1249276e-01  -6.4711875e-02
