   2.0750953e-01   4.6426907e-01   7.1866909e-02   6.8038538e-01   7.1647985e-02   3.4237256e-01   1.3282577e-01   3.0199721e-01   1.9885193e-02   1.6887711e-01   4.5448891e-02   3.7393457e-02   1.0118296e-01   8.5198060e-01   1.6283661e-01   2.5779604e-01   8.0545506e-02   1.1399017e-02
   2.4322124e-01  -2.6502285e-01   2.3833494e-01   9.2519579e-01   1.6760479e-01   7.0809656e-01   1.9249980e-01   4.8793666e-01   7.6992508e-02   5.3009994e-01   8.3460833e-02   3.9077335e-01   2.9287175e-01   1.0000000e+00   2.6033467e-01   7.2036941e-01   1.1492972e-01   4.1695995e-01
   2.9234608e-02  -8.0885213e-01   4.3738985e-01   1.0000000e+00   3.1657009e-01   9.3045980e-01   2.7494363e-01   6.1550247e-01   1.8351050e-01   7.8788372e-01   1.7807032e-01   6.8329309e-01   4.9431227e-01   9.5891321e-01   4.2824435e-01   9.7605002e-01   2.0447037e-01   7.2121845e-01
  -3.2835260e-01  -1.0000000e+00   6.3547012e-01   9.2101896e-01   4.9158120e-01   1.0000000e+00   3.7424193e-01   7.1890851e-01   3.2294127e-01   9.4331252e-01   3.1665787e-01   8.9184865e-01   6.7428212e-01   8.0116865e-01   6.2311786e-01   1.0000000e+00   3.3268571e-01   9.1572209e-01
  -6.8450546e-01  -8.0987986e-01   8.0523112e-01   7.3011331e-01   6.6650651e-01   9.3393298e-01   4.8791540e-01   8.0821705e-01   4.7925192e-01   1.0000000e+00   4.8264686e-01   9.9443006e-01   8.1644545e-01   5.9645965e-01   8.0250809e-01   8.2547748e-01   4.8246783e-01   1.0000000e+00
  -9.1227696e-01  -3.5481728e-01   9.2856014e-01   4.7199301e-01   8.1960606e-01   7.6101047e-01   6.1279509e-01   8.6467569e-01   6.3689580e-01   9.6044144e-01   6.5594911e-01   9.7356516e-01   9.1640845e-01   3.9072284e-01   9.3424511e-01   5.2001616e-01   6.3695573e-01   9.7721668e-01
  -9.4480064e-01   1.8183761e-01   9.9520799e-01   1.7775790e-01   9.3411762e-01   5.0628268e-01   7.4142155e-01   8.5154252e-01   7.8078897e-01   8.2848751e-01   8.1425435e-01   8.2218818e-01   9.7632439e-01   2.0280891e-01   1.0000000e+00   1.5505978e-01   7.7996045e-01   8.5271317e-01
  -7.8492814e-01   6.2949743e-01   1.0000000e+00  -1.3150884e-01   9.9721038e-01   1.9005310e-01   8.6058525e-01   7.3240402e-01   8.9680533e-01   6.1302884e-01   9.3532090e-01   5.4895575e-01   1.0000000e+00   3.2937385e-02   9.9449928e-01  -2.0642367e-01   8.9635022e-01   6.3561842e-01
  -4.9248663e-01   8.5944235e-01   9.4222887e-01  -4.3102735e-01   1.0000000e+00  -1.6201757e-01   9.5281230e-01   4.8791967e-01   9.7279682e-01   3.3014409e-01   1.0000000e+00   1.8106060e-01   9.9040519e-01  -1.2626406e-01   9.2404315e-01  -5.0657967e-01   9.7293102e-01   3.4233441e-01
  -1.6618530e-01   8.0253713e-01   8.2752474e-01  -6.8261109e-01   9.3955210e-01  -5.0753756e-01   1.0000000e+00   1.3228692e-01   1.0000000e+00   7.4107572e-03   9.9575852e-01  -2.3162966e-01   9.4922909e-01  -2.7775359e-01   8.0583804e-01  -6.9164948e-01   1.0000000e+00   3.0456685e-03
   8.5198740e-02   4.7801102e-01   6.7040992e-01  -8.3964187e-01   8.2217960e-01  -7.8750502e-01   9.8934388e-01  -2.7820150e-01   9.7530236e-01  -3.1218001e-01   9.2085365e-01  -6.1689507e-01   8.7888516e-01  -4.1051401e-01   6.6620848e-01  -7.2404740e-01   9.7395516e-01  -3.3415924e-01
   1.7822663e-01  -3.4252907e-03   4.9421207e-01  -8.6565212e-01   6.6503397e-01  -9.4336486e-01   9.1885212e-01  -6.5777988e-01   9.0337726e-01  -5.7567134e-01   7.8709803e-01  -8.9443961e-01   7.8538811e-01  -5.0151857e-01   5.3576169e-01  -5.9932042e-01   8.9961802e-01  -6.1061901e-01
   8.3307171e-02  -4.7953170e-01   3.2718397e-01  -7.5054715e-01   4.9406300e-01  -9.3851231e-01   7.9979158e-01  -9.1882558e-01   7.9721609e-01  -7.3452037e-01   6.1926560e-01  -1.0000000e+00   6.7979854e-01  -5.2603255e-01   4.4218767e-01  -3.5154906e-01   7.9069030e-01  -7.7333327e-01
  -1.6711798e-01  -7.9686907e-01   1.9651595e-01  -5.1449944e-01   3.3878107e-01  -7.7071048e-01   6.5479086e-01  -1.0000000e+00   6.7613954e-01  -7.6012271e-01   4.5029136e-01  -9.0686935e-01   5.7738280e-01  -4.6901346e-01   4.0359877e-01  -4.2954909e-02   6.6756134e-01  -7.9119228e-01
  -4.9199959e-01  -8.6089083e-01   1.2264467e-01  -2.0233858e-01   2.2589759e-01  -4.7312310e-01   5.1242438e-01  -8.8489723e-01   5.6174509e-01  -6.5367273e-01   3.1367047e-01  -6.3619450e-01   4.9474984e-01  -3.3335694e-01   4.2481052e-01   2.5442975e-01   5.5305612e-01  -6.6505760e-01
  -7.9036308e-01  -6.6483541e-01   1.1524309e-01   1.2753688e-01   1.7355485e-01  -1.0606092e-01   3.9996699e-01  -6.0697487e-01   4.7294072e-01  -4.4692977e-01   2.3523053e-01  -2.5278091e-01   4.4580948e-01  -1.4260173e-01   4.9728966e-01   4.7792238e-01   4.6724373e-01  -4.2899170e-01
  -9.7569476e-01  -2.8492769e-01   1.7189925e-01   4.1760922e-01   1.8780505e-01   2.5939864e-01   3.3663091e-01  -2.3663777e-01   4.2170956e-01  -1.9172002e-01   2.2697052e-01   1.5464867e-01   4.3800436e-01   6.5270009e-02   6.0243719e-01   5.8746919e-01   4.2288442e-01  -1.3991940e-01
  -1.0000000e+00   1.5568964e-01   2.7962979e-01   6.2214530e-01   2.6240259e-01   5.5791755e-01   3.3001969e-01   1.4155797e-01   4.1133778e-01   5.5781528e-02   2.8536725e-01   4.9831583e-01   4.7066907e-01   2.4917148e-01   7.1632127e-01   5.6752356e-01   4.2334293e-01   1.3880494e-01
  -8.6550539e-01   5.2848902e-01   4.1772165e-01   7.1234983e-01   3.8064956e-01   7.4083644e-01   3.7517868e-01   4.4866639e-01   4.3654716e-01   2.4770952e-01   3.9295749e-01   7.1087320e-01   5.3515217e-01   3.7386737e-01   8.1419952e-01   4.2509136e-01   4.6248829e-01   3.5181337e-01
  -6.1831927e-01   7.3370450e-01   5.6151488e-01   6.7793187e-01   5.1914330e-01   7.8167175e-01   4.5687765e-01   6.2588273e-01   4.8570698e-01   3.5231278e-01   5.2328930e-01   7.5619431e-01   6.1684738e-01   4.1611383e-01   8.7476203e-01   1.8832674e-01   5.2697618e-01   4.6157225e-01
  -3.3357021e-01   7.2216434e-01   6.8633347e-01   5.2987969e-01   6.5203696e-01   6.8070131e-01   5.5334485e-01   6.4596113e-01   5.4374498e-01   3.5923033e-01   6.4674334e-01   6.3528581e-01   6.9807872e-01   3.6996326e-01   8.8426057e-01  -9.2302249e-02   5.9946632e-01   4.5526591e-01
  -9.3225639e-02   5.1003642e-01   7.7203552e-01   3.0175892e-01   7.5611455e-01   4.6738926e-01   6.4162415e-01   5.2180372e-01   5.9586204e-01   2.8288297e-01   7.3722573e-01   3.8781463e-01   7.6207888e-01   2.5107093e-01   8.4051850e-01  -3.4977188e-01   6.6280466e-01   3.4880655e-01
   3.9361362e-02   1.7300936e-01   8.0724288e-01   4.3200179e-02   8.1575109e-01   1.9389595e-01   7.0362781e-01   3.0239021e-01   6.3139880e-01   1.5816623e-01   7.7843389e-01   8.2151865e-02   7.9735308e-01   9.3490709e-02   7.5457942e-01  -5.1887688e-01   7.0437197e-01   1.8197408e-01
   3.6567435e-02  -1.8118454e-01   7.9119021e-01  -1.9291347e-01   8.2557776e-01  -7.9147199e-02   7.3013985e-01   5.5844559e-02   6.4608801e-01   2.8771788e-02   7.6700132e-01  -2.0400405e-01   8.0024727e-01  -6.1082678e-02   6.4814098e-01  -5.5740248e-01   7.1868388e-01   5.3920873e-03
  -8.7659476e-02  -4.4856094e-01   7.3308108e-01  -3.6369726e-01   7.9066105e-01  -2.9835420e-01   7.2217570e-01  -1.5193072e-01   6.4240581e-01  -6.6792980e-02   7.1234565e-01  -4.0508942e-01   7.7526703e-01  -1.7604542e-01   5.4766871e-01  -4.5938223e-01   7.0794789e-01  -1.3482638e-01
  -2.8558250e-01  -5.6020982e-01   6.4903377e-01  -4.4530744e-01   7.2405595e-01  -4.2941297e-01   6.8921693e-01  -2.7534046e-01   6.2780279e-01  -1.0607209e-01   6.3302605e-01  -4.8379386e-01   7.3296402e-01  -2.2970163e-01   4.7719540e-01  -2.5516437e-01   6.8034858e-01  -2.0920871e-01
  -4.9298662e-01  -5.0069172e-01   5.5774530e-01  -4.3647168e-01   6.4277933e-01  -4.6290453e-01   6.4532366e-01  -2.9948565e-01   6.1166670e-01  -8.7593504e-02   5.5106018e-01  -4.3824259e-01   6.8634694e-01  -2.1991234e-01   4.5214271e-01  -8.7446580e-04   6.4692034e-01  -2.1098689e-01
  -6.5038577e-01  -3.0733652e-01   4.7602544e-01  -3.5553400e-01   5.6334194e-01  -4.1247067e-01   6.0440684e-01  -2.3960750e-01   6.0203548e-01  -2.8312946e-02   4.8585130e-01  -2.9809055e-01   6.4695605e-01  -1.6198156e-01   4.7590114e-01   2.3890841e-01   6.1801170e-01  -1.5442305e-01
  -7.1952625e-01  -5.1929298e-02   4.1567778e-01  -2.3240320e-01   4.9840602e-01  -3.0654539e-01   5.7654725e-01  -1.3080032e-01   6.0335629e-01   4.4642508e-02   4.4986756e-01  -1.1193216e-01   6.2213800e-01  -8.1048343e-02   5.4004941e-01   4.0832403e-01   6.0067869e-01  -6.6873177e-02
  -6.9242457e-01   1.8438244e-01   3.8196960e-01  -9.9226614e-02   4.5492729e-01  -1.7815290e-01   5.6591783e-01  -1.4392052e-02   6.1552784e-01   1.0351385e-01   4.4647931e-01   6.7837004e-02   6.1384142e-01  -3.1821689e-03   6.2716017e-01   4.7274076e-01   5.9731134e-01   2.0997768e-02
  -5.8976786e-01   3.3570114e-01   3.7408741e-01   1.7350562e-02   4.3423365e-01  -5.6056489e-02   5.7090950e-01   7.4784225e-02   6.3454291e-01   1.2800745e-01   4.7064025e-01   1.9868093e-01   6.1929590e-01   5.1998216e-02   7.1571015e-01   4.2404216e-01   6.0589379e-01   8.4091139e-02
  -4.5172321e-01   3.6731693e-01   3.8673950e-01   1.0036897e-01   4.3329251e-01   4.0175579e-02   5.8574926e-01   1.1621480e-01   6.5408082e-01   1.0981568e-01   5.1141723e-01   2.5635940e-01   6.3276270e-01   7.5166445e-02   7.8512212e-01   2.7986719e-01   6.2133364e-01   1.0827692e-01
  -3.2431705e-01   2.8340790e-01   4.1233591e-01   1.4424513e-01   4.4657951e-01   1.0235251e-01   6.0295146e-01   1.0749471e-01   6.6759464e-01   5.4330088e-02   5.5558791e-01   2.3893103e-01   6.4778740e-01   6.8474981e-02   8.2039479e-01   7.8854109e-02   6.3739222e-01   9.2951128e-02
  -2.4537930e-01   1.2290773e-01   4.4318191e-01   1.5366470e-01   4.6802835e-01   1.3276691e-01   6.1588326e-01   6.2627166e-02   6.7032423e-01  -2.1461506e-02   5.9134198e-01   1.6473434e-01   6.5930696e-01   4.3401147e-02   8.1524514e-01  -1.2841642e-01   6.4867311e-01   4.9678130e-02
  -2.3291597e-01  -5.5539050e-02   4.7340065e-01   1.4011354e-01   4.9276655e-01   1.4077890e-01   6.2093143e-01   5.3100887e-03   6.6086953e-01  -9.4770895e-02   6.1146689e-01   6.4771016e-02   6.6521526e-01   1.5616897e-02   7.7347842e-01  -2.9228273e-01   6.5229608e-01  -2.8118956e-03
  -2.8255151e-01  -1.9378679e-01   4.9966416e-01   1.1712575e-01   5.1779239e-01   1.3793514e-01   6.1805415e-01  -4.0308710e-02   6.4135995e-01  -1.4437269e-01   6.1435047e-01  -2.7884497e-02   6.6641607e-01  -1.0313477e-03   7.0732014e-01  -3.7581411e-01   6.4832065e-01  -4.5461420e-02
  -3.7053605e-01  -2.5254570e-01   5.2125961e-01   9.5683815e-02   5.4205524e-01   1.3331678e-01   6.1034869e-01  -5.8059472e-02   6.1677157e-01  -1.5726332e-01   6.0365262e-01  -8.8127904e-02   6.6603981e-01   4.6251486e-04   6.3417604e-01  -3.6417245e-01   6.3940697e-01  -6.5196355e-02
  -4.6370332e-01  -2.2174973e-01   5.3914753e-01   8.1108493e-02   5.6564081e-01   1.3044836e-01   6.0236897e-01  -4.4493619e-02   5.9322152e-01  -1.3207450e-01   5.8618341e-01  -1.0506188e-01   6.6772005e-01   1.8248972e-02   5.7188384e-01  -2.6712145e-01   6.2949904e-01  -5.8527820e-02
  -5.3063625e-01  -1.2049029e-01   5.5472466e-01   7.2269924e-02   5.8871760e-01   1.2667153e-01   5.9824124e-01  -8.7131498e-03   5.7615012e-01  -7.8538482e-02   5.6933470e-01  -8.2993116e-02   6.7392284e-01   4.2917041e-02   5.3434066e-01  -1.1502434e-01   6.2233442e-01  -3.1559688e-02
  -5.5159730e-01   1.2132862e-02   5.6860087e-01   6.3269829e-02   6.1053268e-01   1.1510370e-01   6.0003372e-01   3.2140462e-02   5.6877179e-01  -1.3593895e-02   5.5862222e-01  -3.7740158e-02   6.8473042e-01   6.1502172e-02   5.2823143e-01   5.0607981e-02   6.2012555e-01   3.1722814e-03
  -5.2314197e-01   1.3121605e-01   5.8000915e-01   4.6890606e-02   6.2902065e-01   8.8407765e-02   6.0712652e-01   5.9749537e-02   5.7142585e-01   4.4218210e-02   5.5632665e-01   1.0047190e-02   6.9768861e-01   6.2504802e-02   5.5211611e-01   1.8844800e-01   6.2298672e-01   3.1625393e-02
  -4.5794739e-01   2.0006854e-01   5.8688219e-01   1.8368272e-02   6.4105345e-01   4.2877320e-02   6.1648479e-01   6.1272660e-02   5.8171020e-01   8.0200321e-02   5.6119029e-01   4.1935368e-02   7.0852037e-01   4.0290597e-02   5.9737999e-01   2.6773872e-01   6.2903844e-01   4.3101478e-02
  -3.7933699e-01   2.0037392e-01   5.8668050e-01  -2.1989371e-02   6.4339590e-01  -1.8806319e-02   6.2387692e-01   3.3716528e-02   5.9546653e-01   8.7330631e-02   5.6937551e-01   4.7240238e-02   7.1262903e-01  -2.6062349e-03   6.5107259e-01   2.7487668e-01   6.3524365e-01   3.3591950e-02
  -3.1336696e-01   1.3636417e-01   5.7750841e-01  -6.8241879e-02   6.3391077e-01  -8.7185129e-02   6.2543861e-01  -1.5069351e-02   6.0813851e-01   6.7702546e-02   5.7607245e-01   2.5705396e-02   7.0675389e-01  -5.5800168e-02   6.9945649e-01   2.1532709e-01   6.3854316e-01   6.8198458e-03
  -2.8045983e-01   3.1994951e-02   5.5913718e-01  -1.1047676e-01   6.1261666e-01  -1.4828517e-01   6.1914042e-01  -6.9112578e-02   6.1616999e-01   3.1192404e-02   5.7731620e-01  -1.3271292e-02   6.9031103e-01  -1.0410629e-01   7.3150709e-01   1.1050126e-01   6.3697756e-01  -2.7298030e-02
  -2.8964300e-01  -7.7784437e-02   5.3348348e-01  -1.3792441e-01   5.8212299e-01  -1.8762889e-01   6.0557344e-01  -1.0970979e-01   6.1794286e-01  -8.1386517e-03   5.7132037e-01  -5.4450252e-02   6.6586300e-01  -1.3226827e-01   7.4127981e-01  -9.1486377e-03   6.3036065e-01  -5.6158822e-02
  -3.3614010e-01  -1.5885445e-01   5.0447586e-01  -1.4245740e-01   5.4736936e-01  -1.9471277e-01   5.8795615e-01  -1.2181926e-01   6.1414205e-01  -3.6788628e-02   5.5912186e-01  -8.2231117e-02   6.3868034e-01  -1.3003807e-01   7.2899141e-01  -1.1286974e-01   6.2041754e-01  -6.8838796e-02
  -4.0420056e-01  -1.8840944e-01   4.7718081e-01  -1.2113457e-01   5.1454708e-01  -1.6617006e-01   5.7112433e-01  -9.8905660e-02   6.0725360e-01  -4.5915343e-02   5.4408776e-01  -8.5813067e-02   6.1528005e-01  -9.5428116e-02   7.0014206e-01  -1.7730303e-01   6.1017535e-01  -5.9621802e-02
  -4.7255976e-01  -1.6093117e-01   4.5663953e-01  -7.7186373e-02   4.8971425e-01  -1.0687733e-01   5.6011095e-01  -4.4952146e-02   6.0063907e-01  -3.3602318e-02   5.3080354e-01  -6.2349079e-02   6.0166270e-01  -3.5441601e-02   6.6361973e-01  -1.9137511e-01   6.0302203e-01  -2.9691964e-02
  -5.2118325e-01  -8.8380625e-02   4.4666971e-01  -1.9284878e-02   4.7740604e-01  -2.8809501e-02   5.5865384e-01   2.6782355e-02   5.9741385e-01  -4.8355722e-03   5.2361940e-01  -1.7440826e-02   6.0166268e-01   3.5870087e-02   6.2916455e-01  -1.5755175e-01   6.0165981e-01   1.3363491e-02
  -5.3734362e-01   4.8119241e-03   4.4891296e-01   4.0603782e-02   4.7955685e-01   5.1909741e-02   5.6802666e-01   9.7671274e-02   5.9944691e-01   3.0503151e-02   5.2527368e-01   3.6844728e-02   6.1582459e-01   1.0130833e-01   6.0482989e-01  -8.9715717e-02   6.0723902e-01   5.7909012e-02
  -5.1850384e-01   9.0266626e-02   4.6251850e-01   9.0190063e-02   4.9517036e-01   1.1892048e-01   5.8670768e-01   1.4907205e-01   6.0688591e-01   6.0957505e-02   5.3614924e-01   8.5838802e-02   6.4132067e-01   1.4512052e-01   5.9531616e-01  -8.2578727e-03   6.1904431e-01   9.1734399e-02
  -4.7252589e-01   1.4406498e-01   4.8431172e-01   1.1972395e-01   5.2054383e-01   1.5933188e-01   6.1067658e-01   1.6732072e-01   6.1811784e-01   7.6793647e-02   5.5410598e-01   1.1633652e-01   6.7256936e-01   1.5697789e-01   6.0113394e-01   6.5411746e-02   6.3461396e-01   1.0538969e-01
  -4.1430328e-01   1.5350638e-01   5.0961312e-01   1.2425903e-01   5.5022706e-01   1.6658814e-01   6.3452346e-01   1.4741074e-01   6.3032353e-01   7.2755143e-02   5.7513056e-01   1.2028372e-01   7.0270922e-01   1.3450364e-01   6.1903065e-01   1.1433591e-01   6.5043195e-01   9.4780113e-02
  -3.6094911e-01   1.1966949e-01   5.3331623e-01   1.0457106e-01   5.7826309e-01   1.4160444e-01   6.5282305e-01   9.4083390e-02   6.4029590e-01   4.9278393e-02   5.9441085e-01   9.6679035e-02   7.2525065e-01   8.3613952e-02   6.4321109e-01   1.2953006e-01   6.6283553e-01   6.2100736e-02
  -3.2684530e-01   5.6014077e-02   5.5099858e-01   6.6713104e-02   5.9946040e-01   9.2169197e-02   6.6146639e-01   2.0424863e-02   6.4531539e-01   1.2163520e-02   6.0755735e-01   5.1581827e-02   7.3557467e-01   1.6865251e-02   6.6700061e-01   1.1129589e-01   6.6892809e-01   1.5146321e-02
  -3.1938795e-01  -1.6495792e-02   5.5992063e-01   2.0307145e-02   6.1053698e-01   3.0741706e-02   6.5875602e-01  -5.5779411e-02   6.4394306e-01  -2.9206408e-02   6.1177915e-01  -3.7168024e-03   7.3208305e-01  -4.9937383e-02   6.8468095e-01   6.8305699e-02   6.6736263e-01  -3.4864023e-02
  -3.3782155e-01  -7.6541079e-02   5.5941526e-01  -2.4107293e-02   6.1057506e-01  -2.8941864e-02   6.4563805e-01  -1.1703790e-01   6.3630882e-01  -6.4757255e-02   6.0643202e-01  -5.6141939e-02   7.1631020e-01  -1.0195762e-01   6.9272111e-01   1.4135424e-02   6.5856493e-01  -7.6470008e-02
  -3.7417318e-01  -1.0855664e-01   5.5084511e-01  -5.7562440e-02   6.0099174e-01  -7.5059859e-02   6.2536449e-01  -1.5049701e-01   6.2402685e-01  -8.6386574e-02   5.9306016e-01  -9.4196492e-02   6.9240147e-01  -1.2887046e-01   6.9038044e-01  -3.6621555e-02   6.4456930e-01  -1.0082483e-01
  -4.1628204e-01  -1.0675005e-01   5.3707554e-01  -7.4596352e-02   5.8496298e-01  -1.0019000e-01   6.0256950e-01  -1.5085699e-01   6.0971417e-01  -8.9938151e-02   5.7487377e-01  -1.1069925e-01   6.6595021e-01  -1.2706812e-01   6.7953613e-01  -7.2160181e-02   6.2844534e-01  -1.0372953e-01
  -4.5184848e-01  -7.5749588e-02   5.2163696e-01  -7.4102376e-02   5.6649583e-01  -1.0242570e-01   5.8204466e-01  -1.2101769e-01   5.9627279e-01  -7.5900832e-02   5.5584218e-01  -1.0410164e-01   6.4254495e-01  -9.9907710e-02   6.6385332e-01  -8.6058330e-02   6.1349406e-01  -8.6259055e-02
