   1.5678426e-01   5.5884325e-01   1.3416705e-01   7.3302228e-01   3.6328059e-02   3.2566585e-01   8.5962613e-02   9.1652519e-01   1.1574789e-02   3.5475464e-01   1.0841406e-01   3.2515069e-01   3.2863122e-02   3.8135349e-01   7.0180292e-02   1.4365766e-01   1.0495206e-01   3.3704671e-01
   2.2355807e-01  -1.9099680e-01   3.0660522e-01   9.5660966e-01   1.3752309e-01   7.0782014e-01   2.9032055e-01   1.0000000e+00   9.8267372e-02   6.8260148e-01   1.8232267e-01   6.3845767e-01   1.3443990e-01   7.3593272e-01   1.5762255e-01   6.3303191e-01   1.8575168e-01   6.9312179e-01
   3.6231437e-02  -7.7057677e-01   5.0577840e-01   1.0000000e+00   2.9776727e-01   9.3686501e-01   4.9362829e-01   9.1815139e-01   2.2955414e-01   8.9721544e-01   2.9516938e-01   8.4454629e-01   2.8581997e-01   9.4015159e-01   3.3238029e-01   9.3224139e-01   3.1067310e-01   9.1165399e-01
  -3.0514624e-01  -1.0000000e+00   6.9703134e-01   8.8396052e-01   4.8593228e-01   1.0000000e+00   6.6893206e-01   7.4548619e-01   3.8682439e-01   1.0000000e+00   4.3173879e-01   9.5583219e-01   4.6045335e-01   1.0000000e+00   5.4733458e-01   1.0000000e+00   4.5895385e-01   1.0000000e+00
  -6.5796265e-01  -8.3945271e-01   8.5292975e-01   6.5669368e-01   6.7163453e-01   9.1647991e-01   8.0463770e-01   5.4993679e-01   5.5230205e-01   9.9870085e-01   5.7851628e-01   9.8092752e-01   6.3447780e-01   9.3775121e-01   7.5321488e-01   8.5720669e-01   6.1198477e-01   9.7713586e-01
  -8.9406181e-01  -3.9985466e-01   9.5652956e-01   3.7012200e-01   8.3012160e-01   7.2217831e-01   9.0082852e-01   3.7239814e-01   7.0965877e-01   9.0269991e-01   7.2258595e-01   9.1885931e-01   7.8851822e-01   7.7951736e-01   9.1059731e-01   5.6778292e-01   7.5428152e-01   8.6309028e-01
  -9.4330629e-01   1.3560573e-01   1.0000000e+00   6.2124938e-02   9.4355691e-01   4.5135082e-01   9.6274914e-01   2.2258613e-01   8.4420378e-01   7.2300075e-01   8.5034792e-01   7.6324967e-01   9.0758663e-01   5.4825072e-01   9.9565994e-01   2.0584618e-01   8.7309707e-01   6.7348921e-01
  -8.0319773e-01   5.9243911e-01   9.8173959e-01  -2.4155212e-01   1.0000000e+00   1.3176952e-01   9.9530202e-01   8.9086562e-02   9.4333287e-01   4.7411062e-01   9.4744600e-01   5.1152147e-01   9.8053092e-01   2.6452267e-01   1.0000000e+00  -1.6180573e-01   9.5783464e-01   4.2116790e-01
  -5.2940048e-01   8.3748583e-01   9.0511856e-01  -5.1474979e-01   9.9280329e-01  -2.0712023e-01   1.0000000e+00  -4.5722961e-02   9.9721878e-01   1.7597827e-01   1.0000000e+00   1.7482764e-01   1.0000000e+00  -4.8163130e-02   9.2902953e-01  -4.7496229e-01   1.0000000e+00   1.2223586e-01
  -2.1655953e-01   7.9717979e-01   7.7963198e-01  -7.2223294e-01   9.2199274e-01  -5.2397487e-01   9.7542705e-01  -1.9003076e-01   1.0000000e+00  -1.4237963e-01   9.9749228e-01  -2.1203103e-01   9.6364074e-01  -3.5611047e-01   8.0084313e-01  -6.7792270e-01   9.9435182e-01  -1.9584825e-01
   2.8963741e-02   4.8556562e-01   6.2243006e-01  -8.2496793e-01   7.9678025e-01  -7.6568198e-01   9.2038878e-01  -3.3293628e-01   9.5157444e-01  -4.3994417e-01   9.3675985e-01  -5.8685827e-01   8.7628321e-01  -6.1285326e-01   6.4435559e-01  -7.2977504e-01   9.4107679e-01  -4.9004242e-01
   1.2381276e-01   1.0471429e-02   4.5752069e-01  -7.9663782e-01   6.3657133e-01  -8.8220740e-01   8.3782050e-01  -4.4744238e-01   8.5929026e-01  -6.6848412e-01   8.2538484e-01  -8.7217369e-01   7.5154374e-01  -7.6854550e-01   4.9421497e-01  -6.2154297e-01   8.4778718e-01  -7.0864119e-01
   3.6701367e-02  -4.6530811e-01   3.1167892e-01  -6.3732035e-01   4.6848945e-01  -8.4581287e-01   7.3692719e-01  -5.0317289e-01   7.3814350e-01  -7.8566466e-01   6.8223450e-01  -1.0000000e+00   6.1092016e-01  -7.8745784e-01   3.8269530e-01  -3.8381685e-01   7.2969917e-01  -8.0722022e-01
  -2.0248497e-01  -7.8561349e-01   2.0876729e-01  -3.7527790e-01   3.2189277e-01  -6.6161061e-01   6.3241720e-01  -4.7997790e-01   6.0859668e-01  -7.6928059e-01   5.3414326e-01  -9.3563899e-01   4.7988287e-01  -6.6231536e-01   3.3174695e-01  -7.8005482e-02   6.0726405e-01  -7.6406712e-01
  -5.1536832e-01  -8.5265276e-01   1.6474267e-01  -5.9607431e-02   2.2202586e-01  -3.6679311e-01   5.4132898e-01  -3.7685594e-01   4.9247920e-01  -6.2590022e-01   4.0979413e-01  -6.9058790e-01   3.8225146e-01  -4.1919101e-01   3.4823540e-01   2.2215733e-01   5.0195128e-01  -5.8855068e-01
  -8.0327297e-01  -6.5736285e-01   1.8457174e-01   2.5186525e-01   1.8458393e-01  -2.1090946e-02   4.7860633e-01  -2.1430335e-01   4.0808235e-01  -3.9075661e-01   3.3259833e-01  -3.2125481e-01   3.3451500e-01  -1.1211457e-01   4.2345601e-01   4.5134133e-01   4.3135493e-01  -3.2037012e-01
  -9.8068422e-01  -2.7503105e-01   2.6190450e-01   5.0597697e-01   2.1290670e-01   3.0891337e-01   4.5314270e-01  -2.7754198e-02   3.6621613e-01  -1.1734687e-01   3.1509945e-01   8.8151888e-02   3.4215140e-01   1.9212583e-01   5.3685501e-01   5.6743454e-01   4.0531151e-01  -1.8369538e-02
  -1.0000000e+00   1.6887196e-01   3.8102346e-01   6.6317107e-01   2.9818738e-01   5.6445081e-01   4.6588302e-01   1.4342595e-01   3.6849727e-01   1.3733810e-01   3.5666165e-01   4.4892986e-01   3.9899999e-01   4.3131552e-01   6.6159786e-01   5.5506973e-01   4.2423756e-01   2.5510683e-01
  -8.6377263e-01   5.4295264e-01   5.1997150e-01   7.0163545e-01   4.2184652e-01   7.0449470e-01   5.0984898e-01   2.6560273e-01   4.0769896e-01   3.2591244e-01   4.4410873e-01   6.8839405e-01   4.8915381e-01   5.6116468e-01   7.7027139e-01   4.2323853e-01   4.7951836e-01   4.4836287e-01
  -6.1797300e-01   7.4519285e-01   6.5430221e-01   6.1821229e-01   5.5956178e-01   7.0987030e-01   5.7226355e-01   3.1697817e-01   4.7025130e-01   4.1836938e-01   5.5548947e-01   7.6242076e-01   5.9100557e-01   5.6156791e-01   8.3965331e-01   2.0130455e-01   5.5609778e-01   5.2909147e-01
  -3.3757541e-01   7.2649421e-01   7.6100062e-01   4.3115935e-01   6.8568462e-01   5.8696150e-01   6.3741493e-01   2.9258025e-01   5.3942392e-01   4.0754312e-01   6.6489122e-01   6.6468780e-01   6.8178649e-01   4.4072847e-01   8.5506656e-01  -6.1829512e-02   6.3582314e-01   4.9074347e-01
  -1.0346399e-01   5.0471231e-01   8.2294580e-01   1.8001368e-01   7.7836799e-01   3.6821173e-01   6.9063158e-01   2.0712919e-01   5.9939457e-01   3.1121147e-01   7.4862075e-01   4.3026377e-01   7.4280372e-01   2.3518867e-01   8.1418489e-01  -3.0427574e-01   7.0173518e-01   3.5489488e-01
   2.1716981e-02   1.5727588e-01   8.3245105e-01  -8.2292475e-02   8.2393678e-01   1.0492390e-01   7.2208164e-01   9.0945897e-02   6.3897836e-01   1.6675526e-01   7.9085920e-01   1.2649998e-01   7.6376583e-01   9.7591044e-04   7.2818658e-01  -4.6662730e-01   7.4198827e-01   1.6509083e-01
   1.1497764e-02  -2.0524235e-01   7.9273721e-01  -3.0288294e-01   8.1937658e-01  -1.4597285e-01   7.2913511e-01  -1.9905900e-02   6.5401778e-01   1.9639788e-02   7.8723309e-01  -1.6642680e-01   7.4500656e-01  -2.0209985e-01   6.1931546e-01  -5.1021526e-01   7.5234300e-01  -2.6167292e-02
  -1.1934813e-01  -4.7644702e-01   7.1642433e-01  -4.4228345e-01   7.7189046e-01  -3.3640928e-01   7.1624892e-01  -9.5252756e-02   6.4748216e-01  -9.0496373e-02   7.4485758e-01  -3.7883191e-01   6.9649229e-01  -3.2748613e-01   5.1478014e-01  -4.2866536e-01   7.3626544e-01  -1.7284776e-01
  -3.2233177e-01  -5.8593893e-01   6.2197614e-01  -4.8272870e-01   6.9618434e-01  -4.3758347e-01   6.9282046e-01  -1.1928914e-01   6.2762463e-01  -1.4039925e-01   6.7939120e-01  -4.6932919e-01   6.3439078e-01  -3.5354910e-01   4.3952689e-01  -2.4847758e-01   7.0302270e-01  -2.4700779e-01
  -5.3257221e-01  -5.1816086e-01   5.2903491e-01  -4.3031517e-01   6.1024603e-01  -4.4450721e-01   6.6970631e-01  -9.4230642e-02   6.0482078e-01  -1.2790864e-01   6.1002557e-01  -4.3319224e-01   5.7618489e-01  -2.8735816e-01   4.0992660e-01  -1.9915831e-02   6.6441332e-01  -2.4413561e-01
  -6.9021927e-01  -3.1222244e-01   4.5386807e-01  -3.1054286e-01   5.3080149e-01  -3.7357700e-01   6.5551231e-01  -3.7756506e-02   5.8813034e-01  -6.9553388e-02   5.5395284e-01  -2.9901764e-01   5.3578150e-01  -1.5950820e-01   4.3008229e-01   1.9855935e-01   6.3116926e-01  -1.8088121e-01
  -7.5671474e-01  -4.2884115e-02   4.0657831e-01  -1.5904174e-01   4.7015203e-01  -2.5434090e-01   6.5429326e-01   2.4768279e-02   5.8300033e-01   7.5245776e-03   5.2250757e-01  -1.1562977e-01   5.2055403e-01  -1.2337197e-02   4.9204008e-01   3.5571905e-01   6.1047309e-01  -8.6548107e-02
  -7.2465003e-01   2.0528634e-01   3.8981668e-01  -1.1421400e-02   4.3431061e-01  -1.1981333e-01   6.6464304e-01   6.9320989e-02   5.9007822e-01   7.4908641e-02   5.1895945e-01   6.3573467e-02   5.3010466e-01   1.1306987e-01   5.7844657e-01   4.1956414e-01   6.0456606e-01   6.9622678e-03
  -6.1541083e-01   3.6346636e-01   3.9986125e-01   1.0458565e-01   4.2338475e-01   1.6948263e-03   6.8099965e-01   8.0483973e-02   6.0586898e-01   1.1089642e-01   5.3920282e-01   1.9464832e-01   5.5772590e-01   1.8718128e-01   6.6763099e-01   3.8178130e-01   6.1123903e-01   7.3956849e-02
  -4.7032532e-01   3.9536524e-01   4.2859644e-01   1.7345703e-01   4.3290667e-01   9.1363474e-02   6.9581660e-01   5.5183341e-02   6.2420634e-01   1.0529352e-01   5.7381519e-01   2.5208998e-01   5.9292372e-01   1.9769590e-01   7.3867419e-01   2.5743297e-01   6.2517514e-01   1.0035024e-01
  -3.3681395e-01   3.0525998e-01   4.6614807e-01   1.9328069e-01   4.5589574e-01   1.4202329e-01   7.0225418e-01   3.1291003e-03   6.3834278e-01   6.1389528e-02   6.1122253e-01   2.3329067e-01   6.2468081e-01   1.5108093e-01   7.7610583e-01   8.0561581e-02   6.3995172e-01   8.6049072e-02
  -2.5358790e-01   1.3399829e-01   5.0350284e-01   1.7397112e-01   4.8507542e-01   1.5739882e-01   6.9658655e-01  -5.6666051e-02   6.4309036e-01  -5.7486688e-03   6.4111969e-01   1.5690475e-01   6.4459425e-01   6.9211540e-02   7.7326012e-01  -1.0406309e-01   6.5013690e-01   4.3452724e-02
  -2.3973290e-01  -5.7041488e-02   5.3444546e-01   1.3253127e-01   5.1466122e-01   1.4851068e-01   6.7945733e-01  -1.0272355e-01   6.3634656e-01  -7.4748030e-02   6.5713894e-01   5.4805592e-02   6.4895496e-01  -1.8577042e-02   7.3337915e-01  -2.5206305e-01   6.5283469e-01  -7.9414087e-03
  -2.9078748e-01  -2.0637864e-01   5.5641333e-01   8.7294601e-02   5.4130704e-01   1.2888364e-01   6.5565953e-01  -1.1833697e-01   6.1958118e-01  -1.2479901e-01   6.5804610e-01  -3.8696664e-02   6.3927222e-01  -8.4745182e-02   6.6841033e-01  -3.3013888e-01   6.4826193e-01  -4.8383174e-02
  -3.8265481e-01  -2.7222522e-01   5.7015702e-01   5.2237317e-02   5.6408220e-01   1.0949417e-01   6.3243040e-01  -9.7313011e-02   5.9715614e-01  -1.4226949e-01   6.4723550e-01  -9.7842028e-02   6.2112661e-01  -1.1198468e-01   5.9551510e-01  -3.2423504e-01   6.3923732e-01  -6.4533795e-02
  -4.8119279e-01  -2.4303956e-01   5.7848360e-01   3.3597453e-02   5.8363525e-01   9.5562723e-02   6.1702499e-01  -4.5626776e-02   5.7482023e-01  -1.2413554e-01   6.3089142e-01  -1.1182045e-01   6.0193244e-01  -9.7231036e-02   5.3256112e-01  -2.4193609e-01   6.2988200e-01  -5.3007392e-02
  -5.5380690e-01  -1.3803086e-01   5.8459500e-01   2.9172410e-02   6.0097299e-01   8.5649073e-02   6.1433524e-01   2.0772007e-02   5.5792844e-01  -7.7961793e-02   6.1559885e-01  -8.5905439e-02   5.8839540e-01  -5.1088155e-02   4.9365355e-01  -1.0922370e-01   6.2404704e-01  -2.0469167e-02
  -5.7938337e-01   2.1859398e-03   5.9058125e-01   3.0606105e-02   6.1632014e-01   7.3479885e-02   6.2532155e-01   8.1334078e-02   5.4993915e-01  -1.8595831e-02   6.0618450e-01  -3.7262635e-02   5.8446239e-01   7.0240688e-03   4.8593659e-01   3.7570696e-02   6.2398783e-01   1.9649249e-02
  -5.5369184e-01   1.3030331e-01   5.9657444e-01   2.7614201e-02   6.2851573e-01   5.1655714e-02   6.4671406e-01   1.1745801e-01   5.5160635e-01   3.6886794e-02   6.0443110e-01   1.2307604e-02   5.9034135e-01   5.5880760e-02   5.0839229e-01   1.6184041e-01   6.2969325e-01   5.2274274e-02
  -4.8896428e-01   2.0715142e-01   6.0083555e-01   1.2465665e-02   6.3520479e-01   1.5690296e-02   6.7206303e-01   1.1807985e-01   5.6105379e-01   7.4260943e-02   6.0897926e-01   4.3965160e-02   6.0282035e-01   7.9199848e-02   5.5285003e-01   2.3580391e-01   6.3904853e-01   6.5785546e-02
  -4.0871232e-01   2.1239578e-01   6.0060933e-01  -1.6923975e-02   6.3368853e-01  -3.3246303e-02   6.9368762e-01   8.2791172e-02   5.7457158e-01   8.5843610e-02   6.1623154e-01   4.7439261e-02   6.1659143e-01   7.0189240e-02   6.0661916e-01   2.4643602e-01   6.4866034e-01   5.5520481e-02
  -3.3963312e-01   1.4929226e-01   5.9338946e-01  -5.6075514e-02   6.2210347e-01  -8.7753943e-02   7.0498214e-01   2.1934654e-02   5.8786024e-01   7.2168651e-02   6.2187911e-01   2.3612580e-02   6.2612810e-01   3.3093963e-02   6.5600495e-01   1.9742192e-01   6.5505294e-01   2.5007334e-02
  -3.0329197e-01   4.2063604e-02   5.7809441e-01  -9.5457381e-02   6.0044698e-01  -1.3608430e-01   7.0234848e-01  -4.6495524e-02   5.9731614e-01   4.1134571e-02   6.2250169e-01  -1.6669443e-02   6.2748660e-01  -1.8722260e-02   6.8969019e-01   1.0671568e-01   6.5582160e-01  -1.5470423e-02
  -3.0939623e-01  -7.3091867e-02   5.5583683e-01  -1.2374691e-01   5.7113636e-01  -1.6579498e-01   6.8636082e-01  -1.0240230e-01   6.0108304e-01   4.9599262e-03   6.1685420e-01  -5.6978744e-02   6.1963797e-01  -6.7507734e-02   7.0142159e-01   6.1043720e-04   6.5047729e-01  -5.2476869e-02
  -3.5409190e-01  -1.6021870e-01   5.2983271e-01  -1.3156037e-01   5.3869091e-01  -1.6769035e-01   6.6144576e-01  -1.2951433e-01   5.9934716e-01  -2.3988999e-02   6.0616545e-01  -8.1293129e-02   6.0461932e-01  -9.6950718e-02   6.9082718e-01  -9.3709540e-02   6.4051795e-01  -7.3868952e-02
  -4.2186660e-01  -1.9460330e-01   5.0474166e-01  -1.1441776e-01   5.0884587e-01  -1.3877728e-01   6.3463687e-01  -1.2004890e-01   5.9408596e-01  -3.6981283e-02   5.9371942e-01  -7.9320673e-02   5.8688041e-01  -9.7170063e-02   6.6296618e-01  -1.5494617e-01   6.2896998e-01  -7.2567782e-02
  -4.9125487e-01  -1.6945605e-01   4.8549198e-01  -7.4180863e-02   4.8720715e-01  -8.3382635e-02   6.1350799e-01  -7.6656473e-02   5.8823700e-01  -3.1250692e-02   5.8369769e-01  -4.9665257e-02   5.7183014e-01  -6.7443097e-02   6.2645504e-01  -1.7224854e-01   6.1941262e-01  -4.8567639e-02
  -5.4182468e-01  -9.6360031e-02   4.7601330e-01  -1.8613937e-02   4.7790049e-01  -1.2183388e-02   6.0404275e-01  -1.1243322e-02   5.8466312e-01  -1.0232247e-02   5.7978677e-01   1.0142350e-04   5.6417353e-01  -1.5959874e-02   5.9096131e-01  -1.4660582e-01   6.1487815e-01  -8.6405474e-03
  -5.5998693e-01  -4.4411320e-05   4.7827148e-01   4.0659194e-02   4.8262414e-01   6.0410942e-02   6.0910685e-01   5.8694148e-02   5.8527644e-01   1.8095047e-02   5.8404265e-01   5.6152344e-02   5.6659311e-01   4.3013517e-02   5.6482044e-01  -8.9107387e-02   6.1699728e-01   3.5945939e-02
  -5.4265114e-01   8.9780019e-02   4.9172822e-01   9.1019955e-02   5.0019906e-01   1.1962958e-01   6.2768699e-01   1.1484742e-01   5.9046733e-01   4.3845752e-02   5.9620310e-01   1.0255483e-01   5.7896730e-01   9.3277643e-02   5.5314193e-01  -1.7294579e-02   6.2551317e-01   7.2692517e-02
  -4.9720433e-01   1.4796102e-01   5.1349042e-01   1.2210499e-01   5.2687661e-01   1.5392763e-01   6.5530030e-01   1.4311849e-01   5.9906265e-01   5.8399003e-02   6.1375821e-01   1.2614958e-01   5.9847538e-01   1.2143955e-01   5.5695171e-01   5.0010498e-02   6.3839481e-01   9.1542326e-02
  -4.3841235e-01   1.6038133e-01   5.3902314e-01   1.2810347e-01   5.5721484e-01   1.5739121e-01   6.8526069e-01   1.3684197e-01   6.0875061e-01   5.6679275e-02   6.3266393e-01   1.1997195e-01   6.2043261e-01   1.2020032e-01   5.7347904e-01   9.7153773e-02   6.5243117e-01   8.7372113e-02
  -3.8370364e-01   1.2734212e-01   5.6319425e-01   1.0908077e-01   5.8528121e-01   1.3100807e-01   7.1040166e-01   9.8323907e-02   6.1677072e-01   3.8517641e-02   6.4841575e-01   8.5166006e-02   6.3953485e-01   9.0184046e-02   5.9719844e-01   1.1516224e-01   6.6408910e-01   6.1309212e-02
  -3.4774786e-01   6.2301729e-02   5.8148543e-01   7.0719229e-02   6.0598934e-01   8.2156512e-02   7.2494904e-01   3.7866375e-02   6.2075183e-01   8.5042603e-03   6.5729595e-01   3.0475712e-02   6.5129989e-01   3.9462856e-02   6.2153684e-01   1.0327749e-01   6.7048376e-01   2.0221349e-02
  -3.3872301e-01  -1.3372187e-02   5.9090694e-01   2.2565689e-02   6.1607675e-01   2.2477583e-02   7.2580491e-01  -2.9349285e-02   6.1933898e-01  -2.5606053e-02   6.5727097e-01  -3.0512289e-02   6.5311775e-01  -1.9034935e-02   6.4054722e-01   6.8039266e-02   6.7006333e-01  -2.5430738e-02
  -3.5623003e-01  -7.7189154e-02   5.9061069e-01  -2.4427056e-02   6.1473969e-01  -3.5009528e-02   7.1328669e-01  -8.7299185e-02   6.1258922e-01  -5.5146044e-02   6.4853012e-01  -8.3123930e-02   6.4490435e-01  -7.1067398e-02   6.5034971e-01   2.1005562e-02   6.6301288e-01  -6.4456532e-02
  -3.9254784e-01  -1.1261419e-01   5.8182380e-01  -6.0757394e-02   6.0351442e-01  -7.9152634e-02   6.9073743e-01  -1.2340625e-01   6.0186252e-01  -7.3112440e-02   6.3326175e-01  -1.1575151e-01   6.2889946e-01  -1.0505134e-01   6.4978075e-01  -2.5031886e-02   6.5106776e-01  -8.8054885e-02
  -4.3553768e-01  -1.1294356e-01   5.6736668e-01  -8.0311694e-02   5.8571744e-01  -1.0283470e-01   6.6353999e-01  -1.3117310e-01   5.8941816e-01  -7.5780563e-02   6.1500559e-01  -1.2240496e-01   6.0897500e-01  -1.1458468e-01   6.4030031e-01  -5.9197618e-02   6.3700515e-01  -9.1730254e-02
  -4.7260605e-01  -8.2330040e-02   5.5084976e-01  -8.1427070e-02   5.6554182e-01  -1.0412887e-01   6.3769098e-01  -1.1128208e-01   5.7780206e-01  -6.3422083e-02   5.9770294e-01  -1.0377512e-01   5.8958337e-01  -9.9617464e-02   6.2530395e-01  -7.4991906e-02   6.2390262e-01  -7.6092685e-02
