   1.2914789e-01   6.7015865e-02   1.0491831e-01   1.8157631e-01   5.6085828e-02   1.2833182e-01   6.4478371e-02   7.5207423e-01   5.6848106e-02   5.4032778e-01   9.4527639e-02   6.5872154e-02   4.2769731e-02   7.5446483e-01   1.6342593e-01   7.9092446e-01   3.2811850e-02   5.8210064e-01
   3.1253976e-02  -6.1148126e-01   1.8294470e-01   6.3990269e-01   1.2422964e-01   5.8285677e-01   2.0737038e-01   9.4752651e-01   1.6807794e-01   8.0922283e-01   1.3308178e-01   3.9079190e-01   2.2537655e-01   9.7256569e-01   3.7391607e-01   1.0000000e+00   1.5802980e-01   8.5151627e-01
  -2.5322097e-01  -1.0000000e+00   3.2874586e-01   9.1476572e-01   2.6237528e-01   8.7794061e-01   3.7017484e-01   1.0000000e+00   3.1315853e-01   9.5864807e-01   2.2193514e-01   6.6726839e-01   4.3276648e-01   1.0000000e+00   6.0509081e-01   9.7375031e-01   3.1793535e-01   9.8640634e-01
  -6.0216722e-01  -9.8539443e-01   5.0740893e-01   1.0000000e+00   4.3914664e-01   1.0000000e+00   5.3295021e-01   9.5457572e-01   4.7354197e-01   1.0000000e+00   3.5130183e-01   8.7341980e-01   6.3021658e-01   8.8632103e-01   8.0693755e-01   7.5622002e-01   4.9031966e-01   1.0000000e+00
  -8.8240872e-01  -6.1627234e-01   6.8627918e-01   9.2335906e-01   6.2361769e-01   9.6537040e-01   6.8277937e-01   8.4820541e-01   6.3277774e-01   9.4660455e-01   5.0727944e-01   9.8252061e-01   7.9444054e-01   6.8833493e-01   9.4415941e-01   4.2547549e-01   6.5621153e-01   9.1479861e-01
  -1.0000000e+00  -6.0183091e-02   8.3932260e-01   7.2572678e-01   7.8946964e-01   8.0466535e-01   8.1132052e-01   6.9891430e-01   7.7645198e-01   8.1027596e-01   6.7159650e-01   9.7041031e-01   9.1298742e-01   4.5208360e-01   1.0000000e+00   6.0239232e-02   8.0053664e-01   7.5247997e-01
  -9.2433352e-01   4.8811759e-01   9.4789927e-01   4.4523177e-01   9.1626510e-01   5.4925909e-01   9.1183541e-01   5.0844582e-01   8.9205464e-01   6.0276240e-01   8.2281927e-01   8.2410328e-01   9.8137004e-01   2.0805348e-01   9.7411322e-01  -2.7603190e-01   9.1156776e-01   5.2988817e-01
  -6.8759004e-01   8.6531942e-01   1.0000000e+00   1.1703771e-01   9.8926841e-01   2.3010928e-01   9.7713490e-01   2.7316836e-01   9.6912139e-01   3.3847606e-01   9.3873944e-01   5.4904021e-01   1.0000000e+00  -2.5440042e-02   8.7914634e-01  -5.3314274e-01   9.8017237e-01   2.6168308e-01
  -3.6809204e-01   9.6238796e-01   9.9046803e-01  -2.1797677e-01   1.0000000e+00  -1.1496540e-01   1.0000000e+00  -2.2799038e-03   1.0000000e+00   3.7973352e-02   1.0000000e+00   1.7413718e-01   9.7247686e-01  -2.3491800e-01   7.3814175e-01  -6.7066219e-01   1.0000000e+00  -3.3674358e-02
  -6.8886714e-02   7.4953934e-01   9.2260639e-01  -5.0865002e-01   9.4810428e-01  -4.3577921e-01   9.7544272e-01  -2.9402516e-01   9.8115305e-01  -2.6770684e-01   9.9422405e-01  -2.4477724e-01   9.0530614e-01  -4.0506031e-01   5.8177184e-01  -6.6514926e-01   9.6863372e-01  -3.2791381e-01
   1.1408114e-01   2.9840031e-01   8.0953142e-01  -7.0211829e-01   8.4335038e-01  -6.7583488e-01   9.0421372e-01  -5.5782024e-01   9.1505196e-01  -5.3647230e-01   9.2035815e-01  -6.3028496e-01   8.0857391e-01  -5.1684616e-01   4.4286353e-01  -5.2263959e-01   8.8950110e-01  -5.8216899e-01
   1.2398133e-01  -2.3960008e-01   6.7289152e-01  -7.6105063e-01   7.0529956e-01  -7.8887223e-01   7.9520993e-01  -7.4236834e-01   8.1136933e-01  -7.2361698e-01   7.9076314e-01  -9.0208145e-01   6.9623373e-01  -5.5343837e-01   3.4903342e-01  -2.8184311e-01   7.7307956e-01  -7.5511812e-01
  -3.8678111e-02  -6.8930666e-01   5.3876257e-01  -6.7572719e-01   5.5994714e-01  -7.5356691e-01   6.6517844e-01  -8.0688532e-01   6.8637262e-01  -7.9484387e-01   6.2980039e-01  -1.0000000e+00   5.8483914e-01  -5.0763621e-01   3.1616861e-01  -3.3144794e-03   6.3631304e-01  -8.1486628e-01
  -3.1863222e-01  -9.1254373e-01   4.3222039e-01  -4.6637787e-01   4.3437013e-01  -5.7981959e-01   5.3572436e-01  -7.3519612e-01   5.6023567e-01  -7.3779559e-01   4.6881893e-01  -9.0245579e-01   4.9099042e-01  -3.8664695e-01   3.4543061e-01   2.4855154e-01   5.0004007e-01  -7.4937218e-01
  -6.2653897e-01  -8.5174651e-01   3.7221957e-01  -1.7813584e-01   3.5101912e-01  -3.0667429e-01   4.2855298e-01  -5.4261399e-01   4.5292527e-01  -5.6761410e-01   3.3890412e-01  -6.3439675e-01   4.2818277e-01  -2.1300953e-01   4.2447623e-01   4.2310837e-01   3.8500685e-01  -5.7213451e-01
  -8.6937569e-01  -5.4437109e-01   3.6796812e-01   1.2980893e-01   3.2315432e-01   7.5167937e-03   3.6044135e-01  -2.7252379e-01   3.7992821e-01  -3.2354918e-01   2.6354334e-01  -2.6082129e-01   4.0398907e-01  -2.0449901e-02   5.3200326e-01   4.9421127e-01   3.0756995e-01  -3.2020113e-01
  -9.8107431e-01  -1.0092663e-01   4.1750320e-01   3.9848320e-01   3.5247722e-01   3.0034459e-01   3.3943289e-01   1.7074801e-02   3.4906015e-01  -5.7229047e-02   2.5321581e-01   1.3307406e-01   4.1850262e-01   1.5488246e-01   6.4365398e-01   4.6019029e-01   2.7627677e-01  -4.3956499e-02
  -9.3818906e-01   3.4128277e-01   5.0903257e-01   5.7999208e-01   4.2991530e-01   5.1837023e-01   3.6400670e-01   2.6925046e-01   3.5979066e-01   1.8074270e-01   3.0434137e-01   4.6451673e-01   4.6490626e-01   2.8279206e-01   7.3665890e-01   3.3552383e-01   2.9090759e-01   2.0564889e-01
  -7.6336283e-01   6.5794341e-01   6.2341921e-01   6.4421315e-01   5.3787141e-01   6.2529139e-01   4.2398168e-01   4.3903967e-01   4.0403765e-01   3.5034167e-01   4.0081641e-01   6.6998640e-01   5.3110937e-01   3.4384565e-01   7.9294373e-01   1.4610160e-01   3.4308322e-01   3.8711421e-01
  -5.1445219e-01   7.6869065e-01   7.3807715e-01   5.8371308e-01   6.5410496e-01   6.0733598e-01   5.0335610e-01   5.0151252e-01   4.6859869e-01   4.2882193e-01   5.1850411e-01   7.1691879e-01   6.0242507e-01   3.3238787e-01   8.0166714e-01  -7.1236341e-02   4.1869180e-01   4.7568937e-01
  -2.6638236e-01   6.5508030e-01   8.3139206e-01   4.1690459e-01   7.5617280e-01   4.7650867e-01   5.8405154e-01   4.5711646e-01   5.3827091e-01   4.1474841e-01   6.3088639e-01   6.0987887e-01   6.6459105e-01   2.5842688e-01   7.6162623e-01  -2.6983560e-01   5.0114106e-01   4.6776974e-01
  -8.9250874e-02   3.6604447e-01   8.8730967e-01   1.8575295e-01   8.2610479e-01   2.6913739e-01   6.5017454e-01   3.3229182e-01   5.9933942e-01   3.2829091e-01   7.1518955e-01   3.8974757e-01   7.0693144e-01   1.4655039e-01   6.8270551e-01  -4.0207984e-01   5.7504469e-01   3.8136504e-01
  -2.6374063e-02   6.3559026e-04   8.9899767e-01  -5.5749466e-02   8.5438547e-01   3.5877983e-02   6.9197279e-01   1.7067278e-01   6.4282452e-01   2.0425621e-01   7.5789138e-01   1.2112069e-01   7.2493018e-01   2.8752384e-02   5.8437799e-01  -4.3521420e-01   6.2968351e-01   2.4963031e-01
  -8.4490689e-02  -3.2728949e-01   8.6932806e-01  -2.5684652e-01   8.4097204e-01  -1.7258525e-01   7.0719660e-01   1.8390190e-02   6.6569664e-01   8.0429563e-02   7.5664764e-01  -1.2741715e-01   7.2049405e-01  -6.5637574e-02   4.9072789e-01  -3.6280269e-01   6.6045101e-01   1.0980624e-01
  -2.3400536e-01  -5.2536353e-01   8.0925655e-01  -3.8268693e-01   7.9427344e-01  -3.1830156e-01   7.0052544e-01  -8.9665735e-02   6.7057234e-01  -1.3681294e-02   7.1961657e-01  -3.0201764e-01   7.0061694e-01  -1.1843427e-01   4.2398143e-01  -2.0701086e-01   6.6876363e-01  -7.4284073e-03
  -4.2168368e-01  -5.4953460e-01   7.3412223e-01  -4.2076036e-01   7.2791606e-01  -3.8352748e-01   6.8083787e-01  -1.3829416e-01   6.6365794e-01  -6.3937430e-02   6.6177060e-01  -3.7569769e-01   6.7451508e-01  -1.2649453e-01   3.9867269e-01  -1.0626630e-02   6.6020752e-01  -8.4848065e-02
  -5.8918381e-01  -4.1294683e-01   6.5946258e-01  -3.8051384e-01   6.5679255e-01  -3.7170848e-01   6.5774504e-01  -1.3314902e-01   6.5207254e-01  -7.2724899e-02   6.0004377e-01  -3.5120724e-01   6.5054668e-01  -1.0041292e-01   4.1835728e-01   1.7630421e-01   6.4201021e-01  -1.2023223e-01
  -6.9085965e-01  -1.7482943e-01   5.9756625e-01  -2.8681458e-01   5.9359252e-01  -3.0226048e-01   6.3859772e-01  -9.4854712e-02   6.4150291e-01  -5.4507419e-02   5.4885755e-01  -2.5486228e-01   6.3394756e-01  -5.8834740e-02   4.7563532e-01   3.1012756e-01   6.2073103e-01  -1.2293060e-01
  -7.0581931e-01   8.2636642e-02   5.5544918e-01  -1.7049521e-01   5.4656133e-01  -2.0219937e-01   6.2673268e-01  -4.9597443e-02   6.3477994e-01  -2.8736401e-02   5.1704462e-01  -1.2554655e-01   6.2587303e-01  -2.1182369e-02   5.5475790e-01   3.6354222e-01   6.0074292e-01  -1.0799388e-01
  -6.4132210e-01   2.8170999e-01   5.3461033e-01  -5.9043602e-02   5.1887264e-01  -9.7475692e-02   6.2134504e-01  -1.9407396e-02   6.3164881e-01  -1.2552950e-02   5.0673510e-01  -2.2467652e-03   6.2393444e-01  -1.1733418e-03   6.3610175e-01   3.3006325e-01   5.8376641e-01  -8.9948011e-02
  -5.2703408e-01   3.6981477e-01   5.3229464e-01   2.8959177e-02   5.0947698e-01  -7.4188705e-03   6.1880650e-01  -1.6064259e-02   6.2962316e-01  -1.6035156e-02   5.1428816e-01   8.5319465e-02   6.2381637e-01  -3.5892607e-03   7.0084022e-01   2.2274003e-01   5.6940780e-01  -7.8644158e-02
  -4.0426885e-01   3.3254784e-01   5.4335354e-01   8.6233993e-02   5.1458901e-01   5.8116875e-02   6.1459629e-01  -3.8380435e-02   6.2533594e-01  -3.9700980e-02   5.3233756e-01   1.2292569e-01   6.2121690e-01  -2.3612579e-02   7.3504734e-01   7.0191922e-02   5.5615211e-01  -7.7025010e-02
  -3.1242986e-01   1.9510486e-01   5.6227588e-01   1.1581232e-01   5.2947721e-01   9.8629697e-02   6.0537615e-01  -7.3716646e-02   6.1609334e-01  -7.4975684e-02   5.5256952e-01   1.1340169e-01   6.1364341e-01  -4.9109462e-02   7.3252374e-01  -9.0122610e-02   5.4257061e-01  -8.1306744e-02
  -2.7692253e-01   1.1661728e-02   5.8480784e-01   1.2749097e-01   5.5001078e-01   1.2042937e-01   5.9051802e-01  -1.0321947e-01   6.0112983e-01  -1.0755406e-01   5.6837272e-01   7.3323049e-02   6.0150347e-01  -6.5271619e-02   6.9591569e-01  -2.2047577e-01   5.2831091e-01  -8.3378012e-02
  -3.0251916e-01  -1.5444245e-01   6.0873419e-01   1.3273394e-01   5.7354415e-01   1.3239709e-01   5.7251630e-01  -1.0930480e-01   5.8210603e-01  -1.2287026e-01   5.7654997e-01   2.5575526e-02   5.8805322e-01  -6.0329330e-02   6.3569375e-01  -2.9182704e-01   5.1451193e-01  -7.4738035e-02
  -3.7396609e-01  -2.5133118e-01   6.3371628e-01   1.3993873e-01   5.9897225e-01   1.4174557e-01   5.5618620e-01  -8.2304696e-02   5.6269104e-01  -1.1141929e-01   5.7763073e-01  -9.0345886e-03   5.7826173e-01  -3.0027708e-02   5.6732383e-01  -2.9058209e-01   5.0352280e-01  -5.0276314e-02
  -4.6258991e-01  -2.5420135e-01   6.6041699e-01   1.5113655e-01   6.2612239e-01   1.5084327e-01   5.4700305e-01  -2.4373375e-02   5.4743604e-01  -7.2307469e-02   5.7495296e-01  -1.8599633e-02   5.7701289e-01   2.0402874e-02   5.0730109e-01  -2.2162721e-01   4.9809469e-01  -1.0752468e-02
  -5.3689671e-01  -1.7074738e-01   6.8920002e-01   1.6130050e-01   6.5470876e-01   1.5626599e-01   5.4908668e-01   5.0897782e-02   5.4027630e-01  -1.3657448e-02   5.7284872e-01  -3.0304708e-03   5.8720245e-01   7.7689990e-02   4.6899423e-01  -1.0618813e-01   5.0030235e-01   3.6997902e-02
  -5.7270028e-01  -3.5228506e-02   7.1902272e-01   1.6051740e-01   6.8339715e-01   1.5043328e-01   5.6366694e-01   1.2284593e-01   5.4328111e-01   5.0100021e-02   5.7479089e-01   2.7600006e-02   6.0851196e-01   1.2471729e-01   4.5965126e-01   2.4596977e-02   5.1067118e-01   8.2129134e-02
  -5.6031397e-01   1.0484024e-01   7.4686601e-01   1.3824906e-01   7.0930778e-01   1.2515718e-01   5.8838783e-01   1.7030681e-01   5.5594264e-01   1.0274309e-01   5.8201382e-01   5.7775911e-02   6.3712112e-01   1.4597651e-01   4.7899033e-01   1.3832768e-01   5.2774010e-01   1.1318786e-01
  -5.0608145e-01   2.0443224e-01   7.6810598e-01   8.8141175e-02   7.2832187e-01   7.5766619e-02   6.1782639e-01   1.7809546e-01   5.7531529e-01   1.3099980e-01   5.9315537e-01   7.2514578e-02   6.6660576e-01   1.3235717e-01   5.1995679e-01   2.0933169e-01   5.4829531e-01   1.2164542e-01
  -4.2933324e-01   2.3423541e-01   7.7763178e-01   1.1770318e-02   7.3603905e-01   4.3496907e-03   6.4487733e-01   1.4173112e-01   5.9679369e-01   1.2825272e-01   6.0476887e-01   6.2578336e-02   6.8959221e-01   8.4191912e-02   5.7093630e-01   2.2444271e-01   5.6810494e-01   1.0457843e-01
  -3.5552719e-01   1.8838822e-01   7.7145938e-01  -8.0201569e-02   7.2916943e-01  -7.9228515e-02   6.6271214e-01   6.9088624e-02   6.1536936e-01   9.6309731e-02   6.1257900e-01   2.7601908e-02   6.9980844e-01   1.1651443e-02   6.1896568e-01   1.8522761e-01   5.8300436e-01   6.5754863e-02
  -3.0779584e-01   8.4773119e-02   7.4829284e-01  -1.7017357e-01   7.0688118e-01  -1.5919852e-01   6.6675536e-01  -2.1655827e-02   6.2701154e-01   4.4715012e-02   6.1305039e-01  -2.3809260e-02   6.9395821e-01  -6.7803641e-02   6.5308129e-01   1.0632037e-01   5.9002615e-01   1.4720249e-02
  -3.0055843e-01  -4.2100386e-02   7.1027560e-01  -2.3819704e-01   6.7143204e-01  -2.1793637e-01   6.5584202e-01  -1.0706749e-01   6.2960355e-01  -1.2163239e-02   6.0455111e-01  -7.7017060e-02   6.7261754e-01  -1.3403880e-01   6.6656856e-01   1.0646910e-02   5.8809692e-01  -3.5813156e-02
  -3.3460535e-01  -1.5241047e-01   6.6311834e-01  -2.6767084e-01   6.2823662e-01  -2.4102678e-01   6.3281460e-01  -1.6517505e-01   6.2357693e-01  -5.9339960e-02   5.8819428e-01  -1.1595929e-01   6.4046563e-01  -1.7004165e-01   6.5856191e-01  -7.7056587e-02   5.7843596e-01  -7.3540308e-02
  -3.9859737e-01  -2.1407920e-01   6.1481631e-01  -2.5001940e-01   5.8467609e-01  -2.2141711e-01   6.0349120e-01  -1.8158344e-01   6.1147969e-01  -8.5506700e-02   5.6743155e-01  -1.2843288e-01   6.0486402e-01  -1.6655139e-01   6.3330928e-01  -1.3661867e-01   5.6403382e-01  -8.9964246e-02
  -4.7279716e-01  -2.1155519e-01   5.7403119e-01  -1.8706678e-01   5.4860585e-01  -1.6147933e-01   5.7520755e-01  -1.5310731e-01   5.9721812e-01  -8.5812695e-02   5.4719158e-01  -1.0959987e-01   5.7409350e-01  -1.2447570e-01   5.9877564e-01  -1.5680461e-01   5.4887260e-01  -8.2484763e-02
  -5.3558959e-01  -1.4945571e-01   5.4813206e-01  -9.0756980e-02   5.2657399e-01  -7.2639775e-02   5.5483914e-01  -8.8285110e-02   5.8488807e-01  -6.2744342e-02   5.3248223e-01  -6.3372336e-02   5.5520087e-01  -5.4472540e-02   5.6427662e-01  -1.3719966e-01   5.3682965e-01  -5.4837832e-02
  -5.7005611e-01  -4.9366896e-02   5.4156075e-01   1.9837557e-02   5.2235960e-01   2.7450621e-02   5.4704309e-01  -4.4597453e-03   5.7765516e-01  -2.4745820e-02   5.2699909e-01  -9.9499158e-04   5.5225506e-01   2.6258319e-02   5.3804134e-01  -8.7023277e-02   5.3067725e-01  -1.5652553e-02
  -5.6834333e-01   5.7821890e-02   5.5495811e-01   1.2291709e-01   5.3622445e-01   1.1898717e-01   5.5323463e-01   7.7079869e-02   5.7702949e-01   1.6535884e-02   5.3219721e-01   6.2216968e-02   5.6549719e-01   9.8517475e-02   5.2541345e-01  -2.1839557e-02   5.3147732e-01   2.4093520e-02
  -5.3340826e-01   1.4165993e-01   5.8506336e-01   1.9890338e-01   5.6488448e-01   1.8452314e-01   5.7134118e-01   1.3673398e-01   5.8257925e-01   4.9611002e-02   5.4690932e-01   1.1105491e-01   5.9137999e-01   1.4599587e-01   5.2781379e-01   4.0907676e-02   5.3840196e-01   5.4081926e-02
  -4.7715881e-01   1.8078930e-01   6.2556655e-01   2.3458233e-01   6.0234943e-01   2.1266843e-01   5.9654191e-01   1.6134064e-01   5.9223709e-01   6.6127981e-02   5.6773455e-01   1.3430608e-01   6.2363222e-01   1.5903280e-01   5.4288435e-01   8.6308481e-02   5.4910527e-01   6.7227462e-02
  -4.1640780e-01   1.6816365e-01   6.6852586e-01   2.2565195e-01   6.4126237e-01   2.0028041e-01   6.2258377e-01   1.4701020e-01   6.0297400e-01   6.2778207e-02   5.8993441e-01   1.2737975e-01   6.5485412e-01   1.3654486e-01   5.6546601e-01   1.0527782e-01   5.6042277e-01   6.1238620e-02
  -3.6783592e-01   1.1196980e-01   7.0605342e-01   1.7725193e-01   6.7445968e-01   1.5278894e-01   6.4335666e-01   9.9593320e-02   6.1166184e-01   4.1818530e-02   6.0861000e-01   9.3197127e-02   6.7828131e-01   8.5866533e-02   5.8912631e-01   9.6192367e-02   5.6922257e-01   3.8913749e-02
  -3.4301956e-01   3.2034877e-02   7.3201980e-01   1.0226699e-01   6.9651893e-01   8.2492110e-02   6.5445487e-01   3.2607293e-02   6.1596377e-01   1.0066073e-02   6.1995288e-01   4.1090319e-02   6.8942514e-01   2.0452273e-02   6.0796028e-01   6.4597620e-02   5.7325530e-01   7.0778311e-03
  -3.4596193e-01  -4.7176959e-02   7.4305397e-01   1.7769749e-02   7.0463255e-01   5.2191144e-03   6.5401662e-01  -3.6840642e-02   6.1484005e-01  -2.3397170e-02   6.2200734e-01  -1.6101765e-02   6.8684059e-01  -4.3892574e-02   6.1790088e-01   2.0873185e-02   5.7161282e-01  -2.5563759e-02
  -3.7252538e-01  -1.0396886e-01   7.3902309e-01  -5.9061408e-02   6.9899228e-01  -6.3431264e-02   6.4302487e-01  -9.2555413e-02   6.0874976e-01  -4.9814433e-02   6.1503201e-01  -6.5435426e-02   6.7228763e-01  -9.2998185e-02   6.1756163e-01  -2.2810214e-02   5.6489073e-01  -5.0795414e-02
  -4.1261068e-01  -1.2554351e-01   7.2265154e-01  -1.1479311e-01   6.8237970e-01  -1.1155692e-01   6.2477318e-01  -1.2326080e-01   5.9937879e-01  -6.3103282e-02   6.0121213e-01  -9.7114337e-02   6.4998322e-01  -1.1766604e-01   6.0823436e-01  -5.5834918e-02   5.5489449e-01  -6.2998990e-02
  -4.5370329e-01  -1.1046787e-01   6.9858899e-01  -1.4204560e-01   6.5926604e-01  -1.3295749e-01   6.0384878e-01  -1.2468648e-01   5.8908849e-01  -6.1074202e-02   5.8395338e-01  -1.0637264e-01   6.2537872e-01  -1.1523015e-01   5.9322432e-01  -7.1482066e-02   5.4408310e-01  -6.0234884e-02
  -4.8454833e-01  -6.7829979e-02   6.7224877e-01  -1.4019755e-01   6.3472041e-01  -1.2765993e-01   5.8496999e-01  -9.9785112e-02   5.8028220e-01  -4.5544001e-02   5.6701657e-01  -9.3948247e-02   6.0383235e-01  -8.9460341e-02   5.7683886e-01  -6.8056954e-02   5.3493708e-01  -4.4327434e-02
