   1.8644371e-01   5.6248384e-01   1.1468196e-01   5.0307711e-01   8.5097534e-02   7.2637317e-01   1.3929147e-01   9.3080236e-01   5.7732851e-02   1.4805175e-02   4.1948898e-02   5.5521322e-01   1.6546579e-02   4.2337590e-01   3.2895359e-02   2.7233920e-01   1.2386119e-02   2.8592511e-01
   2.5554594e-01  -1.8924479e-01   2.4167465e-01   8.3871658e-01   2.6280369e-01   9.5215519e-01   3.3929359e-01   1.0000000e+00   9.2575340e-02   4.0986596e-01   1.6392765e-01   8.4898750e-01   1.2691763e-01   7.6190152e-01   1.4976598e-01   7.3596811e-01   9.3754437e-02   6.6036341e-01
   6.4852284e-02  -7.6956137e-01   4.1513242e-01   1.0000000e+00   4.6888572e-01   1.0000000e+00   5.3412759e-01   8.9387084e-01   1.8291333e-01   7.1160480e-01   3.2256509e-01   9.8851587e-01   2.8556957e-01   9.5179964e-01   3.4829242e-01   9.8756416e-01   2.2660207e-01   8.9739213e-01
  -2.8338056e-01  -1.0000000e+00   6.0187653e-01   9.8490238e-01   6.6810767e-01   8.9264344e-01   6.9698582e-01   7.0026980e-01   3.1303534e-01   9.0992263e-01   4.9362763e-01   1.0000000e+00   4.6570048e-01   1.0000000e+00   5.7644294e-01   1.0000000e+00   3.8782113e-01   1.0000000e+00
  -6.4389632e-01  -8.4200437e-01   7.7185520e-01   8.2711136e-01   8.3288505e-01   6.7793035e-01   8.1843766e-01   4.9768302e-01   4.6608850e-01   1.0000000e+00   6.5797506e-01   9.1464967e-01   6.4330991e-01   9.2854569e-01   7.8331797e-01   8.0918321e-01   5.5617574e-01   9.8609153e-01
  -8.8678885e-01  -4.0769456e-01   9.0301468e-01   5.7417218e-01   9.4622923e-01   4.0537249e-01   9.0194707e-01   3.3113013e-01   6.2472085e-01   9.8029183e-01   8.0125912e-01   7.5563815e-01   7.9889060e-01   7.6248352e-01   9.3119474e-01   4.8956840e-01   7.1398042e-01   8.7797196e-01
  -9.4118685e-01   1.2149835e-01   9.8156799e-01   2.6567895e-01   1.0000000e+00   1.0973862e-01   9.5611391e-01   2.0772296e-01   7.7174576e-01   8.5517200e-01   9.1212419e-01   5.3583854e-01   9.1720504e-01   5.2351727e-01   1.0000000e+00   1.1881111e-01   8.4708460e-01   6.9498492e-01
  -8.0442244e-01   5.7443292e-01   1.0000000e+00  -6.9193878e-02   9.9186663e-01  -1.8630848e-01   9.8809898e-01   1.0847799e-01   8.9132817e-01   6.3736730e-01   9.8097166e-01   2.6415596e-01   9.8676618e-01   2.3165813e-01   9.8579754e-01  -2.3766482e-01   9.4426552e-01   4.5294492e-01
  -5.3188470e-01   8.1965234e-01   9.5611042e-01  -3.9998188e-01   9.2400529e-01  -4.5992141e-01   1.0000000e+00   5.9106884e-03   9.7034783e-01   3.4865302e-01   1.0000000e+00  -4.5412619e-02   1.0000000e+00  -8.8923055e-02   8.9825462e-01  -5.2365656e-01   9.9694901e-01   1.6871738e-01
  -2.1871195e-01   7.8309300e-01   8.5440041e-01  -6.8404310e-01   8.0427086e-01  -6.7865394e-01   9.8908038e-01  -1.1694628e-01   1.0000000e+00   2.2126172e-02   9.6494038e-01  -3.6397169e-01   9.5469557e-01  -4.0259018e-01   7.5900103e-01  -6.8967131e-01   1.0000000e+00  -1.3240425e-01
   2.7612732e-02   4.7734698e-01   7.0829051e-01  -8.7001156e-01   6.4812821e-01  -8.0357288e-01   9.5142925e-01  -2.5385131e-01   9.7780339e-01  -2.9592215e-01   8.7810609e-01  -6.4371165e-01   8.5643705e-01  -6.6030350e-01   5.9917125e-01  -7.0328492e-01   9.5361351e-01  -4.1238222e-01
   1.2260825e-01   9.1950946e-03   5.4018334e-01  -9.1599292e-01   4.7854373e-01  -8.0445434e-01   8.8673404e-01  -3.7711276e-01   9.0934508e-01  -5.5179118e-01   7.5096855e-01  -8.2760223e-01   7.2026942e-01  -8.1003284e-01   4.5375696e-01  -5.6494370e-01   8.6513231e-01  -6.2585070e-01
   3.4545434e-02  -4.5960558e-01   3.7789511e-01  -8.0774888e-01   3.2249693e-01  -6.7472720e-01   8.0137202e-01  -4.5140414e-01   8.0841657e-01  -6.9854517e-01   6.0411019e-01  -8.6932336e-01   5.6960606e-01  -8.1525095e-01   3.5334765e-01  -3.1268286e-01   7.4921705e-01  -7.3358361e-01
  -2.0629206e-01  -7.7425317e-01   2.4876470e-01  -5.6441274e-01   2.0539048e-01  -4.3582069e-01   7.0830514e-01  -4.4977257e-01   6.9471169e-01  -7.1086136e-01   4.6375581e-01  -7.5131244e-01   4.3191509e-01  -6.6970654e-01   3.1666454e-01  -1.0853384e-02   6.2565314e-01  -7.1558571e-01
  -5.2062601e-01  -8.3800891e-01   1.7387297e-01  -2.3306091e-01   1.4567376e-01  -1.3199056e-01   6.2410378e-01  -3.6512586e-01   5.8961786e-01  -5.9372075e-01   3.5601070e-01  -4.9333072e-01   3.3263034e-01  -4.0215383e-01   3.4678805e-01   2.6911992e-01   5.1543264e-01  -5.7833625e-01
  -8.0875841e-01  -6.4225668e-01   1.6380984e-01   1.2325139e-01   1.5107084e-01   1.8049822e-01   5.6429344e-01  -2.1457507e-01   5.1123813e-01  -3.8212803e-01   3.0049468e-01  -1.4963447e-01   2.8905607e-01  -7.0461976e-02   4.3176069e-01   4.6840850e-01   4.3614761e-01  -3.5466804e-01
  -9.8444421e-01  -2.6211268e-01   2.1719040e-01   4.4083853e-01   2.1754987e-01   4.4691137e-01   5.3889151e-01  -3.3294653e-02   4.7041222e-01  -1.3012124e-01   3.0566518e-01   2.0622620e-01   3.0646015e-01   2.5436505e-01   5.4908894e-01   5.5302739e-01   3.9824599e-01  -9.4694900e-02
  -1.0000000e+00   1.7773865e-01   3.2178199e-01   6.6755309e-01   3.3083928e-01   6.2449359e-01   5.5001605e-01   1.3731812e-01   4.6899695e-01   1.0472031e-01   3.6728367e-01   5.0081163e-01   3.7743450e-01   5.0634230e-01   6.7155270e-01   5.1476758e-01   4.0330632e-01   1.4747847e-01
  -8.5849263e-01   5.4700412e-01   4.5724810e-01   7.6973326e-01   4.6947562e-01   6.8795951e-01   5.9152683e-01   2.6040192e-01   5.0022617e-01   2.7476681e-01   4.6964179e-01   6.7692480e-01   4.8397524e-01   6.3851810e-01   7.7268319e-01   3.6726697e-01   4.4424473e-01   3.2603546e-01
  -6.0695765e-01   7.4468751e-01   5.9897875e-01   7.3480311e-01   6.0872089e-01   6.3086160e-01   6.5099131e-01   3.1092947e-01   5.5121005e-01   3.5036362e-01   5.8947493e-01   7.0297013e-01   6.0189242e-01   6.2975611e-01   8.3110263e-01   1.4209908e-01   5.0763723e-01   4.1135258e-01
  -3.2168132e-01   7.2226618e-01   7.2222907e-01   5.7494071e-01   7.2460980e-01   4.6783170e-01   7.1256831e-01   2.8183427e-01   6.0612229e-01   3.2553845e-01   7.0075918e-01   5.7985425e-01   7.0578430e-01   4.8910741e-01   8.3449616e-01  -1.1187089e-01   5.7682448e-01   3.9587649e-01
  -8.4861279e-02   4.9799968e-01   8.0694367e-01   3.2765774e-01   7.9848728e-01   2.3449342e-01   7.6120316e-01   1.8794051e-01   6.5028626e-01   2.2038123e-01   7.8065968e-01   3.4343455e-01   7.7475681e-01   2.5591252e-01   7.8303880e-01  -3.3500074e-01   6.3596854e-01   2.9664214e-01
   4.0154215e-02   1.4971143e-01   8.4181052e-01   4.7785966e-02   8.2073097e-01  -1.9545199e-02   7.8679799e-01   6.1765549e-02   6.7394627e-01   7.5154942e-02   8.1489547e-01   5.5961473e-02   7.9720605e-01  -9.5381241e-03   6.9010050e-01  -4.7235457e-01   6.7384940e-01   1.5009814e-01
   2.6960396e-02  -2.1198798e-01   8.2625394e-01  -2.0681218e-01   7.9248939e-01  -2.4295566e-01   7.8680359e-01  -5.7419719e-02   6.7455549e-01  -6.2414345e-02   8.0088717e-01  -2.1133932e-01   7.7326197e-01  -2.4249726e-01   5.7926545e-01  -4.9116908e-01   6.8625824e-01   7.1190883e-04
  -1.0877860e-01  -4.8107138e-01   7.6951038e-01  -3.8988916e-01   7.2459308e-01  -3.9543010e-01   7.6619180e-01  -1.3653073e-01   6.5668810e-01  -1.5222387e-01   7.4745430e-01  -3.9843795e-01   7.1383368e-01  -3.9169303e-01   4.7790002e-01  -3.9086710e-01   6.7614048e-01  -1.1254586e-01
  -3.1719393e-01  -5.8777456e-01   6.8754463e-01  -4.7648805e-01   6.3434659e-01  -4.5618547e-01   7.3520674e-01  -1.5810395e-01   6.2991536e-01  -1.7293973e-01   6.7159908e-01  -4.7140459e-01   6.3697432e-01  -4.3178373e-01   4.0991710e-01  -2.0196982e-01   6.5179479e-01  -1.6633568e-01
  -5.3198995e-01  -5.1752316e-01   5.9866755e-01  -4.6650891e-01   5.4105097e-01  -4.2698379e-01   7.0565930e-01  -1.2455547e-01   6.0536146e-01  -1.2666893e-01   5.9336640e-01  -4.2903050e-01   5.6260337e-01  -3.6791126e-01   3.8974740e-01   2.4058239e-02   6.2376968e-01  -1.5764872e-01
  -6.9234163e-01  -3.1023415e-01   5.1906970e-01  -3.8097153e-01   4.6147429e-01  -3.2866766e-01   6.8696365e-01  -5.5367765e-02   5.9207950e-01  -3.5505946e-02   5.3034128e-01  -2.9895812e-01   5.0714974e-01  -2.3071831e-01   4.1926215e-01   2.3055910e-01   6.0146886e-01  -1.0160585e-01
  -7.5946082e-01  -4.1066962e-02   4.5989766e-01  -2.5270648e-01   4.0688132e-01  -1.9288866e-01   6.8364953e-01   2.1473543e-02   5.9473408e-01   6.7934133e-02   4.9390602e-01  -1.2570109e-01   4.8015083e-01  -6.4424321e-02   4.8852369e-01   3.7030770e-01   5.9083282e-01  -2.3886398e-02
  -7.2627590e-01   2.0571234e-01   4.2580925e-01  -1.1582214e-01   3.8151657e-01  -5.2790481e-02   6.9441500e-01   7.9380326e-02   6.1258264e-01   1.5116732e-01   4.8725782e-01   4.3281933e-02   4.8270830e-01   8.6579863e-02   5.7894507e-01   4.1604813e-01   5.9312979e-01   4.8181444e-02
  -6.1497045e-01   3.6200816e-01   4.1573786e-01   2.4524453e-03   3.8331205e-01   6.4464340e-02   7.1345519e-01   1.0101057e-01   6.4039092e-01   1.9054555e-01   5.0620780e-01   1.6949420e-01   5.0874872e-01   1.8862019e-01   6.6847911e-01   3.6360902e-01   6.0549996e-01   9.3250101e-02
  -4.6773068e-01   3.9242406e-01   4.2455324e-01   8.5991839e-02   4.0557092e-01   1.4205116e-01   7.3274746e-01   8.2293459e-02   6.7022597e-01   1.7629873e-01   5.4132519e-01   2.3082710e-01   5.4754304e-01   2.2507875e-01   7.3664479e-01   2.3070346e-01   6.2234158e-01   1.0057615e-01
  -3.3277600e-01   3.0181567e-01   4.4524512e-01   1.3090234e-01   4.3932050e-01   1.7528044e-01   7.4482834e-01   3.2932250e-02   6.9381725e-01   1.1431982e-01   5.8104433e-01   2.2498534e-01   5.8704457e-01   1.9858980e-01   7.6894432e-01   5.2290297e-02   6.3726648e-01   7.1893185e-02
  -2.4903356e-01   1.3137056e-01   4.7114114e-01   1.4379283e-01   4.7585862e-01   1.7065411e-01   7.4539539e-01  -2.7195074e-02   7.0499955e-01   2.3949699e-02   6.1508089e-01   1.6795030e-01   6.1734528e-01   1.2842685e-01   7.6006675e-01  -1.2758935e-01   6.4518363e-01   1.9940587e-02
  -2.3550353e-01  -5.7714596e-02   4.9741607e-01   1.3730991e-01   5.0865318e-01   1.4190727e-01   7.3458389e-01  -7.5382586e-02   7.0130639e-01  -6.8580927e-02   6.3692038e-01   8.6790137e-02   6.3298443e-01   4.2881609e-02   7.1458667e-01  -2.6642432e-01   6.4370909e-01  -3.6616929e-02
  -2.8740350e-01  -2.0467407e-01   5.2175688e-01   1.2501700e-01   5.3434431e-01   1.0491013e-01   7.1676668e-01  -9.3910682e-02   6.8445097e-01  -1.3821372e-01   6.4494552e-01   1.0281742e-02   6.3378739e-01  -2.9973869e-02   6.4550499e-01  -3.3352478e-01   6.3365512e-01  -7.9472638e-02
  -3.8007405e-01  -2.6815735e-01   5.4407461e-01   1.1662146e-01   5.5264454e-01   7.2553107e-02   6.9887856e-01  -7.6042829e-02   6.5952841e-01  -1.6844369e-01   6.4192974e-01  -4.0154193e-02   6.2402089e-01  -7.0741451e-02   5.7066854e-01  -3.1742527e-01   6.1846188e-01  -9.6482339e-02
  -4.7876897e-01  -2.3729600e-01   5.6547568e-01   1.1500691e-01   5.6531620e-01   5.1264324e-02   6.8789520e-01  -2.8055701e-02   6.3327292e-01  -1.5546238e-01   6.3324037e-01  -5.6040704e-02   6.1029730e-01  -7.3526698e-02   5.0808318e-01  -2.2798941e-01   6.0283832e-01  -8.4964416e-02
  -5.5052696e-01  -1.3182288e-01   5.8693320e-01   1.1595038e-01   5.7469941e-01   4.0189059e-02   6.8838310e-01   3.3252098e-02   6.1201286e-01  -1.0794493e-01   6.2452432e-01  -4.2391531e-02   5.9905511e-01  -4.5870183e-02   4.7146717e-01  -9.2578679e-02   5.9114394e-01  -5.1559919e-02
  -5.7443423e-01   7.4974029e-03   6.0812942e-01   1.1060590e-01   5.8232259e-01   3.3100459e-02   7.0087646e-01   8.6532184e-02   5.9992486e-01  -4.3085765e-02   6.1965122e-01  -1.3726571e-02   5.9440296e-01  -4.3955780e-03   4.6711228e-01   5.2382192e-02   5.8602260e-01  -9.0700729e-03
  -5.4655047e-01   1.3360378e-01   6.2702009e-01   8.9746411e-02   5.8819399e-01   2.2065959e-02   7.2173793e-01   1.1289920e-01   5.9819531e-01   1.9298132e-02   6.1969282e-01   1.2391656e-02   5.9711890e-01   3.1775013e-02   4.9307566e-01   1.7124673e-01   5.8779937e-01   2.8249584e-02
  -4.7973850e-01   2.0770968e-01   6.4015064e-01   4.8225264e-02   5.9082194e-01   1.3272825e-03   7.4424520e-01   1.0193767e-01   6.0503125e-01   6.2602048e-02   6.2291300e-01   2.1795440e-02   6.0474230e-01   4.7489413e-02   5.4028752e-01   2.3793425e-01   5.9459386e-01   4.9261312e-02
  -3.9815268e-01   2.1016354e-01   6.4374878e-01  -1.2002474e-02   5.8800298e-01  -2.9957478e-02   7.6073822e-01   5.4984753e-02   6.1656997e-01   7.7808251e-02   6.2581016e-01   8.3899551e-03   6.1279222e-01   3.6203398e-02   5.9545733e-01   2.4147534e-01   6.0316153e-01   4.9164890e-02
  -3.2898327e-01   1.4486586e-01   6.3511148e-01  -8.1497659e-02   5.7794263e-01  -6.7064223e-02   7.6502167e-01  -1.5156433e-02   6.2825562e-01   6.5318308e-02   6.2466642e-01  -2.4226528e-02   6.1651914e-01   1.5577789e-03   6.4467901e-01   1.8733556e-01   6.1006815e-01   3.0516533e-02
  -2.9373466e-01   3.6535667e-02   6.1382650e-01  -1.4571804e-01   5.6030374e-01  -1.0118889e-01   7.5439151e-01  -8.8020544e-02   6.3630595e-01   3.3949606e-02   6.1711924e-01  -6.4418300e-02   6.1267563e-01  -4.4307080e-02   6.7691988e-01   9.4560017e-02   6.1285990e-01   1.9263364e-03
  -3.0211268e-01  -7.8478288e-02   5.8230675e-01  -1.8930082e-01   5.3673201e-01  -1.2245641e-01   7.3052799e-01  -1.4171468e-01   6.3875916e-01  -2.6313891e-03   6.0314749e-01  -9.6904571e-02   6.0065322e-01  -8.5167140e-02   6.8635623e-01  -1.0349958e-02   6.1080226e-01  -2.5152284e-02
  -3.4954901e-01  -1.6424361e-01   5.4556377e-01  -2.0065746e-01   5.1077337e-01  -1.2324806e-01   6.9918924e-01  -1.5958036e-01   6.3592668e-01  -3.0623336e-02   5.8529698e-01  -1.0815155e-01   5.8280066e-01  -1.0616940e-01   6.7334899e-01  -1.0076905e-01   6.0507645e-01  -4.0321678e-02
  -4.1987045e-01  -1.9657859e-01   5.1010463e-01  -1.7545339e-01   4.8706915e-01  -1.0081711e-01   6.6850922e-01  -1.3515772e-01   6.3000219e-01  -4.0549821e-02   5.6790225e-01  -9.1091663e-02   5.6364695e-01  -9.8695203e-02   6.4358751e-01  -1.5664521e-01   5.9825966e-01  -3.7646454e-02
  -4.9104066e-01  -1.6923655e-01   4.8245777e-01  -1.1781611e-01   4.7022758e-01  -5.8252969e-02   6.4673702e-01  -7.3771462e-02   6.2416087e-01  -2.9722154e-02   5.5577562e-01  -4.7311710e-02   5.4851952e-01  -6.2780620e-02   6.0612838e-01  -1.6851924e-01   5.9342381e-01  -1.7275080e-02
  -5.4219385e-01  -9.4282824e-02   4.6766524e-01  -3.9333574e-02   4.6365382e-01  -3.8176140e-03   6.3996748e-01   9.2020933e-03   6.2143860e-01  -2.4596807e-03   5.5274168e-01   1.3448555e-02   5.4194975e-01  -6.8933189e-03   5.7083936e-01  -1.3860498e-01   5.9311349e-01   1.4839807e-02
  -5.5970244e-01   3.0249254e-03   4.6814751e-01   4.3787882e-02   4.6867431e-01   5.1103080e-02   6.5051895e-01   9.2719610e-02   6.2375363e-01   3.1783617e-02   5.6047549e-01   7.6183382e-02   5.4635534e-01   5.4703505e-02   5.4595358e-01  -7.8939010e-02   5.9852438e-01   4.8924948e-02
  -5.4081515e-01   9.3031819e-02   4.8316333e-01   1.1471220e-01   4.8414780e-01   9.4922644e-02   6.7630352e-01   1.5594028e-01   6.3130202e-01   6.1689457e-02   5.7792209e-01   1.2502231e-01   5.6130330e-01   1.0618895e-01   5.3619684e-01  -7.2940643e-03   6.0907892e-01   7.4468621e-02
  -4.9328946e-01   1.5053270e-01   5.0911420e-01   1.5974011e-01   5.0676853e-01   1.1861167e-01   7.1150985e-01   1.8342085e-01   6.4258553e-01   7.7452501e-02   6.0158515e-01   1.4747367e-01   5.8369190e-01   1.3442477e-01   5.4215868e-01   5.7675329e-02   6.2260553e-01   8.3210975e-02
  -4.3253731e-01   1.6172175e-01   5.4037612e-01   1.7133610e-01   5.3180026e-01   1.1786892e-01   7.4804988e-01   1.6894356e-01   6.5484606e-01   7.3558068e-02   6.2635562e-01   1.3775357e-01   6.0851848e-01   1.3239568e-01   5.6053522e-01   1.0099172e-01   6.3589239e-01   7.1486326e-02
  -3.7644004e-01   1.2733227e-01   5.7063458e-01   1.4959584e-01   5.5420557e-01   9.4069445e-02   7.7765790e-01   1.1682712e-01   6.6490378e-01   5.0242095e-02   6.4683888e-01   9.8250672e-02   6.3021354e-01   1.0091795e-01   5.8539940e-01   1.1466421e-01   6.4558576e-01   4.1236355e-02
  -3.3994060e-01   6.1085519e-02   5.9429785e-01   1.0175113e-01   5.6980322e-01   5.3692568e-02   7.9393716e-01   4.0370891e-02   6.7007706e-01   1.3171080e-02   6.5871720e-01   3.8647382e-02   6.4406723e-01   4.8091438e-02   6.0997215e-01   9.8862948e-02   6.4910845e-01  -6.3542638e-04
  -3.3137973e-01  -1.5230623e-02   6.0754613e-01   4.0101957e-02   5.7608051e-01   6.5851595e-03   7.9369807e-01  -4.1723855e-02   6.6885146e-01  -2.8307000e-02   6.5968502e-01  -2.6734411e-02   6.4726144e-01  -1.3033946e-02   6.2825315e-01   6.0945121e-02   6.4528028e-01  -4.4150522e-02
  -3.4998378e-01  -7.9185953e-02   6.0918062e-01  -2.1341672e-02   5.7279508e-01  -3.6725595e-02   7.7784110e-01  -1.1060899e-01   6.6138486e-01  -6.4027141e-02   6.5010700e-01  -8.3020327e-02   6.3965707e-01  -6.8208394e-02   6.3663698e-01   1.2877674e-02   6.3473819e-01  -7.9135604e-02
  -3.8773402e-01  -1.1411175e-01   6.0041383e-01  -7.0153092e-02   5.6167500e-01  -6.7502658e-02   7.5060215e-01  -1.5174766e-01   6.4926917e-01  -8.5753192e-02   6.3257873e-01  -1.1844440e-01   6.2345683e-01  -1.0556740e-01   6.3426416e-01  -3.2456070e-02   6.1960429e-01  -9.7781980e-02
  -4.3201654e-01  -1.1358846e-01   5.8443290e-01  -9.8220139e-02   5.4592893e-01  -8.0763069e-02   7.1847587e-01  -1.5831348e-01   6.3512776e-01  -8.9271888e-02   6.1125916e-01  -1.2713711e-01   6.0262141e-01  -1.1845242e-01   6.2302040e-01  -6.4535232e-02   6.0299244e-01  -9.6578066e-02
  -4.6992298e-01  -8.2004441e-02   5.6541117e-01  -1.0295162e-01   5.2933030e-01  -7.5962612e-02   6.8845352e-01  -1.3199167e-01   6.2187172e-01  -7.5042329e-02   5.9072493e-01  -1.0987296e-01   5.8174704e-01  -1.0641890e-01   6.0665058e-01  -7.7446994e-02   5.8819305e-01  -7.6789761e-02
