   1.6734749e-01   2.1047510e-01   5.4257167e-02   6.1967272e-01   6.2316532e-02   1.9230802e-01   1.0320946e-01   2.7488777e-01   1.8243885e-02   2.6650683e-01   3.4097170e-03   4.0258294e-01   5.0033217e-04   3.6612075e-02   3.5342284e-02   1.6608642e-01   6.7696458e-02   1.5932729e-01
   1.1345960e-01  -4.9864072e-01   2.1450083e-01   8.9466975e-01   1.3709260e-01   6.0058309e-01   1.6229200e-01   5.1728928e-01   9.3458013e-02   6.1125054e-01   1.0524210e-01   7.3330829e-01   4.4354245e-02   4.2181555e-01   1.3024752e-01   6.4665018e-01   1.2613384e-01   5.3743157e-01
  -1.4491562e-01  -9.4737906e-01   4.1446266e-01   1.0000000e+00   2.7574292e-01   8.7824726e-01   2.5254437e-01   7.0215904e-01   2.1799794e-01   8.5129695e-01   2.5326212e-01   9.2888976e-01   1.5365144e-01   7.2955938e-01   3.1387643e-01   9.3770687e-01   2.3817571e-01   8.0990009e-01
  -4.9118509e-01  -1.0000000e+00   6.1906856e-01   9.4354453e-01   4.5136707e-01   1.0000000e+00   3.6668235e-01   8.4321008e-01   3.7365179e-01   9.8085487e-01   4.2449377e-01   1.0000000e+00   3.1083679e-01   9.2889180e-01   5.3766877e-01   1.0000000e+00   3.8531406e-01   9.6447602e-01
  -7.8836507e-01  -6.7939586e-01   7.9803644e-01   7.6046634e-01   6.3517944e-01   9.6969323e-01   4.9821654e-01   9.3636186e-01   5.4178029e-01   1.0000000e+00   5.9843935e-01   9.6235980e-01   4.9355522e-01   1.0000000e+00   7.5116246e-01   8.5466885e-01   5.4799528e-01   1.0000000e+00
  -9.3297462e-01  -1.4399371e-01   9.2942629e-01   4.9227035e-01   8.0099223e-01   8.0900384e-01   6.3869971e-01   9.6033305e-01   7.0414484e-01   9.1357207e-01   7.5727864e-01   8.3023835e-01   6.7698365e-01   9.3656614e-01   9.1373634e-01   5.6195856e-01   7.0714921e-01   9.2297836e-01
  -8.8552125e-01   4.0842104e-01   9.9923533e-01   1.7320444e-01   9.2717198e-01   5.4428173e-01   7.7586332e-01   8.8677126e-01   8.4380088e-01   7.3231998e-01   8.8549848e-01   6.1608436e-01   8.3641490e-01   7.4602392e-01   9.9996534e-01   1.9200275e-01   8.4520145e-01   7.4496121e-01
  -6.7006809e-01   8.0913237e-01   1.0000000e+00  -1.6657268e-01   9.9706256e-01   2.0380499e-01   8.9357006e-01   6.9276326e-01   9.4613482e-01   4.7317074e-01   9.6984156e-01   3.3353129e-01   9.4972925e-01   4.4868544e-01   1.0000000e+00  -1.8762747e-01   9.4683918e-01   4.8204857e-01
  -3.6058194e-01   9.4285123e-01   9.3110346e-01  -4.8948346e-01   1.0000000e+00  -1.7406656e-01   9.7358475e-01   3.7672577e-01   1.0000000e+00   1.6112734e-01   1.0000000e+00   4.4688498e-03   1.0000000e+00   8.0285375e-02   9.1923111e-01  -5.1043004e-01   1.0000000e+00   1.5900977e-01
  -5.8217316e-02   7.6724436e-01   8.0105684e-01  -7.4582701e-01   9.3395108e-01  -5.3394735e-01   1.0000000e+00  -2.7667545e-02   9.9942660e-01  -1.6704712e-01   9.7090185e-01  -3.3297611e-01   9.7873881e-01  -3.0489420e-01   7.7781225e-01  -7.1348322e-01   9.9782328e-01  -1.8518269e-01
   1.3678415e-01   3.3672233e-01   6.2915481e-01  -8.8436540e-01   8.0828214e-01  -8.0918445e-01   9.6455341e-01  -4.4962739e-01   9.4563084e-01  -4.6246546e-01   8.8565198e-01  -6.2399075e-01   8.8908440e-01  -6.3736889e-01   6.0840483e-01  -7.5308115e-01   9.4101025e-01  -4.9721832e-01
   1.6009502e-01  -2.0422072e-01   4.4378825e-01  -8.7259956e-01   6.4432270e-01  -9.4170991e-01   8.7131198e-01  -7.9896379e-01   8.4859448e-01  -6.7327698e-01   7.5770815e-01  -8.0996769e-01   7.4759079e-01  -8.4858773e-01   4.4946282e-01  -6.2409291e-01   8.3961184e-01  -7.2026061e-01
   4.3326749e-03  -6.7750158e-01   2.7678014e-01  -7.1063253e-01   4.7158736e-01  -9.0259015e-01   7.3704772e-01  -9.9682553e-01   7.2609225e-01  -7.6062393e-01   6.0957152e-01  -8.4908573e-01   5.8172399e-01  -8.9287708e-01   3.3564159e-01  -3.6398695e-01   7.1202389e-01  -8.1142192e-01
  -2.8005072e-01  -9.3387253e-01   1.5645778e-01  -4.3125463e-01   3.2148342e-01  -7.0086779e-01   5.8775256e-01  -1.0000000e+00   6.0041353e-01  -7.1136191e-01   4.6848155e-01  -7.3110251e-01   4.2413317e-01  -7.6233964e-01   2.8931081e-01  -4.1050000e-02   5.8159075e-01  -7.5497633e-01
  -6.0357271e-01  -9.0097955e-01   1.0167213e-01  -9.0938845e-02   2.2037275e-01  -3.8109631e-01   4.5227369e-01  -8.1382439e-01   4.9346183e-01  -5.4338295e-01   3.6022955e-01  -4.8276615e-01   3.0502705e-01  -4.9062500e-01   3.1581651e-01   2.6623263e-01   4.7155960e-01  -5.6808378e-01
  -8.6818161e-01  -6.0382245e-01   1.1831171e-01   2.4476902e-01   1.8402697e-01  -1.1154748e-02   3.5523465e-01  -4.8927980e-01   4.2181514e-01  -3.0085670e-01   3.0308641e-01  -1.6123830e-01   2.4508295e-01  -1.4379157e-01   4.0364854e-01   4.9112266e-01   3.9991658e-01  -2.9665392e-01
  -1.0000000e+00  -1.4812944e-01   1.9906119e-01   5.1745256e-01   2.1486898e-01   3.3643796e-01   3.1132118e-01  -1.0464300e-01   3.9325772e-01  -4.0205356e-02   3.0371215e-01   1.6328909e-01   2.5095000e-01   1.9975350e-01   5.2905491e-01   5.9383252e-01   3.7555078e-01  -1.5728239e-03
  -9.6800072e-01   3.2487433e-01   3.2617885e-01   6.8519613e-01   3.0290430e-01   5.9991294e-01   3.2330801e-01   2.5706280e-01   4.0627887e-01   1.8506201e-01   3.5682044e-01   4.2576825e-01   3.1524232e-01   4.6930943e-01   6.6253041e-01   5.6251587e-01   3.9738459e-01   2.5708806e-01
  -7.9026609e-01   6.8131631e-01   4.7515704e-01   7.2595286e-01   4.2834050e-01   7.3719233e-01   3.8228584e-01   5.2438170e-01   4.5124620e-01   3.3450915e-01   4.4691224e-01   5.7814138e-01   4.1899141e-01   6.1533037e-01   7.7468608e-01   4.0976793e-01   4.5526546e-01   4.3179085e-01
  -5.2416814e-01   8.2899950e-01   6.1914984e-01   6.3874536e-01   5.6592582e-01   7.3086950e-01   4.7055370e-01   6.5007259e-01   5.1334436e-01   3.8693578e-01   5.5219154e-01   5.9685506e-01   5.3666280e-01   6.1696731e-01   8.4152565e-01   1.6953560e-01   5.3291232e-01   4.9557824e-01
  -2.4847263e-01   7.3751822e-01   7.3340566e-01   4.4534712e-01   6.8971442e-01   5.9160099e-01   5.6585338e-01   6.2073905e-01   5.7605773e-01   3.4395012e-01   6.4922805e-01   4.8773720e-01   6.4176358e-01   4.8550884e-01   8.4894753e-01  -1.0448680e-01   6.1165510e-01   4.4703412e-01
  -4.0616491e-02   4.4792638e-01   7.9994772e-01   1.8900021e-01   7.7827322e-01   3.5789443e-01   6.4671936e-01   4.6200277e-01   6.2507835e-01   2.3061985e-01   7.1824248e-01   2.8703903e-01   7.1280567e-01   2.6327516e-01   7.9660213e-01  -3.4660855e-01   6.7474254e-01   3.1150044e-01
   4.7440361e-02   5.8312460e-02   8.1141433e-01  -7.5326475e-02   8.1934326e-01   8.6348722e-02   6.9809436e-01   2.3021616e-01   6.5196218e-01   8.7944456e-02   7.4805618e-01   5.1648641e-02   7.3851664e-01   1.2003038e-02   6.9883923e-01  -4.9731462e-01   7.1145396e-01   1.3331478e-01
   1.8031539e-03  -3.1098706e-01   7.7175289e-01  -2.9496119e-01   8.1146052e-01  -1.6376690e-01   7.1420171e-01  -6.4223668e-03   6.5550060e-01  -4.0135059e-02   7.3793531e-01  -1.5793608e-01   7.1947658e-01  -2.0490044e-01   5.8093655e-01  -5.2132203e-01   7.1885560e-01  -3.8069465e-02
  -1.5165704e-01  -5.5545629e-01   6.9452065e-01  -4.3213893e-01   7.6320003e-01  -3.4532916e-01   6.9893383e-01  -1.8819804e-01   6.4120603e-01  -1.1985588e-01   6.9685082e-01  -2.9465499e-01   6.6695647e-01  -3.3953726e-01   4.7233544e-01  -4.1804732e-01   7.0158722e-01  -1.6214616e-01
  -3.5852015e-01  -6.1702150e-01   5.9886924e-01  -4.7148530e-01   6.8988172e-01  -4.3337656e-01   6.6331522e-01  -2.7971726e-01   6.1874604e-01  -1.3647281e-01   6.3994848e-01  -3.3651931e-01   5.9879104e-01  -3.7084746e-01   3.9870429e-01  -2.2018786e-01   6.6947008e-01  -2.1731648e-01
  -5.5446974e-01  -4.9768093e-01   5.0471746e-01  -4.2105068e-01   6.0913474e-01  -4.2814361e-01   6.2134651e-01  -2.7664298e-01   5.9850524e-01  -9.6328395e-02   5.8378520e-01  -2.8970692e-01   5.3401791e-01  -3.0725509e-01   3.7558126e-01   1.7334600e-02   6.3407868e-01  -2.0410138e-01
  -6.8584520e-01  -2.5310356e-01   4.2821188e-01  -3.0694778e-01   5.3643356e-01  -3.5070681e-01   5.8548807e-01  -2.0191115e-01   5.8826657e-01  -2.2046244e-02   5.4164417e-01  -1.8280273e-01   4.8766871e-01  -1.8050769e-01   4.0498783e-01   2.3423218e-01   6.0525097e-01  -1.4134634e-01
  -7.2366654e-01   3.1825620e-02   3.7910001e-01  -1.6356666e-01   4.8226286e-01  -2.3295273e-01   5.6362865e-01  -9.3182704e-02   5.9135209e-01   5.7032943e-02   5.2076126e-01  -5.4648750e-02   4.6768639e-01  -3.3149653e-02   4.7635071e-01   3.8079866e-01   5.8888791e-01  -5.7155340e-02
  -6.6933603e-01   2.7038434e-01   3.5990319e-01  -2.4252385e-02   4.5097931e-01  -1.0756780e-01   5.5782459e-01   1.0401527e-02   6.0620363e-01   1.1398529e-01   5.2148303e-01   5.7475329e-02   4.7397082e-01   9.3879331e-02   5.6999184e-01   4.2838749e-01   5.8612614e-01   2.0215830e-02
  -5.5066269e-01   3.9909843e-01   3.6696892e-01   8.5817117e-02   4.4147170e-01  -1.3934421e-04   5.6497868e-01   7.9448860e-02   6.2746749e-01   1.3146165e-01   5.3846471e-01   1.2727489e-01   4.9973586e-01   1.7142591e-01   6.6263549e-01   3.7344139e-01   5.9399282e-01   6.9929401e-02
  -4.1089826e-01   3.9255173e-01   3.9259618e-01   1.5306241e-01   4.4890202e-01   7.4682342e-02   5.7880650e-01   1.0036790e-01   6.4795238e-01   1.0514487e-01   5.6309835e-01   1.4418425e-01   5.3430767e-01   1.8745754e-01   7.3288782e-01   2.3561394e-01   6.0701865e-01   8.2627428e-02
  -2.9459694e-01   2.6798423e-01   4.2757011e-01   1.7631077e-01   4.6684244e-01   1.1412951e-01   5.9233240e-01   7.7089898e-02   6.6090037e-01   4.4174470e-02   5.8641429e-01   1.1431839e-01   5.6650731e-01   1.4828368e-01   7.6596169e-01   5.2186186e-02   6.1924998e-01   6.1572579e-02
  -2.3454945e-01   7.6924141e-02   4.6348417e-01   1.6472205e-01   4.8923956e-01   1.2521492e-01   6.0018075e-01   2.7571640e-02   6.6194609e-01  -3.2119870e-02   6.0165651e-01   5.6844935e-02   5.8769606e-01   7.4863109e-02   7.5656802e-01  -1.3083965e-01   6.2609359e-01   2.0205061e-02
  -2.4185327e-01  -1.1392548e-01   4.9467289e-01   1.3334590e-01   5.1202103e-01   1.2029826e-01   6.0032340e-01  -2.3964462e-02   6.5051021e-01  -1.0072849e-01   6.0620551e-01  -3.5438747e-03   5.9411863e-01  -5.0218318e-03   7.0995343e-01  -2.7038616e-01   6.2574298e-01  -2.3324521e-02
  -3.0585002e-01  -2.4501312e-01   5.1865392e-01   9.7770543e-02   5.3339655e-01   1.1178972e-01   5.9410103e-01  -5.6068184e-02   6.2959900e-01  -1.4216559e-01   6.0153198e-01  -4.5111711e-02   5.8702716e-01  -6.5805873e-02   6.3968669e-01  -3.3611654e-01   6.1923540e-01  -5.2590131e-02
  -3.9918113e-01  -2.8164597e-01   5.3584744e-01   6.9442527e-02   5.5353929e-01   1.0775184e-01   5.8537260e-01  -5.7161385e-02   6.0479998e-01  -1.4618200e-01   5.9217915e-01  -5.5779065e-02   5.7168322e-01  -9.1533226e-02   5.6408001e-01  -3.1757221e-01   6.0980882e-01  -5.8080472e-02
  -4.8822012e-01  -2.2230855e-01   5.4834965e-01   5.2806718e-02   5.7349445e-01   1.0942070e-01   5.7874445e-01  -2.8736878e-02   5.8244832e-01  -1.1417593e-01   5.8371428e-01  -3.6035705e-02   5.5510821e-01  -7.9548463e-02   5.0135792e-01  -2.2570705e-01   6.0149845e-01  -3.9679436e-02
  -5.4406621e-01  -9.5608288e-02   5.5843856e-01   4.5130285e-02   5.9392640e-01   1.1145963e-01   5.7774162e-01   1.6241713e-02   5.6776538e-01  -5.7803731e-02   5.8062889e-01   2.5978101e-03   5.4364540e-01  -3.9645802e-02   4.6524474e-01  -8.8763184e-02   5.9764953e-01  -5.7883626e-03
  -5.5143646e-01   5.1985891e-02   5.6723142e-01   3.8992569e-02   6.1407899e-01   1.0488481e-01   5.8341427e-01   5.8913646e-02   5.6339546e-01   5.4477207e-03   5.8472088e-01   4.2690704e-02   5.4091451e-01   1.0583136e-02   4.6178405e-01   5.6437802e-02   5.9972863e-01   3.0347911e-02
  -5.1155188e-01   1.7209558e-01   5.7418794e-01   2.6224992e-02   6.3155878e-01   8.1335073e-02   5.9407500e-01   8.1520817e-02   5.6897989e-01   5.7803170e-02   5.9471847e-01   6.7280802e-02   5.4705940e-01   5.2123410e-02   4.8872784e-01   1.7427038e-01   6.0699329e-01   5.5441431e-02
  -4.4054066e-01   2.2908558e-01   5.7732048e-01   1.8103709e-03   6.4280323e-01   3.7244701e-02   6.0588283e-01   7.3651950e-02   5.8149281e-01   8.6294451e-02   6.0681939e-01   6.5584496e-02   5.5898680e-01   7.0611762e-02   5.3671144e-01   2.3913765e-01   6.1681250e-01   6.0573526e-02
  -3.6311034e-01   2.0938576e-01   5.7415169e-01  -3.3793027e-02   6.4423751e-01  -2.3811017e-02   6.1424082e-01   3.5642293e-02   5.9637831e-01   8.5964760e-02   6.1613599e-01   3.6259222e-02   5.7169240e-01   6.0345360e-02   5.9225113e-01   2.4070966e-01   6.2565164e-01   4.3837403e-02
  -3.0426319e-01   1.2413894e-01   5.6291766e-01  -7.4457882e-02   6.3362911e-01  -9.1270507e-02   6.1543040e-01  -2.1470876e-02   6.0901520e-01   6.0728568e-02   6.1844025e-01  -1.2290839e-02   5.8005675e-01   2.5548159e-02   6.4144994e-01   1.8516989e-01   6.3029758e-01   1.0762434e-02
  -2.8189915e-01   3.8811425e-03   5.4351435e-01  -1.1041100e-01   6.1108748e-01  -1.5039645e-01   6.0787138e-01  -7.9678104e-02   6.1601631e-01   2.1449223e-02   6.1157564e-01  -6.4882272e-02   5.8048034e-01  -2.1659418e-02   6.7328505e-01   9.1948257e-02   6.2888129e-01  -2.7759593e-02
  -3.0114476e-01  -1.1198404e-01   5.1803675e-01  -1.3142083e-01   5.7956713e-01  -1.8658983e-01   5.9287266e-01  -1.1990656e-01   6.1622393e-01  -1.7805081e-02   5.9638169e-01  -1.0454233e-01   5.7214850e-01  -6.5416395e-02   6.8224603e-01  -1.2360553e-02   6.2158015e-01  -5.9092203e-02
  -3.5425426e-01  -1.8850353e-01   4.9041267e-01  -1.3022631e-01   5.4430606e-01  -1.8985192e-01   5.7417815e-01  -1.2832139e-01   6.1074091e-01  -4.4442868e-02   5.7636432e-01  -1.1812142e-01   5.5708937e-01  -9.1505678e-02   6.6883162e-01  -1.0163906e-01   6.1045681e-01  -7.3056133e-02
  -4.2369151e-01  -2.0521406e-01   4.6557426e-01  -1.0476931e-01   5.1173685e-01  -1.5765735e-01   5.5692257e-01  -1.0046828e-01   6.0241371e-01  -5.0894981e-02   5.5671584e-01  -1.0018353e-01   5.3951525e-01  -9.1489454e-02   6.3882319e-01  -1.5640462e-01   5.9883566e-01  -6.4910201e-02
  -4.8815889e-01  -1.6118410e-01   4.4826690e-01  -5.8954703e-02   4.8799706e-01  -9.5765934e-02   5.4611876e-01  -4.2513362e-02   5.9480357e-01  -3.6419481e-02   5.4278707e-01  -5.4468086e-02   5.2449210e-01  -6.4932803e-02   6.0127697e-01  -1.6773041e-01   5.9027914e-01  -3.6599352e-02
  -5.2940879e-01  -7.3663927e-02   4.4184605e-01  -1.7393211e-03   4.7746369e-01  -1.6786864e-02   5.4516438e-01   3.0730608e-02   5.9101369e-01  -6.7283133e-03   5.3851354e-01   7.4455656e-03   5.1639439e-01  -1.9124112e-02   5.6592285e-01  -1.3816306e-01   5.8750422e-01   4.0566019e-03
  -5.3700921e-01   2.8922545e-02   4.4752185e-01   5.5153358e-02   4.8185642e-01   6.3010014e-02   5.5497301e-01   1.0023416e-01   5.9284278e-01   2.8317561e-02   5.4542651e-01   6.9720618e-02   5.1776015e-01   3.3535040e-02   5.4089043e-01  -7.9494075e-02   5.9167531e-01   4.5895482e-02
  -5.1129288e-01   1.1593361e-01   4.6395301e-01   1.0001796e-01   4.9976788e-01   1.2748401e-01   5.7358095e-01   1.4792966e-01   6.0022902e-01   5.7688273e-02   5.6212696e-01   1.1656672e-01   5.2851710e-01   7.9022191e-02   5.3080848e-01  -9.1767157e-03   6.0200501e-01   7.7527767e-02
  -4.6188201e-01   1.6403484e-01   4.8766229e-01   1.2405196e-01   5.2717351e-01   1.6441933e-01   5.9680561e-01   1.6167068e-01   6.1142997e-01   7.2517656e-02   5.8482288e-01   1.3656496e-01   5.4618174e-01   1.0575070e-01   5.3624887e-01   5.4773147e-02   6.1608121e-01   9.0563593e-02
  -4.0433074e-01   1.6285398e-01   5.1380723e-01   1.2322882e-01   5.5834634e-01   1.6796790e-01   6.1928840e-01   1.3807526e-01   6.2354884e-01   6.8276598e-02   6.0829230e-01   1.2528204e-01   5.6654714e-01   1.0731743e-01   5.5403447e-01   9.7851702e-02   6.3049926e-01   8.1601126e-02
  -3.5519404e-01   1.1716952e-01   5.3728354e-01   9.9172011e-02   5.8715833e-01   1.3977873e-01   6.3587498e-01   8.3357109e-02   6.3337331e-01   4.5903798e-02   6.2722775e-01   8.6291204e-02   5.8481546e-01   8.4046345e-02   5.7839960e-01   1.1228289e-01   6.4176577e-01   5.3059098e-02
  -3.2697837e-01   4.4089521e-02   5.5389876e-01   5.8486481e-02   6.0846277e-01   8.8139911e-02   6.4296156e-01   1.1307278e-02   6.3830629e-01   1.1239715e-02   6.3761076e-01   2.9838961e-02   5.9689239e-01   4.2509691e-02   6.0275353e-01   9.8197966e-02   6.4723696e-01   1.2271033e-02
  -3.2537246e-01  -3.3023864e-02   5.6112576e-01   1.0903203e-02   6.1899463e-01   2.5597550e-02   6.3921153e-01  -6.0564119e-02   6.3696095e-01  -2.6866834e-02   6.3751205e-01  -3.0134159e-02   6.0026233e-01  -6.6207867e-03   6.2124741e-01   6.2509120e-02   6.4567348e-01  -3.0665413e-02
  -3.4763503e-01  -9.2140328e-02   5.5866153e-01  -3.3235845e-02   6.1805552e-01  -3.4279300e-02   6.2595119e-01  -1.1587720e-01   6.2958696e-01  -5.9141198e-02   6.2760696e-01  -7.9857457e-02   5.9466081e-01  -5.1592142e-02   6.3028276e-01   1.6593840e-02   6.3760345e-01  -6.5700558e-02
  -3.8490543e-01  -1.1884359e-01   5.4813789e-01  -6.5445845e-02   6.0722315e-01  -8.0090357e-02   6.0650205e-01  -1.4341183e-01   6.1779961e-01  -7.8397779e-02   6.1064264e-01  -1.0916942e-01   5.8180944e-01  -8.2700296e-02   6.2891836e-01  -2.7355912e-02   6.2496872e-01  -8.5389409e-02
  -4.2509694e-01  -1.0960800e-01   5.3262450e-01  -8.0776811e-02   5.8982274e-01  -1.0480071e-01   5.8532891e-01  -1.3942278e-01   6.0414559e-01  -8.1126192e-02   5.9069600e-01  -1.1361522e-01   5.6490544e-01  -9.4379887e-02   6.1880809e-01  -5.9246274e-02   6.1062070e-01  -8.6468526e-02
  -4.5685276e-01  -7.1662332e-02   5.1577541e-01  -7.8526504e-02   5.6998143e-01  -1.0672845e-01   5.6685978e-01  -1.0786398e-01   5.9140232e-01  -6.8016239e-02   5.7206761e-01  -9.4935932e-02   5.4771255e-01  -8.6116215e-02   6.0343450e-01  -7.3293952e-02   5.9756008e-01  -7.0265922e-02
