   1.8626989e-01   1.5432296e-01   1.9612699e-01   4.4731467e-01   3.3397822e-02   2.2278274e-01   1.1488319e-01   6.1320609e-01   3.8087490e-02   5.4539586e-01   1.0344839e-01   6.0261493e-01   1.5478787e-01   3.2507274e-01   1.4577131e-01   6.5266405e-01   4.1149308e-02   3.7337794e-01
   1.1159377e-01  -5.4053065e-01   3.0314625e-01   8.1865529e-01   1.1824314e-01   6.4070988e-01   2.1903005e-01   8.1370412e-01   1.5199332e-01   8.1444534e-01   2.2491747e-01   8.7707778e-01   2.2629271e-01   6.2320393e-01   3.2745600e-01   9.4374457e-01   1.3151159e-01   7.0530177e-01
  -1.7132248e-01  -9.6737097e-01   4.5596621e-01   1.0000000e+00   2.6881144e-01   9.0416503e-01   3.4423320e-01   9.1226378e-01   3.0011952e-01   9.6166395e-01   3.7811865e-01   1.0000000e+00   3.3521468e-01   8.2978207e-01   5.4785456e-01   1.0000000e+00   2.6635422e-01   9.1334549e-01
  -5.3875471e-01  -1.0000000e+00   6.2337211e-01   9.9993372e-01   4.5370794e-01   1.0000000e+00   4.7848563e-01   9.4450928e-01   4.6333406e-01   1.0000000e+00   5.4078549e-01   9.9981853e-01   4.6816205e-01   9.4726357e-01   7.5643707e-01   8.4622608e-01   4.2530562e-01   1.0000000e+00
  -8.4915163e-01  -6.6999661e-01   7.7830517e-01   8.5654402e-01   6.4208143e-01   9.4511856e-01   6.1387704e-01   9.2925072e-01   6.2495739e-01   9.4477806e-01   6.9549267e-01   9.0546010e-01   6.1183738e-01   9.7339264e-01   9.1362664e-01   5.5109373e-01   5.8935662e-01   9.7788035e-01
  -9.9770673e-01  -1.3580298e-01   9.0079332e-01   6.1357357e-01   8.0797496e-01   7.7050838e-01   7.4354638e-01   8.6252728e-01   7.7066533e-01   8.0900934e-01   8.2879715e-01   7.3672734e-01   7.5214495e-01   9.0026599e-01   9.9686663e-01   1.9342331e-01   7.4187384e-01   8.6215150e-01
  -9.4594346e-01   4.1037518e-01   9.7741235e-01   3.0615760e-01   9.3146144e-01   5.0694283e-01   8.5882870e-01   7.2624701e-01   8.8813844e-01   6.0464648e-01   9.2972927e-01   5.0579769e-01   8.7377367e-01   7.2124929e-01   1.0000000e+00  -1.5966015e-01   8.6863082e-01   6.6704834e-01
  -7.2002222e-01   8.0385275e-01   1.0000000e+00  -3.5664940e-02   9.9824421e-01   1.8319902e-01   9.4837830e-01   5.0231695e-01   9.6714458e-01   3.4510786e-01   9.8913389e-01   2.2348442e-01   9.6107007e-01   4.3903243e-01   9.3029080e-01  -4.5335437e-01   9.5774157e-01   4.0690950e-01
  -3.9770808e-01   9.3179371e-01   9.6577928e-01  -3.7438122e-01   1.0000000e+00  -1.6530055e-01   9.9912815e-01   1.8942000e-01   1.0000000e+00   4.9152373e-02   1.0000000e+00  -9.1924895e-02   1.0000000e+00   7.5232973e-02   8.0629464e-01  -6.4109236e-01   1.0000000e+00   1.0160536e-01
  -8.4097978e-02   7.5622795e-01   8.7932468e-01  -6.5903044e-01   9.3647472e-01  -4.8961372e-01   1.0000000e+00  -1.8330228e-01   9.8294772e-01  -2.5411620e-01   9.5953322e-01  -4.0615161e-01   9.8170153e-01  -3.2233615e-01   6.5561750e-01  -6.8934305e-01   9.9040693e-01  -2.1728182e-01
   1.1848983e-01   3.3574192e-01   7.5412440e-01  -8.3511007e-01   8.1772282e-01  -7.3254046e-01   9.4638290e-01  -5.5509704e-01   9.1797580e-01  -5.2398213e-01   8.7178438e-01  -6.6887735e-01   9.0618481e-01  -6.8231785e-01   5.1070153e-01  -5.9120049e-01   9.3018953e-01  -5.0557478e-01
   1.4581981e-01  -1.8646693e-01   6.1165639e-01  -8.6426539e-01   6.6430534e-01  -8.4554428e-01   8.4392320e-01  -8.4939126e-01   8.1436238e-01  -7.1545825e-01   7.4950882e-01  -8.2631191e-01   7.8489413e-01  -9.2742431e-01   4.0160332e-01  -3.7465551e-01   8.2842565e-01  -7.1485639e-01
  -7.7057228e-03  -6.3893330e-01   4.7726666e-01  -7.3873599e-01   5.0377686e-01  -8.0561022e-01   7.0880529e-01  -1.0000000e+00   6.8817727e-01  -7.9323237e-01   6.1305183e-01  -8.4070441e-01   6.3952843e-01  -1.0000000e+00   3.4881036e-01  -9.5330975e-02   7.0148941e-01  -8.0680348e-01
  -2.8983697e-01  -8.8080073e-01   3.7487907e-01  -4.8318070e-01   3.6504110e-01  -6.2210926e-01   5.6470414e-01  -9.7167143e-01   5.5967443e-01  -7.4342755e-01   4.8656253e-01  -7.0427419e-01   4.9766876e-01  -8.8069582e-01   3.5891772e-01   1.8026483e-01   5.7040126e-01  -7.6477786e-01
  -6.1011174e-01  -8.4671827e-01   3.2205050e-01  -1.4856110e-01   2.7220684e-01  -3.3477466e-01   4.3736617e-01  -7.7184232e-01   4.4915797e-01  -5.7966259e-01   3.9258554e-01  -4.4476454e-01   3.8634766e-01  -5.9649370e-01   4.2427364e-01   3.9333940e-01   4.5664133e-01  -6.0032376e-01
  -8.7096450e-01  -5.6443464e-01   3.2657581e-01   1.9991796e-01   2.3965928e-01  -3.5521140e-03   3.4846997e-01  -4.4872274e-01   3.7258790e-01  -3.4012841e-01   3.4670115e-01  -1.1931528e-01   3.2552907e-01  -2.1403956e-01   5.2635564e-01   5.0660668e-01   3.7757180e-01  -3.5136251e-01
  -1.0000000e+00  -1.3676542e-01   3.8529741e-01   4.9819108e-01   2.6952773e-01   3.0718102e-01   3.1061502e-01  -7.5311781e-02   3.3827539e-01  -7.6031603e-02   3.5390203e-01   2.0239645e-01   3.2342750e-01   1.8062529e-01   6.4121836e-01   5.0814521e-01   3.4276034e-01  -7.1375119e-02
  -9.6834410e-01   3.0266260e-01   4.8549542e-01   6.9495551e-01   3.5243142e-01   5.4232763e-01   3.2549481e-01   2.7148417e-01   3.4605482e-01   1.6212136e-01   4.0830844e-01   4.5649690e-01   3.7564287e-01   5.0525764e-01   7.4456409e-01   4.0555528e-01   3.5276646e-01   1.8473727e-01
  -7.9513102e-01   6.2933190e-01   6.0742915e-01   7.5813000e-01   4.6992255e-01   6.6402859e-01   3.8432365e-01   5.2611114e-01   3.8811244e-01   3.3408433e-01   4.9496351e-01   5.9674300e-01   4.6680781e-01   6.9768326e-01   8.1544154e-01   2.2108154e-01   3.9971625e-01   3.7158571e-01
  -5.3786226e-01   7.5904494e-01   7.2805475e-01   6.8009640e-01   5.9841827e-01   6.5672736e-01   4.7045533e-01   6.4633201e-01   4.5133401e-01   4.1642260e-01   5.9345994e-01   6.0231316e-01   5.7458376e-01   7.2700645e-01   8.3944070e-01  -9.0012116e-03   4.6965403e-01   4.6142812e-01
  -2.7392055e-01   6.6697723e-01   8.2540152e-01   4.8165823e-01   7.1378896e-01   5.3041417e-01   5.6343049e-01   6.2208148e-01   5.2044319e-01   4.0659400e-01   6.8244871e-01   4.8255790e-01   6.7482327e-01   5.9998582e-01   8.1172865e-01  -2.3524624e-01   5.4590895e-01   4.4931690e-01
  -7.8271467e-02   3.9451764e-01   8.8308736e-01   2.1031597e-01   7.9611277e-01   3.1984929e-01   6.4377155e-01   4.7872690e-01   5.8145000e-01   3.2363153e-01   7.4440999e-01   2.7667652e-01   7.4705535e-01   3.6070983e-01   7.3917417e-01  -4.0339713e-01   6.1287869e-01   3.5413091e-01
   3.1945779e-04   3.5706711e-02   8.9423854e-01  -7.1835218e-02   8.3409224e-01   7.5799802e-02   6.9801010e-01   2.6893525e-01   6.2508072e-01   2.0203449e-01   7.7015006e-01   4.3148230e-02   7.7969969e-01   7.8273130e-02   6.3981329e-01  -4.7148729e-01   6.5981940e-01   2.1230538e-01
  -4.9321151e-02  -2.9726088e-01   8.6204597e-01  -3.0578139e-01   8.2637856e-01  -1.4915064e-01   7.2096998e-01   5.4293323e-02   6.4810942e-01   8.0061999e-02   7.6006885e-01  -1.5839900e-01   7.7177253e-01  -1.7460466e-01   5.3816664e-01  -4.2400419e-01   6.8245794e-01   6.5463378e-02
  -1.9965769e-01  -5.0966506e-01   7.9819920e-01  -4.5042850e-01   7.8086476e-01  -3.1367446e-01   7.1593128e-01  -1.1309582e-01   6.5317749e-01  -1.1759234e-02   7.2317741e-01  -2.8413401e-01   7.3214987e-01  -3.4184666e-01   4.5870740e-01  -2.7697654e-01   6.8300275e-01  -5.1680449e-02
  -3.9657992e-01  -5.5201606e-01   7.1908668e-01  -4.9060567e-01   7.1155428e-01  -3.9608676e-01   6.9213071e-01  -2.0395580e-01   6.4675181e-01  -5.8313038e-02   6.7351210e-01  -3.1648905e-01   6.7590311e-01  -3.9730413e-01   4.1935978e-01  -7.1739315e-02   6.6818550e-01  -1.1966471e-01
  -5.7839150e-01  -4.3144535e-01   6.4134665e-01  -4.3743316e-01   6.3446087e-01  -3.9659095e-01   6.6100745e-01  -2.1662253e-01   6.3632981e-01  -6.1786873e-02   6.2561978e-01  -2.6577024e-01   6.1945975e-01  -3.4804318e-01   4.2716912e-01   1.3829075e-01   6.4644761e-01  -1.3686239e-01
  -6.9497530e-01  -2.0248803e-01   5.7810557e-01  -3.2097967e-01   5.6380373e-01  -3.3278950e-01   6.3253668e-01  -1.7183334e-01   6.2789985e-01  -3.7384265e-02   5.9063051e-01  -1.6257593e-01   5.7617407e-01  -2.2686256e-01   4.7743658e-01   3.0277518e-01   6.2526167e-01  -1.1585954e-01
  -7.2114213e-01   5.5007399e-02   5.3673380e-01  -1.7907820e-01   5.0942031e-01  -2.3153793e-01   6.1275323e-01  -1.0179985e-01   6.2437652e-01  -5.9705899e-03   5.7391714e-01  -4.5781932e-02   5.5344086e-01  -7.9150327e-02   5.5576035e-01   3.8651519e-01   6.0933574e-01  -7.6573249e-02
  -6.6130007e-01   2.6262068e-01   5.1846398e-01  -4.6050904e-02   4.7578514e-01  -1.2018854e-01   6.0293169e-01  -3.7909596e-02   6.2527271e-01   1.3613173e-02   5.7471183e-01   4.9733228e-02   5.5182848e-01   5.1440897e-02   6.4226389e-01   3.7599703e-01   5.9999021e-01  -3.8706585e-02
  -5.4437451e-01   3.6478830e-01   5.1971539e-01   5.4569582e-02   4.6263468e-01  -2.0493989e-02   6.0048370e-01  -1.8104066e-03   6.2756654e-01   9.8553644e-03   5.8756925e-01   1.0140216e-01   5.6628112e-01   1.3358437e-01   7.1653575e-01   2.7957809e-01   5.9574026e-01  -1.6270146e-02
  -4.1306116e-01   3.4254960e-01   5.3416281e-01   1.1340358e-01   4.6635891e-01   5.4769638e-02   6.0072103e-01  -4.4872390e-04   6.2715076e-01  -1.8565277e-02   6.0471160e-01   1.0334490e-01   5.8842398e-01   1.5468355e-01   7.6218524e-01   1.2426558e-01   5.9349357e-01  -1.4406865e-02
  -3.0970012e-01   2.1643837e-01   5.5507405e-01   1.3452523e-01   4.8182654e-01   1.0240756e-01   5.9905146e-01  -2.5867279e-02   6.2055095e-01  -6.2906197e-02   6.1876571e-01   6.6067111e-02   6.0949917e-01   1.2194929e-01   7.7031158e-01  -5.0860958e-02   5.9008321e-01  -2.9034335e-02
  -2.6326966e-01   3.7130460e-02   5.7724471e-01   1.3133477e-01   5.0408620e-01   1.2691771e-01   5.9285973e-01  -5.9787886e-02   6.0636585e-01  -1.0765328e-01   6.2507423e-01   1.1419417e-02   6.2304912e-01   5.7808947e-02   7.4122638e-01  -2.0379691e-01   5.8362135e-01  -4.9404079e-02
  -2.8175287e-01  -1.3300868e-01   5.9802822e-01   1.2039085e-01   5.2949446e-01   1.3681690e-01   5.8243968e-01  -8.1404651e-02   5.8593340e-01  -1.3607954e-01   6.2286204e-01  -3.5718172e-02   6.2653267e-01  -8.9564989e-03   6.8396431e-01  -2.9959053e-01   5.7422174e-01  -6.2738871e-02
  -3.5166723e-01  -2.4058534e-01   6.1733404e-01   1.1516068e-01   5.5608383e-01   1.4043795e-01   5.7076410e-01  -7.5501595e-02   5.6303892e-01  -1.3612485e-01   6.1501232e-01  -5.6147085e-02   6.2152276e-01  -5.3226087e-02   6.1374035e-01  -3.1874556e-01   5.6391674e-01  -5.9242612e-02
  -4.4441356e-01  -2.5737158e-01   6.3670641e-01   1.2139293e-01   5.8317573e-01   1.4241959e-01   5.6222918e-01  -3.8180556e-02   5.4276724e-01  -1.0457814e-01   6.0660259e-01  -4.2584733e-02   6.1253840e-01  -6.1462981e-02   5.4792317e-01  -2.6166290e-01   5.5583805e-01  -3.5794332e-02
  -5.2683947e-01  -1.8669532e-01   6.5787784e-01   1.3557446e-01   6.1048259e-01   1.4209259e-01   5.6087900e-01   2.1859946e-02   5.2991931e-01  -4.8035251e-02   6.0279213e-01  -1.2432348e-03   6.0502625e-01  -3.4863533e-02   5.0165276e-01  -1.4754191e-01   5.5299470e-01   3.0080426e-03
  -5.7228349e-01  -5.9221709e-02   6.8132718e-01   1.4678244e-01   6.3711036e-01   1.3420838e-01   5.6875426e-01   8.6558061e-02   5.2752355e-01   1.9382241e-02   6.0681447e-01   5.1278241e-02   6.0324199e-01   1.2667592e-02   4.8420267e-01  -8.2651605e-03   5.5709501e-01   4.6560810e-02
  -5.6821900e-01   7.9698461e-02   7.0543736e-01   1.4140782e-01   6.6094525e-01   1.1183061e-01   5.8500767e-01   1.3494310e-01   5.3597016e-01   8.0589006e-02   6.1882028e-01   9.4438197e-02   6.0880667e-01   6.0642727e-02   4.9720113e-01   1.2069173e-01   5.6786424e-01   8.2005646e-02
  -5.1883381e-01   1.8511242e-01   7.2651832e-01   1.0883610e-01   6.7868599e-01   7.0086344e-02   6.0599154e-01   1.5011214e-01   5.5293456e-01   1.2050720e-01   6.3581214e-01   1.1077678e-01   6.2027432e-01   8.9342465e-02   5.3484802e-01   2.0929394e-01   5.8301923e-01   9.8410586e-02
  -4.4242631e-01   2.2588122e-01   7.3971882e-01   4.6321273e-02   6.8656671e-01   9.4705121e-03   6.2626410e-01   1.2484002e-01   5.7406129e-01   1.3021414e-01   6.5262073e-01   9.1646886e-02   6.3374008e-01   8.6353003e-02   5.8593455e-01   2.3990965e-01   5.9888139e-01   9.0251023e-02
  -3.6472785e-01   1.9292386e-01   7.4055472e-01  -3.8794583e-02   6.8156083e-01  -6.2710648e-02   6.4020962e-01   6.4133901e-02   5.9419648e-01   1.0919190e-01   6.6359884e-01   4.0016873e-02   6.4425301e-01   5.0410157e-02   6.3704234e-01   2.1059892e-01   6.1143959e-01   5.9173752e-02
  -3.1026069e-01   1.0058185e-01   7.2655965e-01  -1.3038340e-01   6.6265307e-01  -1.3346762e-01   6.4380252e-01  -1.6025061e-02   6.0883292e-01   6.5170586e-02   6.6452662e-01  -3.0376719e-02   6.4757740e-01  -8.3946434e-03   6.7610345e-01   1.3427380e-01   6.1755717e-01   1.3568052e-02
  -2.9548714e-01  -1.9558155e-02   6.9826959e-01  -2.0792295e-01   6.3152574e-01  -1.8748300e-01   6.3572903e-01  -9.3438981e-02   6.1516954e-01   1.1531635e-02   6.5387975e-01  -9.9331056e-02   6.4150985e-01  -7.2209488e-02   6.9497047e-01   3.4090929e-02   6.1579549e-01  -3.3984752e-02
  -3.2318621e-01  -1.2911551e-01   6.5970148e-01  -2.5240580e-01   5.9276858e-01  -2.1155505e-01   6.1806613e-01  -1.4639644e-01   6.1292254e-01  -3.6715180e-02   6.3365578e-01  -1.4642315e-01   6.2687017e-01  -1.2111202e-01   6.9144166e-01  -6.3234340e-02   6.0697559e-01  -7.0459758e-02
  -3.8348422e-01  -1.9573670e-01   6.1740490e-01  -2.5183418e-01   5.5289883e-01  -1.9853055e-01   5.9548055e-01  -1.6018291e-01   6.0403033e-01  -6.7382948e-02   6.0862055e-01  -1.5734367e-01   6.0708053e-01  -1.3963653e-01   6.6879800e-01  -1.3457050e-01   5.9375776e-01  -8.6282209e-02
  -4.5720400e-01  -2.0216908e-01   5.7911748e-01  -2.0449346e-01   5.1905910e-01  -1.4945913e-01   5.7402238e-01  -1.3113951e-01   5.9200787e-01  -7.4206046e-02   5.8509502e-01  -1.2796335e-01   5.8726655e-01  -1.2123092e-01   6.3461260e-01  -1.6558700e-01   5.7992700e-01  -7.7891790e-02
  -5.2236914e-01  -1.5039438e-01   5.5195876e-01  -1.1946221e-01   4.9739399e-01  -7.3546717e-02   5.5940765e-01  -6.7439742e-02   5.8081750e-01  -5.8077507e-02   5.6915752e-01  -6.5345201e-02   5.7273929e-01  -7.0004700e-02   5.9840185e-01  -1.5335619e-01   5.6929457e-01  -4.8511917e-02
  -5.6102435e-01  -5.9359158e-02   5.4078344e-01  -1.4215266e-02   4.9164966e-01   1.4085122e-02   5.5544926e-01   1.3649103e-02   5.7372140e-01  -2.6090415e-02   5.6496128e-01   1.4609508e-02   5.6746805e-01   8.4727035e-04   5.6906015e-01  -1.0576056e-01   5.6464416e-01  -6.8836582e-03
  -5.6396754e-01   4.2129020e-02   5.4718758e-01   8.9686233e-02   5.0241655e-01   9.5961117e-02   5.6314401e-01   9.0785372e-02   5.7248950e-01   1.1011342e-02   5.7371564e-01   9.1763918e-02   5.7305733e-01   7.3062583e-02   5.5285262e-01  -3.8302036e-02   5.6706529e-01   3.5408656e-02
  -5.3291042e-01   1.2457182e-01   5.6919186e-01   1.7166357e-01   5.2701150e-01   1.5625369e-01   5.8044717e-01   1.4435890e-01   5.7702009e-01   4.2044840e-02   5.9337944e-01   1.4717438e-01   5.8831361e-01   1.2838617e-01   5.5212906e-01   3.0451287e-02   5.7571232e-01   6.7164181e-02
  -4.7895724e-01   1.6641613e-01   6.0183786e-01   2.1672967e-01   5.6017581e-01   1.8424483e-01   6.0294191e-01   1.6153757e-01   5.8555267e-01   5.8449670e-02   6.1930155e-01   1.6793004e-01   6.0965177e-01   1.5340734e-01   5.6523749e-01   8.3739804e-02   5.8814333e-01   8.0498702e-02
  -4.1868385e-01   1.5936251e-01   6.3837464e-01   2.1846505e-01   5.9526739e-01   1.7640901e-01   6.2504236e-01   1.3917035e-01   5.9528130e-01   5.6306743e-02   6.4544849e-01   1.5006804e-01   6.3206812e-01   1.4272710e-01   5.8737500e-01   1.1037150e-01   6.0102702e-01   7.2651165e-02
  -3.6906972e-01   1.0982176e-01   6.7176331e-01   1.8006924e-01   6.2569244e-01   1.3693382e-01   6.4143053e-01   8.4294627e-02   6.0318571e-01   3.7113266e-02   6.6591149e-01   9.9300206e-02   6.5041702e-01   1.0010083e-01   6.1206490e-01   1.0693304e-01   6.1103026e-01   4.6491227e-02
  -3.4237442e-01   3.5792810e-02   6.9625466e-01   1.1298953e-01   6.4634336e-01   7.6323754e-02   6.4845299e-01   1.1779496e-02   6.0692050e-01   6.9817114e-03   6.7641522e-01   2.9072930e-02   6.6075575e-01   3.7015677e-02   6.3300869e-01   7.7864185e-02   6.1571848e-01   9.4411590e-03
  -3.4337502e-01  -3.9586374e-02   7.0840108e-01   3.3545923e-02   6.5446218e-01   8.5215998e-03   6.4485809e-01  -6.0066715e-02   6.0536402e-01  -2.5463440e-02   6.7517104e-01  -4.3385536e-02   6.6116945e-01  -3.0840444e-02   6.4553833e-01   3.3315963e-02   6.1407230e-01  -2.8815282e-02
  -3.6854981e-01  -9.5151471e-02   7.0759693e-01  -4.1154574e-02   6.5004529e-01  -5.2454387e-02   6.3200869e-01  -1.1437908e-01   5.9886758e-01  -5.1592261e-02   6.6319553e-01  -1.0158562e-01   6.5214600e-01  -8.7779742e-02   6.4761998e-01  -1.3936459e-02   6.0668645e-01  -5.8963049e-02
  -4.0808728e-01  -1.1787525e-01   6.9583820e-01  -9.7281773e-02   6.3551374e-01  -9.5718761e-02   6.1331607e-01  -1.4003656e-01   5.8903449e-01  -6.5167483e-02   6.4381059e-01  -1.3392228e-01   6.3624060e-01  -1.2215571e-01   6.4001652e-01  -5.2131398e-02   5.9548230e-01  -7.4481665e-02
  -4.4941600e-01  -1.0549283e-01   6.7693831e-01  -1.2680010e-01   6.1490198e-01  -1.1540636e-01   5.9323405e-01  -1.3373150e-01   5.7819611e-01  -6.3652963e-02   6.2164692e-01  -1.3585149e-01   6.1727548e-01  -1.2864441e-01   6.2571678e-01  -7.3195156e-02   5.8312313e-01  -7.2919001e-02
  -4.8095541e-01  -6.6008535e-02   6.5550938e-01  -1.2840205e-01   5.9285432e-01  -1.1126403e-01   5.7614537e-01  -1.0000471e-01   5.6878844e-01  -4.8470695e-02   6.0149432e-01  -1.1021475e-01   5.9937329e-01  -1.0880609e-01   6.0897049e-01  -7.4209220e-02   5.7233837e-01  -5.6078826e-02
