   1.3627361e-02   1.0404343e-01   2.8279481e-03   1.7407603e-01   1.2009698e-02   3.2621320e-02   5.3241545e-02   5.3903034e-01   4.0241766e-02   5.8526067e-01   7.0086623e-02   1.3753403e-01   1.3385680e-01   7.1994591e-01   1.5717619e-02   3.6202198e-01   3.1719925e-02   2.5620114e-01
  -6.1931551e-02  -5.6834252e-01   8.7545856e-02   6.1829911e-01   6.6498495e-02   5.0322071e-01   1.6592540e-01   8.0385079e-01   1.6610915e-01   8.4253260e-01   1.2725995e-01   5.0330649e-01   2.8381101e-01   9.4347930e-01   1.5346625e-01   7.8904144e-01   1.0927552e-01   6.2766160e-01
  -3.0449802e-01  -9.5695675e-01   2.4862167e-01   9.0141579e-01   2.0092920e-01   8.3691856e-01   3.1296799e-01   9.5497481e-01   3.2624901e-01   9.7923469e-01   2.4203012e-01   7.8779398e-01   4.5816550e-01   1.0000000e+00   3.6652883e-01   1.0000000e+00   2.4078156e-01   8.7979624e-01
  -6.0528976e-01  -9.4225133e-01   4.4941779e-01   1.0000000e+00   3.8447585e-01   1.0000000e+00   4.7609056e-01   1.0000000e+00   4.9993854e-01   1.0000000e+00   3.9726035e-01   9.5992043e-01   6.3028411e-01   9.2526775e-01   6.0124552e-01   9.7726750e-01   4.0436013e-01   1.0000000e+00
  -8.4341077e-01  -5.6839902e-01   6.5249167e-01   9.2833060e-01   5.8311576e-01   9.9308760e-01   6.3861957e-01   9.4940990e-01   6.6803026e-01   9.1735000e-01   5.7130667e-01   1.0000000e+00   7.8064863e-01   7.6106110e-01   8.0687715e-01   7.6093988e-01   5.7745969e-01   9.9233735e-01
  -9.3348720e-01  -6.6439789e-03   8.2608210e-01   7.2312607e-01   7.6560155e-01   8.4091499e-01   7.8546137e-01   8.1154187e-01   8.1391540e-01   7.4747667e-01   7.4029671e-01   9.0268666e-01   8.9667361e-01   5.4242926e-01   9.4637393e-01   4.2219355e-01   7.3928397e-01   8.7197900e-01
  -8.4909310e-01   5.4078879e-01   9.4678956e-01   4.2652448e-01   9.0665377e-01   5.7783056e-01   9.0270960e-01   5.9274027e-01   9.2399968e-01   5.0880421e-01   8.8075123e-01   6.7769105e-01   9.7103806e-01   2.9389308e-01   1.0000000e+00   3.6139788e-02   8.7215914e-01   6.5939441e-01
  -6.2173357e-01   9.0487249e-01   1.0000000e+00   8.1059219e-02   9.8812536e-01   2.4193465e-01   9.7764919e-01   3.0239860e-01   9.8808560e-01   2.2223349e-01   9.7219246e-01   3.4987981e-01   1.0000000e+00   3.2143168e-02   9.6496530e-01  -3.2744106e-01   9.6219372e-01   3.7817856e-01
  -3.2588080e-01   9.7748981e-01   9.8037619e-01  -2.6563256e-01   1.0000000e+00  -1.2136067e-01   1.0000000e+00  -3.7706580e-02   1.0000000e+00  -8.6277231e-02   1.0000000e+00  -3.8645285e-02   9.8262371e-01  -2.2604464e-01   8.5416369e-01  -6.0398901e-01   1.0000000e+00   5.7815882e-02
  -5.6763552e-02   7.3378948e-01   8.9329538e-01  -5.5852774e-01   9.4223832e-01  -4.5615674e-01   9.6467382e-01  -3.8626179e-01   9.5876921e-01  -3.8263338e-01   9.5857373e-01  -4.2757934e-01   9.2157707e-01  -4.5605228e-01   6.9443700e-01  -7.4007248e-01   9.8206363e-01  -2.6261240e-01
   9.7964677e-02   2.4988246e-01   7.5564664e-01  -7.4424330e-01   8.2634777e-01  -7.0294478e-01   8.7489639e-01  -6.8552233e-01   8.7001801e-01  -6.2569999e-01   8.5405633e-01  -7.4527370e-01   8.2467918e-01  -6.2509274e-01   5.2230282e-01  -7.0913132e-01   9.1235282e-01  -5.3601020e-01
   8.7554738e-02  -3.1576190e-01   5.9382851e-01  -7.8758129e-01   6.7460972e-01  -8.1482791e-01   7.4380577e-01  -8.7679840e-01   7.4658150e-01  -7.7565840e-01   7.0495921e-01  -9.2613972e-01   7.0565164e-01  -7.0140424e-01   3.7596614e-01  -5.2454938e-01   8.0298961e-01  -7.1686808e-01
  -8.4673065e-02  -7.8027758e-01   4.3851223e-01  -6.8356547e-01   5.1598282e-01  -7.7251262e-01   5.9296932e-01  -9.1989551e-01   6.0722635e-01  -8.0606571e-01   5.3925588e-01  -9.3098136e-01   5.8281459e-01  -6.6673460e-01   2.8585102e-01  -2.3752134e-01   6.7285057e-01  -7.7420260e-01
  -3.6418757e-01  -1.0000000e+00   3.1808267e-01  -4.5876851e-01   3.7997145e-01  -5.9000134e-01   4.4809659e-01  -8.0638969e-01   4.7344860e-01  -7.1308983e-01   3.8845766e-01  -7.6004926e-01   4.7586100e-01  -5.2474008e-01   2.6753107e-01   7.8585183e-02   5.4417526e-01  -7.0103446e-01
  -6.6485640e-01  -9.1705991e-01   2.5266601e-01  -1.6379305e-01   2.9025337e-01  -3.1068903e-01   3.3330156e-01  -5.6327506e-01   3.6514908e-01  -5.1840729e-01   2.8030781e-01  -4.5464689e-01   4.0168234e-01  -3.0278264e-01   3.1895158e-01   3.4998547e-01   4.3802785e-01  -5.1754020e-01
  -8.9793537e-01  -5.7236226e-01   2.5059575e-01   1.4024872e-01   2.6010561e-01   4.7363326e-03   2.6584734e-01  -2.4497294e-01   2.9663948e-01  -2.6367350e-01   2.3256298e-01  -8.5402540e-02   3.7069162e-01  -4.5499640e-02   4.2284941e-01   5.2195219e-01   3.7003630e-01  -2.6591060e-01
  -1.0000000e+00  -8.4555474e-02   3.0762864e-01   3.9633117e-01   2.9037948e-01   2.9381809e-01   2.5273039e-01   8.2239332e-02   2.7401525e-01   7.9401243e-04   2.4936646e-01   2.6755312e-01   3.8469066e-01   1.9703189e-01   5.5244292e-01   5.6884146e-01   3.4742286e-01   8.9249261e-04
  -9.5014480e-01   3.9805764e-01   4.0907135e-01   5.6198959e-01   3.7059572e-01   5.0550122e-01   2.9014927e-01   3.5685368e-01   2.9476489e-01   2.2832710e-01   3.2145996e-01   5.3472499e-01   4.3702887e-01   3.8125476e-01   6.7833568e-01   4.9210686e-01   3.6830074e-01   2.3220651e-01
  -7.7104366e-01   7.4113841e-01   5.3329742e-01   6.1329499e-01   4.8194833e-01   6.0661548e-01   3.6532160e-01   5.3240305e-01   3.4921159e-01   3.8367797e-01   4.2929221e-01   6.6914945e-01   5.1448128e-01   4.7689379e-01   7.7385117e-01   3.1347538e-01   4.2298523e-01   3.8862497e-01
  -5.2033424e-01   8.5794094e-01   6.5589613e-01   5.4799658e-01   6.0122923e-01   5.8651600e-01   4.5951815e-01   5.8525448e-01   4.2292248e-01   4.4858944e-01   5.4760043e-01   6.5428036e-01   5.9998378e-01   4.7205548e-01   8.1951512e-01   7.2211869e-02   4.9644969e-01   4.4892831e-01
  -2.7167217e-01   7.3000369e-01   7.5442917e-01   3.8658517e-01   7.0561004e-01   4.5902066e-01   5.5241798e-01   5.1934994e-01   5.0005799e-01   4.2474297e-01   6.5121683e-01   5.0670786e-01   6.7631777e-01   3.7649033e-01   8.0678208e-01  -1.7832014e-01   5.7194190e-01   4.1390581e-01
  -9.3785945e-02   4.1010953e-01   8.1271014e-01   1.6908181e-01   7.7709120e-01   2.5991197e-01   6.2650682e-01   3.6543458e-01   5.6668332e-01   3.3289605e-01   7.2041493e-01   2.7244783e-01   7.2976352e-01   2.2049667e-01   7.4028082e-01  -3.7927255e-01   6.3462849e-01   3.0563868e-01
  -2.9727702e-02   5.8619389e-03   8.2427522e-01  -5.4559613e-02   8.0633932e-01   3.8057676e-02   6.7116702e-01   1.7249827e-01   6.1382528e-01   2.0678975e-01   7.4548951e-01   1.5043777e-02   7.5338207e-01   4.7208033e-02   6.3765544e-01  -4.8237688e-01   6.7497786e-01   1.6093728e-01
  -8.6203914e-02  -3.5919718e-01   7.9282340e-01  -2.3814197e-01   7.9374297e-01  -1.5835502e-01   6.8428366e-01  -7.9952556e-03   6.3869286e-01   8.2184480e-02   7.2800878e-01  -2.0311967e-01   7.4798667e-01  -1.0085787e-01   5.2488083e-01  -4.6519063e-01   6.9018094e-01   1.9381825e-02
  -2.3478691e-01  -5.8337319e-01   7.3028337e-01  -3.5000073e-01   7.4810730e-01  -2.9335055e-01   6.7143856e-01  -1.3620843e-01   6.4413904e-01  -1.2971199e-02   6.7916598e-01  -3.3674445e-01   7.2096954e-01  -1.9334243e-01   4.2948538e-01  -3.3748485e-01   6.8366274e-01  -8.7448769e-02
  -4.2314469e-01  -6.1650321e-01   6.5309285e-01  -3.7919341e-01   6.8348273e-01  -3.5059156e-01   6.4315343e-01  -1.9364546e-01   6.3669716e-01  -6.5226477e-02   6.1582142e-01  -3.6797654e-01   6.8346202e-01  -2.1934416e-01   3.7325880e-01  -1.3735174e-01   6.6304317e-01  -1.4341143e-01
  -5.9322895e-01  -4.7072599e-01   5.7775106e-01  -3.3523919e-01   6.1504347e-01  -3.3436576e-01   6.1103329e-01  -1.8507725e-01   6.2383814e-01  -7.6788063e-02   5.5537494e-01  -3.0761314e-01   6.4669913e-01  -1.8782608e-01   3.6692903e-01   8.1362867e-02   6.3721679e-01  -1.4941067e-01
  -6.9905676e-01  -2.0933931e-01   5.1714244e-01  -2.4208452e-01   5.5547734e-01  -2.6443729e-01   5.8433250e-01  -1.3267623e-01   6.1155926e-01  -6.1392174e-02   5.1131487e-01  -1.8766151e-01   6.1898674e-01  -1.2152325e-01   4.0841108e-01   2.6485903e-01   6.1371388e-01  -1.1937975e-01
  -7.1856045e-01   7.8103773e-02   4.7845585e-01  -1.2939339e-01   5.1276323e-01  -1.6778937e-01   5.6790288e-01  -6.6090966e-02   6.0296825e-01  -3.7604638e-02   4.9054078e-01  -4.9547782e-02   6.0407739e-01  -4.7859338e-02   4.8444818e-01   3.7275892e-01   5.9705506e-01  -7.3434991e-02
  -6.5754852e-01   3.0482213e-01   4.6282546e-01  -2.4116997e-02   4.8951896e-01  -7.0296795e-02   5.6174843e-01  -1.2242664e-02   5.9799391e-01  -2.2091344e-02   4.9270549e-01   6.8059580e-02   6.0107526e-01   9.7828621e-03   5.7475348e-01   3.8626431e-01   5.8825227e-01  -3.0841364e-02
  -5.4461092e-01   4.1117710e-01   4.6660974e-01   5.5201292e-02   4.8390942e-01   9.1612106e-03   5.6219962e-01   1.2038027e-02   5.9421428e-01  -2.4798267e-02   5.1164881e-01   1.3850567e-01   6.0577670e-01   3.7867870e-02   6.5741977e-01   3.0965933e-01   5.8548129e-01  -4.8135653e-03
  -4.2048627e-01   3.7878100e-01   4.8341516e-01   1.0081002e-01   4.9131830e-01   6.1407487e-02   5.6388901e-01   3.3179036e-03   5.8823805e-01  -4.6745072e-02   5.3797241e-01   1.5204567e-01   6.1263508e-01   3.4904432e-02   7.1391694e-01   1.6706296e-01   5.8536736e-01   6.4113525e-05
  -3.2472723e-01   2.3292727e-01   5.0635107e-01   1.1534510e-01   5.0630401e-01   8.6978963e-02   5.6198311e-01  -2.8994310e-02   5.7727219e-01  -8.0346786e-02   5.6212992e-01   1.1636513e-01   6.1685532e-01   1.0355721e-02   7.3304967e-01  -4.1730411e-03   5.8451808e-01  -1.2062511e-02
  -2.8382223e-01   3.1252241e-02   5.2990235e-01   1.0881838e-01   5.2428341e-01   9.3542642e-02   5.5396935e-01  -6.7165821e-02   5.6037923e-01  -1.1247872e-01   5.7715354e-01   5.2204086e-02   6.1597668e-01  -1.9729351e-02   7.1299253e-01  -1.6246378e-01   5.8082962e-01  -3.0906681e-02
  -3.0421989e-01  -1.5691521e-01   5.5102598e-01   9.4121555e-02   5.4255808e-01   9.1773464e-02   5.4050151e-01  -9.1975391e-02   5.3904932e-01  -1.2928072e-01   5.8032276e-01  -1.4355041e-02   6.1052107e-01  -3.8884025e-02   6.6117350e-01  -2.7168258e-01   5.7419883e-01  -4.4350999e-02
  -3.7234646e-01  -2.7336299e-01   5.6924270e-01   8.2320730e-02   5.6045570e-01   9.0923205e-02   5.2504761e-01  -8.9630617e-02   5.1687817e-01  -1.2112164e-01   5.7332529e-01  -6.0503134e-02   6.0351134e-01  -3.6165649e-02   5.9196649e-01  -3.0944426e-01   5.6642689e-01  -4.3062409e-02
  -4.6084248e-01  -2.8815856e-01   5.8585937e-01   7.9098660e-02   5.7869211e-01   9.5439569e-02   5.1256280e-01  -5.6450303e-02   4.9850604e-01  -8.5979885e-02   5.6105241e-01  -7.3376748e-02   5.9912247e-01  -9.8620324e-03   5.2284907e-01  -2.7193267e-01   5.6042752e-01  -2.3818894e-02
  -5.3857460e-01  -2.0631328e-01   6.0264943e-01   8.3306679e-02   5.9824656e-01   1.0359821e-01   5.0766445e-01   7.5246428e-05   4.8818130e-01  -3.0179362e-02   5.4952907e-01  -5.2906141e-02   6.0095374e-01   3.2161835e-02   4.6995394e-01  -1.7387221e-01   5.5904484e-01   9.4718503e-03
  -5.8059218e-01  -6.2465810e-02   6.2053774e-01   8.8101142e-02   6.1924436e-01   1.0861324e-01   5.1300444e-01   6.4072159e-02   4.8847986e-01   3.3655791e-02   5.4378859e-01  -1.0208760e-02   6.1059391e-01   7.5486136e-02   4.4432563e-01  -4.3606358e-02   5.6395153e-01   4.7326611e-02
  -5.7559279e-01   9.2587059e-02   6.3866623e-01   8.4092210e-02   6.4018971e-01   1.0166742e-01   5.2823325e-01   1.1656673e-01   4.9947652e-01   9.0410656e-02   5.4622232e-01   3.7129039e-02   6.2682876e-01   1.0420420e-01   4.4950682e-01   8.5008991e-02   5.7491404e-01   7.7973395e-02
  -5.2795662e-01   2.0919703e-01   6.5433882e-01   6.3522114e-02   6.5799577e-01   7.5914934e-02   5.5005234e-01   1.4161703e-01   5.1873804e-01   1.2688039e-01   5.5605177e-01   7.1403692e-02   6.4592462e-01   1.0638290e-01   4.8142666e-01   1.8150472e-01   5.8977728e-01   9.1330923e-02
  -4.5517596e-01   2.5334899e-01   6.6372770e-01   2.3743895e-02   6.6870375e-01   2.9793549e-02   5.7311912e-01   1.3112902e-01   5.4196268e-01   1.3528021e-01   5.6979167e-01   8.0310174e-02   6.6269135e-01   7.8024841e-02   5.3001824e-01   2.2590865e-01   6.0503352e-01   8.2203337e-02
  -3.8148497e-01   2.1564083e-01   6.6316062e-01  -3.1056855e-02   6.6872136e-01  -3.1387167e-02   5.9159721e-01   8.7311076e-02   5.6412652e-01   1.1519374e-01   5.8255717e-01   6.0508730e-02   6.7207596e-01   2.4621947e-02   5.8221837e-01   2.1272178e-01   6.1684098e-01   5.1974513e-02
  -3.3008692e-01   1.1226556e-01   6.5048451e-01  -9.0599815e-02   6.5610898e-01  -9.6296340e-02   6.0081927e-01   2.1962149e-02   5.8076128e-01   7.3394654e-02   5.8970992e-01   1.8177670e-02   6.7073165e-01  -4.0271430e-02   6.2536592e-01   1.5088293e-01   6.2213595e-01   8.2351681e-03
  -3.1594829e-01  -2.1285469e-02   6.2611135e-01  -1.4129878e-01   6.3154394e-01  -1.5050473e-01   5.9866572e-01  -4.6994998e-02   5.8908006e-01   2.1763730e-02   5.8840549e-01  -3.3225287e-02   6.5818120e-01  -9.8936021e-02   6.5029747e-01   6.0301055e-02   6.1956497e-01  -3.7405439e-02
  -3.4189118e-01  -1.4292580e-01   5.9324697e-01  -1.7036375e-01   5.9847952e-01  -1.8073332e-01   5.8609189e-01  -1.0104387e-01   5.8853310e-01  -2.6362932e-02   5.7844958e-01  -7.7682595e-02   6.3702836e-01  -1.3494979e-01   6.5314229e-01  -3.4424548e-02   6.0985055e-01  -7.2897026e-02
  -3.9843889e-01  -2.1691203e-01   5.5737517e-01  -1.6942359e-01   5.6257727e-01  -1.7859084e-01   5.6682608e-01  -1.2625698e-01   5.8076731e-01  -5.9793559e-02   5.6234329e-01  -1.0150429e-01   6.1233876e-01  -1.3792745e-01   6.3571781e-01  -1.1035616e-01   5.9559522e-01  -8.9133416e-02
  -4.6766176e-01  -2.2452685e-01   5.2501136e-01  -1.3699460e-01   5.3042902e-01  -1.4305993e-01   5.4621987e-01  -1.1714205e-01   5.6895722e-01  -7.2365864e-02   5.4445456e-01  -9.7471172e-02   5.9021677e-01  -1.0654470e-01   6.0441374e-01  -1.5173489e-01   5.8050814e-01  -8.2494604e-02
  -5.2914056e-01  -1.6798138e-01   5.0220671e-01  -7.8842095e-02   5.0805578e-01  -8.0746933e-02   5.2974050e-01  -7.7607813e-02   5.5681612e-01  -6.3987146e-02   5.2969925e-01  -6.6514835e-02   5.7616546e-01  -4.8602317e-02   5.6813940e-01  -1.5278994e-01   5.6838187e-01  -5.5514596e-02
  -5.6587008e-01  -6.7934881e-02   4.9322187e-01  -6.5571840e-03   4.9960070e-01  -4.2579112e-03   5.2157762e-01  -1.9380973e-02   5.4761715e-01  -3.9977077e-02   5.2219698e-01  -1.7011971e-02   5.7371325e-01   2.1308200e-02   5.3602079e-01  -1.1786618e-01   5.6214112e-01  -1.5879603e-02
  -5.6941484e-01   4.3876950e-02   4.9945752e-01   6.5222434e-02   5.0630035e-01   7.0831972e-02   5.2348563e-01   4.1495288e-02   5.4331776e-01  -9.1461813e-03   5.2404812e-01   3.7769689e-02   5.8340814e-01   8.5862835e-02   5.1505890e-01  -5.9428390e-02   5.6304657e-01   2.5833396e-02
  -5.4116277e-01   1.3522058e-01   5.1931112e-01   1.2231714e-01   5.2639233e-01   1.2968156e-01   5.3457804e-01   8.9247323e-02   5.4427756e-01   1.9007900e-02   5.3493264e-01   8.3665267e-02   6.0288965e-01   1.2961123e-01   5.0886951e-01   6.0678413e-03   5.7054229e-01   5.9150588e-02
  -4.9131286e-01   1.8229070e-01   5.4854063e-01   1.5407920e-01   5.5552377e-01   1.6138211e-01   5.5164523e-01   1.1228749e-01   5.4931908e-01   3.6761083e-02   5.5222352e-01   1.0922598e-01   6.2749495e-01   1.4267548e-01   5.1715770e-01   6.2307026e-02   5.8245998e-01   7.6271793e-02
  -4.3522429e-01   1.7594503e-01   5.8126118e-01   1.5567168e-01   5.8777789e-01   1.6125863e-01   5.7010624e-01   1.0600626e-01   5.5621743e-01   4.0067668e-02   5.7173923e-01   1.0862095e-01   6.5148373e-01   1.2303763e-01   5.3622313e-01   9.7028495e-02   5.9565719e-01   7.3925263e-02
  -3.8853585e-01   1.2303570e-01   6.1127914e-01   1.2886634e-01   6.1701400e-01   1.3158882e-01   5.8527176e-01   7.3534008e-02   5.6243237e-01   2.9296963e-02   5.8887983e-01   8.2863674e-02   6.6949205e-01   7.6681496e-02   5.6025232e-01   1.0455176e-01   6.0687354e-01   5.3910002e-02
  -3.6280829e-01   4.2877739e-02   6.3338165e-01   8.1204678e-02   6.3813991e-01   8.0615573e-02   5.9351457e-01   2.4378006e-02   5.6583186e-01   8.6808340e-03   5.9977296e-01   3.9103228e-02   6.7777561e-01   1.5655227e-02   5.8294044e-01   8.6354017e-02   6.1353260e-01   2.2253675e-02
  -3.6254642e-01  -3.9365439e-02   6.4436732e-01   2.3945924e-02   6.4811073e-01   2.0317874e-02   5.9313494e-01  -2.8413411e-02   5.6526138e-01  -1.5167678e-02   6.0220227e-01  -1.1529615e-02   6.7504364e-01  -4.5226481e-02   5.9907629e-01   4.9981919e-02   6.1434379e-01  -1.2596733e-02
  -3.8473690e-01  -1.0083380e-01   6.4350717e-01  -3.0866710e-02   6.4635015e-01  -3.6686964e-02   5.8462276e-01  -7.2001786e-02   5.6076889e-01  -3.5377811e-02   5.9601953e-01  -5.7149002e-02   6.6257203e-01  -9.2366058e-02   6.0566573e-01   6.3418902e-03   6.0950159e-01  -4.2201998e-02
  -4.2057337e-01  -1.2717845e-01   6.3241503e-01  -7.3091051e-02   6.3458851e-01  -7.9927665e-02   5.7034600e-01  -9.6917212e-02   5.5347889e-01  -4.6671890e-02   5.8300496e-01  -8.8056191e-02   6.4369092e-01  -1.1653936e-01   6.0234452e-01  -3.3348581e-02   6.0049604e-01  -6.0196714e-02
  -4.5859411e-01  -1.1566779e-01   6.1443875e-01  -9.6426241e-02   6.1623509e-01  -1.0304664e-01   5.5381617e-01  -9.9033958e-02   5.4520219e-01  -4.6573481e-02   5.6628947e-01  -9.8813489e-02   6.2283749e-01  -1.1466472e-01   5.9112382e-01  -6.0274429e-02   5.8963356e-01  -6.3607616e-02
  -4.8824558e-01  -7.4687628e-02   5.9375949e-01  -9.9260370e-02   5.9547471e-01  -1.0461211e-01   5.3874872e-01  -8.0018215e-02   5.3790868e-01  -3.5749137e-02   5.4952082e-01  -8.9061320e-02   6.0443560e-01  -8.9904464e-02   5.7561469e-01  -6.9815568e-02   5.7941219e-01  -5.3193698e-02
