   1.6440035e-01   5.8394001e-01   1.4554992e-01   5.4455948e-01   7.2660872e-02   5.3966630e-01   5.6430564e-02   5.3083392e-01   7.6464055e-02   5.9898459e-01   5.6806918e-02   6.5525719e-01   8.1471257e-02   1.5555033e-01   5.8039685e-02   9.0995230e-02   9.9348770e-02   4.9104120e-01
   2.4192777e-01  -1.6477149e-01   2.7756492e-01   8.6136762e-01   2.0962255e-01   8.5675540e-01   1.6074109e-01   8.0579183e-01   1.9370667e-01   8.6272507e-01   1.9975371e-01   9.1455489e-01   1.3687758e-01   5.1063132e-01   1.3541626e-01   5.9025764e-01   2.0319635e-01   8.0079392e-01
   6.0804426e-02  -7.5394967e-01   4.5177150e-01   1.0000000e+00   3.9106264e-01   1.0000000e+00   2.9725176e-01   9.5394719e-01   3.4141804e-01   9.8832618e-01   3.7299901e-01   1.0000000e+00   2.4334576e-01   7.7844838e-01   3.0410288e-01   9.0912706e-01   3.4436313e-01   9.6517523e-01
  -2.8123382e-01  -1.0000000e+00   6.3506911e-01   9.6390281e-01   5.8353046e-01   9.7529110e-01   4.4832289e-01   1.0000000e+00   4.9959569e-01   1.0000000e+00   5.4897299e-01   9.5309253e-01   3.8535944e-01   9.4446343e-01   5.1811118e-01   1.0000000e+00   5.0093562e-01   1.0000000e+00
  -6.4136453e-01  -8.5632376e-01   7.9831354e-01   7.9037997e-01   7.5780902e-01   8.1856006e-01   6.0020660e-01   9.6780163e-01   6.5240885e-01   9.2440580e-01   7.0830643e-01   8.2100133e-01   5.4553436e-01   1.0000000e+00   7.2785064e-01   8.7761741e-01   6.5452399e-01   9.3210928e-01
  -8.8892264e-01  -4.2828875e-01   9.2075951e-01   5.2855703e-01   8.9293433e-01   5.7535672e-01   7.4197638e-01   8.6869708e-01   7.8774454e-01   7.8087669e-01   8.3920373e-01   6.3885931e-01   7.0540802e-01   9.4023768e-01   8.9256591e-01   6.0229224e-01   7.9099528e-01   7.8648777e-01
  -9.5028382e-01   1.0351857e-01   9.9003641e-01   2.1836796e-01   9.7599565e-01   2.8222590e-01   8.6332868e-01   7.0063739e-01   8.9588555e-01   5.8131838e-01   9.3457101e-01   4.2484079e-01   8.4609325e-01   7.6546091e-01   9.8668276e-01   2.4676083e-01   8.9952099e-01   5.8003992e-01
  -8.1997213e-01   5.6572835e-01   1.0000000e+00  -1.1113621e-01   1.0000000e+00  -3.4631379e-02   9.5317881e-01   4.5744189e-01   9.6875509e-01   3.3551402e-01   9.8946194e-01   1.8630430e-01   9.4944947e-01   4.8525807e-01   1.0000000e+00  -1.2278940e-01   9.7144677e-01   3.2439523e-01
  -5.5074279e-01   8.2423149e-01   9.4973864e-01  -4.2991332e-01   9.6283207e-01  -3.4862202e-01   1.0000000e+00   1.4179537e-01   1.0000000e+00   5.6401837e-02   1.0000000e+00  -7.0471939e-02   1.0000000e+00   1.2378991e-01   9.3609132e-01  -4.4627776e-01   1.0000000e+00   3.3127488e-02
  -2.3606706e-01   8.0142389e-01   8.4486425e-01  -6.9622662e-01   8.6844571e-01  -6.2207077e-01   9.9424519e-01  -2.2081355e-01   9.8594719e-01  -2.3373950e-01   9.6415065e-01  -3.2911824e-01   9.8783487e-01  -2.7376705e-01   8.1145153e-01  -6.6662491e-01   9.8127859e-01  -2.6939261e-01
   1.6923044e-02   5.0522778e-01   6.9961980e-01  -8.6022743e-01   7.2915931e-01  -8.0735207e-01   9.3257596e-01  -5.7577434e-01   9.2753196e-01  -4.9890590e-01   8.8431431e-01  -5.5636913e-01   9.1232823e-01  -6.4015515e-01   6.5403321e-01  -7.3910255e-01   9.1647651e-01  -5.4325342e-01
   1.2204629e-01   3.8213230e-02   5.3682165e-01  -8.8219567e-01   5.6622223e-01  -8.6248785e-01   8.2161875e-01  -8.5083466e-01   8.3219703e-01  -6.9412790e-01   7.6997307e-01  -7.0816050e-01   7.8480263e-01  -8.9914484e-01   4.9861983e-01  -6.4925563e-01   8.1393757e-01  -7.3962415e-01
   4.4455421e-02  -4.3851536e-01   3.8419385e-01  -7.5075049e-01   4.0689035e-01  -7.6951324e-01   6.7889161e-01  -9.8086960e-01   7.1430285e-01  -7.7945106e-01   6.3824945e-01  -7.4605628e-01   6.2814121e-01  -9.8961731e-01   3.7878182e-01  -4.2284141e-01   6.8939820e-01  -8.1660091e-01
  -1.8880574e-01  -7.6734077e-01   2.6839715e-01  -4.8854151e-01   2.7878505e-01  -5.4285650e-01   5.2979976e-01  -9.3135541e-01   5.9309682e-01  -7.3501435e-01   5.1137091e-01  -6.5350045e-01   4.7242574e-01  -8.8718167e-01   3.1850619e-01  -1.1879608e-01   5.6360066e-01  -7.5470697e-01
  -5.0069109e-01  -8.4683186e-01   2.0921459e-01  -1.4620973e-01   2.0384266e-01  -2.2619101e-01   4.0185412e-01  -7.1058357e-01   4.8876429e-01  -5.6969603e-01   4.1188276e-01  -4.4430259e-01   3.4800522e-01  -6.1372636e-01   3.2681993e-01   1.8879911e-01   4.5801650e-01  -5.6499864e-01
  -7.9200369e-01  -6.6324010e-01   2.1543792e-01   2.1056105e-01   1.9357582e-01   1.1862539e-01   3.1793899e-01  -3.6864641e-01   4.1775948e-01  -3.2057421e-01   3.5713325e-01  -1.6135760e-01   2.7803939e-01  -2.3281530e-01   3.9671029e-01   4.3190547e-01   3.8993672e-01  -2.8796448e-01
  -9.7515583e-01  -2.8805698e-01   2.8363665e-01   5.1699936e-01   2.4712344e-01   4.2720548e-01   2.9096465e-01   1.7898413e-02   3.8913210e-01  -4.2079975e-02   3.5506644e-01   1.3546752e-01   2.7314182e-01   1.6902195e-01   5.0848416e-01   5.6454326e-01   3.6863589e-01   1.7660907e-02
  -1.0000000e+00   1.5466383e-01   3.9954260e-01   7.2136024e-01   3.5214170e-01   6.4598563e-01   3.2150541e-01   3.6715428e-01   4.0302418e-01   2.0903902e-01   4.0270268e-01   3.8551779e-01   3.2961228e-01   5.0557610e-01   6.3526736e-01   5.6770205e-01   3.9375903e-01   2.9032674e-01
  -8.6689931e-01   5.3305371e-01   5.4106393e-01   7.9174521e-01   4.8766187e-01   7.4041440e-01   3.9823820e-01   6.1060027e-01   4.5122288e-01   3.8663998e-01   4.8708717e-01   5.4085974e-01   4.3095965e-01   7.1072488e-01   7.4889876e-01   4.4756393e-01   4.5585366e-01   4.7955399e-01
  -6.2061453e-01   7.4308145e-01   6.8229137e-01   7.1854926e-01   6.2818288e-01   6.9776590e-01   5.0123258e-01   7.0453737e-01   5.1965016e-01   4.6240855e-01   5.8852865e-01   5.7389053e-01   5.5241495e-01   7.4894245e-01   8.2491201e-01   2.3160392e-01   5.3902957e-01   5.5422067e-01
  -3.3621459e-01   7.3269592e-01   7.9787671e-01   5.1857264e-01   7.4808791e-01   5.3053882e-01   6.0629449e-01   6.3930724e-01   5.9148053e-01   4.3116683e-01   6.8463495e-01   4.8352148e-01   6.6634045e-01   6.2231565e-01   8.4715239e-01  -3.2111892e-02   6.2438450e-01   5.0871145e-01
  -9.5901429e-02   5.1650072e-01   8.6813922e-01   2.3541395e-01   8.2671573e-01   2.7675492e-01   6.9074211e-01   4.4365064e-01   6.5111606e-01   3.1314441e-01   7.5549166e-01   2.9799734e-01   7.4869638e-01   3.7155385e-01   8.1186222e-01  -2.8128249e-01   6.9436808e-01   3.6516792e-01
   3.5404624e-02   1.6954925e-01   8.8322551e-01  -6.9477578e-02   8.5257733e-01  -7.6816468e-03   7.3880628e-01   1.7717639e-01   6.8783035e-01   1.4869750e-01   7.8839653e-01   6.8417406e-02   7.8455784e-01   6.5708449e-02   7.2911791e-01  -4.5471734e-01   7.3674387e-01   1.6753201e-01
   2.8897547e-02  -1.9797791e-01   8.4511756e-01  -3.3272364e-01   8.2563216e-01  -2.6301577e-01   7.4522468e-01  -8.7249607e-02   6.9814847e-01  -1.3649716e-02   7.8083717e-01  -1.4582162e-01   7.7139702e-01  -2.1702646e-01   6.2066349e-01  -5.1102235e-01   7.4717347e-01  -3.1209266e-02
  -1.0230217e-01  -4.7806233e-01   7.6629997e-01  -5.0526141e-01   7.5640277e-01  -4.4078034e-01   7.1547343e-01  -2.8508665e-01   6.8587114e-01  -1.3192100e-01   7.4026759e-01  -2.9449591e-01   7.1859931e-01  -4.1126028e-01   5.1387721e-01  -4.4081841e-01   7.2932516e-01  -1.8432853e-01
  -3.1005466e-01  -5.9717663e-01   6.6613299e-01  -5.6288085e-01   6.6277276e-01  -5.1437297e-01   6.6319726e-01  -3.7681663e-01   6.6014301e-01  -1.8193515e-01   6.8128698e-01  -3.4961993e-01   6.4403889e-01  -4.8060001e-01   4.3449024e-01  -2.6807892e-01   6.9295720e-01  -2.6300716e-01
  -5.2836946e-01  -5.3641498e-01   5.6584437e-01  -5.0974661e-01   5.6526306e-01  -4.8337416e-01   6.0560703e-01  -3.5640502e-01   6.3215214e-01  -1.6245288e-01   6.2103126e-01  -3.1131126e-01   5.6863353e-01  -4.2482227e-01   4.0002432e-01  -4.1695672e-02   6.5056276e-01  -2.6198906e-01
  -6.9523715e-01  -3.3249126e-01   4.8348376e-01  -3.7388062e-01   4.8207279e-01  -3.7033151e-01   5.5827765e-01  -2.4875304e-01   6.1153884e-01  -9.2509088e-02   5.7420801e-01  -2.0441749e-01   5.1049178e-01  -2.7579168e-01   4.1579045e-01   1.7984340e-01   6.1362610e-01  -1.9759287e-01
  -7.6958374e-01  -5.9362075e-02   4.3069186e-01  -1.9645835e-01   4.2571983e-01  -2.1146069e-01   5.3148102e-01  -9.7591189e-02   6.0401348e-01  -2.4778863e-03   5.4980849e-01  -6.7637973e-02   4.8094697e-01  -8.4215012e-02   4.7481905e-01   3.4412038e-01   5.8999166e-01  -9.9338084e-02
  -7.4183575e-01   1.9748479e-01   4.1109151e-01  -1.9785556e-02   4.0116002e-01  -4.5848681e-02   5.2811548e-01   4.9274150e-02   6.1016600e-01   7.6205947e-02   5.4945884e-01   5.8996571e-02   4.8240778e-01   9.6069022e-02   5.6030978e-01   4.1715575e-01   5.8235085e-01   9.9395992e-05
  -6.3217541e-01   3.6703423e-01   4.2126193e-01   1.2229901e-01   4.0638811e-01   9.3633199e-02   5.4438458e-01   1.5311120e-01   6.2619644e-01   1.1972263e-01   5.6841340e-01   1.4460161e-01   5.0931294e-01   2.2192943e-01   6.5064050e-01   3.8836765e-01   5.8865814e-01   7.3829194e-02
  -4.8195726e-01   4.0994465e-01   4.5275937e-01   2.0978793e-01   4.3412686e-01   1.8577873e-01   5.7177910e-01   1.9231549e-01   6.4549160e-01   1.1691341e-01   5.9769500e-01   1.7347234e-01   5.5054347e-01   2.6954184e-01   7.2444274e-01   2.7063120e-01   6.0345949e-01   1.0627924e-01
  -3.3991493e-01   3.2746235e-01   4.9489728e-01   2.3861399e-01   4.7436167e-01   2.2372967e-01   6.0004330e-01   1.6624694e-01   6.6082354e-01   7.1422599e-02   6.2707245e-01   1.4759027e-01   5.9295359e-01   2.3843302e-01   7.6541396e-01   9.6473497e-02   6.1992284e-01   9.5930691e-02
  -2.4673153e-01   1.5821364e-01   5.3765743e-01   2.1897099e-01   5.1715179e-01   2.1421447e-01   6.2040153e-01   9.3290642e-02   6.6665301e-01  -1.8521512e-04   6.4817294e-01   8.4376322e-02   6.2518967e-01   1.4936607e-01   7.6595239e-01  -8.9904677e-02   6.3207486e-01   5.4178546e-02
  -2.2426112e-01  -3.6976789e-02   5.7374895e-01   1.7017121e-01   5.5476099e-01   1.7334760e-01   6.2780115e-01   3.2547126e-03   6.6063487e-01  -7.4267473e-02   6.5653113e-01   9.8790468e-03   6.4038106e-01   3.6205565e-02   7.2834187e-01  -2.4325029e-01   6.3638075e-01   3.3036687e-04
  -2.6994320e-01  -1.9540064e-01   5.9986544e-01   1.1394862e-01   5.8307978e-01   1.2071959e-01   6.2211121e-01  -7.2763794e-02   6.4429678e-01  -1.2777716e-01   6.5256417e-01  -5.0040424e-02   6.3764483e-01  -6.5022835e-02   6.6404446e-01  -3.2863680e-01   6.3261350e-01  -4.5165828e-02
  -3.6086970e-01  -2.7273055e-01   6.1633739e-01   6.7642808e-02   6.0152995e-01   7.2976382e-02   6.0734346e-01  -1.1248410e-01   6.2220611e-01  -1.4561783e-01   6.4058015e-01  -7.8077720e-02   6.2130744e-01  -1.2720605e-01   5.9012855e-01  -3.2990585e-01   6.2335597e-01  -6.7566630e-02
  -4.6284045e-01  -2.5430825e-01   6.2593312e-01   3.9910411e-02   6.1208998e-01   3.9568143e-02   5.8985750e-01  -1.0816178e-01   6.0040729e-01  -1.2452386e-01   6.2685898e-01  -6.9848241e-02   5.9891338e-01  -1.3870234e-01   5.2483382e-01  -2.5275603e-01   6.1278972e-01  -6.1741352e-02
  -5.4198708e-01  -1.5653990e-01   6.3211231e-01   2.9477718e-02   6.1773359e-01   2.1232942e-02   5.7602774e-01  -6.7349886e-02   5.8452036e-01  -7.3059433e-02   6.1730558e-01  -3.3836604e-02   5.7853865e-01  -1.0473284e-01   4.8299816e-01  -1.2199029e-01   6.0510338e-01  -3.2737650e-02
  -5.7540444e-01  -1.8595606e-02   6.3731081e-01   2.7369107e-02   6.2083133e-01   1.1667732e-02   5.7010825e-01  -8.7247555e-03   5.7807654e-01  -7.9900192e-03   6.1541887e-01   1.2812955e-02   5.6623020e-01  -4.3586696e-02   4.7251857e-01   2.6253729e-02   6.0303087e-01   6.9862712e-03
  -5.5683175e-01   1.1247921e-01   6.4198288e-01   2.1876872e-02   6.2219936e-01   1.7475346e-03   5.7311966e-01   4.5447281e-02   5.8170948e-01   5.1624263e-02   6.2137710e-01   5.1074114e-02   5.6449828e-01   2.0911739e-02   4.9307978e-01   1.5479322e-01   6.0709053e-01   4.2607919e-02
  -4.9685423e-01   1.9627793e-01   6.4458033e-01   3.7491745e-03   6.2099149e-01  -1.6005312e-02   5.8286745e-01   7.6634013e-02   5.9323890e-01   9.0011268e-02   6.3227064e-01   6.6306482e-02   5.7204367e-01   6.7077622e-02   5.3694128e-01   2.3456938e-01   6.1560527e-01   6.1861637e-02
  -4.1813357e-01   2.1036263e-01   6.4239528e-01  -2.9907098e-02   6.1537009e-01  -4.4026723e-02   5.9497330e-01   7.5578893e-02   6.0854635e-01   9.8889125e-02   6.4332025e-01   5.2716946e-02   5.8464678e-01   8.1607531e-02   5.9149124e-01   2.5104314e-01   6.2542309e-01   5.8768267e-02
  -3.4739363e-01   1.5558347e-01   6.3290157e-01  -7.4342526e-02   6.0363350e-01  -7.8553117e-02   6.0452948e-01   4.4574273e-02   6.2294230e-01   7.9265255e-02   6.4964688e-01   1.4825464e-02   5.9685440e-01   6.2789353e-02   6.4278759e-01   2.0647081e-01   6.3306860e-01   3.5161987e-02
  -3.0711344e-01   5.4045040e-02   6.1500897e-01  -1.1878378e-01   5.8527932e-01  -1.1095104e-01   6.0774234e-01  -4.0637969e-03   6.3253880e-01   4.0408337e-02   6.4793086e-01  -3.4404155e-02   6.0381346e-01   1.9910442e-02   6.7897301e-01   1.1775622e-01   6.3588535e-01  -3.5091117e-04
  -3.0828367e-01  -5.9124628e-02   5.8995475e-01  -1.5011282e-01   5.6174767e-01  -1.3080750e-01   6.0328060e-01  -5.2553199e-02   6.3541777e-01  -3.5316042e-03   6.3768319e-01  -7.8085840e-02   6.0293000e-01  -3.0495688e-02   6.9318254e-01   1.0861088e-02   6.3297107e-01  -3.5493286e-02
  -3.4846709e-01  -1.4799489e-01   5.6121359e-01  -1.5732985e-01   5.3630675e-01  -1.2969547e-01   5.9250049e-01  -8.3861888e-02   6.3191355e-01  -3.8303527e-02   6.2128717e-01  -1.0112019e-01   5.9442671e-01  -7.0657627e-02   6.8444271e-01  -8.6696976e-02   6.2532773e-01  -5.8549977e-02
  -4.1320747e-01  -1.8688674e-01   5.3382995e-01  -1.3508947e-01   5.1342808e-01  -1.0410740e-01   5.7898827e-01  -8.7080570e-02   6.2435085e-01  -5.3834154e-02   6.0332314e-01  -9.4964855e-02   5.8117003e-01  -8.7147061e-02   6.5740933e-01  -1.5270106e-01   6.1553248e-01  -6.2031812e-02
  -4.8154176e-01  -1.6740956e-01   5.1315615e-01  -8.5476662e-02   4.9765600e-01  -5.6840198e-02   5.6731015e-01  -6.0560805e-02   6.1612087e-01  -4.6882850e-02   5.8910150e-01  -6.0107400e-02   5.6757764e-01  -7.4724712e-02   6.2056300e-01  -1.7502923e-01   6.0685363e-01  -4.4811231e-02
  -5.3295939e-01  -9.9512177e-02   5.0346966e-01  -1.7620332e-02   4.9239788e-01   3.5045635e-03   5.6152887e-01  -1.1993062e-02   6.1053288e-01  -2.1393890e-02   5.8302605e-01  -5.6418356e-03   5.5814505e-01  -3.7357465e-02   5.8371393e-01  -1.5344430e-01   6.0220394e-01  -1.2166223e-02
  -5.5319366e-01  -6.6387777e-03   5.0693839e-01   5.4648833e-02   4.9905708e-01   6.4673064e-02   5.6403162e-01   4.4409176e-02   6.0986021e-01   1.3375349e-02   5.8737943e-01   5.3729814e-02   5.5613672e-01   1.3713506e-02   5.5561335e-01  -9.8097485e-02   6.0331398e-01   2.6148974e-02
  -5.3843249e-01   8.2122094e-02   5.2294167e-01   1.1616980e-01   5.1650853e-01   1.1375670e-01   5.7472485e-01   9.2195785e-02   6.1463805e-01   4.5842355e-02   6.0155418e-01   1.0193980e-01   5.6255749e-01   6.3486426e-02   5.4183682e-01  -2.6165049e-02   6.1016345e-01   5.8832838e-02
  -4.9518197e-01   1.4146347e-01   5.4827887e-01   1.5427923e-01   5.4138239e-01   1.4047903e-01   5.9118140e-01   1.1766510e-01   6.2366101e-01   6.5736586e-02   6.2234702e-01   1.2617885e-01   5.7601404e-01   9.7899465e-02   5.4393416e-01   4.3320359e-02   6.2108147e-01   7.6441523e-02
  -4.3769070e-01   1.5657071e-01   5.7786703e-01   1.6168423e-01   5.6877560e-01   1.3958253e-01   6.0931257e-01   1.1345966e-01   6.3438496e-01   6.6804709e-02   6.4479805e-01   1.2011784e-01   5.9314718e-01   1.0752208e-01   5.5948674e-01   9.4011381e-02   6.3321578e-01   7.3851266e-02
  -3.8318894e-01   1.2674684e-01   6.0591224e-01   1.3814505e-01   5.9336735e-01   1.1210740e-01   6.2452272e-01   8.0526019e-02   6.4371041e-01   4.8448998e-02   6.6352689e-01   8.5516629e-02   6.0961303e-01   9.0031566e-02   5.8312687e-01   1.1598540e-01   6.4334265e-01   5.1615330e-02
  -3.4648800e-01   6.4413102e-02   6.2725240e-01   9.0272148e-02   6.1064896e-01   6.4982079e-02   6.3300633e-01   2.7557390e-02   6.4891374e-01   1.5622277e-02   6.7418171e-01   3.1473027e-02   6.2132886e-01   5.0502581e-02   6.0822482e-01   1.0750705e-01   6.4878098e-01   1.5615317e-02
  -3.3625642e-01  -9.7303766e-03   6.3836953e-01   2.9575089e-02   6.1780666e-01   9.1150672e-03   6.3265630e-01  -3.1747748e-02   6.4834018e-01  -2.2885068e-02   6.7442420e-01  -2.8309099e-02   6.2546778e-01  -4.7216524e-04   6.2855531e-01   7.4357534e-02   6.4803830e-01  -2.4782250e-02
  -3.5252734e-01  -7.3488200e-02   6.3817448e-01  -3.0508186e-02   6.1436528e-01  -4.3382540e-02   6.2368656e-01  -8.2623688e-02   6.4191496e-01  -5.7057182e-02   6.6458535e-01  -7.9356719e-02   6.2125242e-01  -4.9881470e-02   6.3990203e-01   2.7739440e-02   6.4126021e-01  -5.9398374e-02
  -3.8805150e-01  -1.1001331e-01   6.2791213e-01  -7.7994555e-02   6.0199926e-01  -8.2192046e-02   6.0833364e-01  -1.1334948e-01   6.3100541e-01  -7.8564561e-02   6.4728918e-01  -1.1031909e-01   6.0991345e-01  -8.6079956e-02   6.4070385e-01  -1.9469370e-02   6.3003274e-01  -8.0071271e-02
  -4.3086467e-01  -1.1207727e-01   6.1072142e-01  -1.0488408e-01   5.8403632e-01  -1.0095032e-01   5.9023722e-01  -1.1800972e-01   6.1803747e-01  -8.2788760e-02   6.2673035e-01  -1.1556803e-01   5.9429538e-01  -1.0157226e-01   6.3213686e-01  -5.5954401e-02   6.1695404e-01  -8.2586124e-02
  -4.6837085e-01  -8.3181910e-02   5.9072108e-01  -1.0853946e-01   5.6454332e-01  -9.8299133e-02   5.7340947e-01  -9.7523107e-02   6.0579781e-01  -6.9713465e-02   6.0750253e-01  -9.6112575e-02   5.7800352e-01  -9.4529256e-02   6.1743357e-01  -7.4573289e-02   6.0490870e-01  -6.7441062e-02
