   5.0376952e-03   4.9551944e-01   1.0715495e-01   2.4093225e-01   1.5227295e-01   7.6691978e-01   1.0848885e-01   8.2761793e-01   6.3178153e-02   2.1852966e-01   1.6912391e-03   2.8108156e-01   1.1919227e-01   1.8166815e-01   4.0386218e-02   6.2127625e-01   6.8754399e-02   4.3878793e-01
   3.8878256e-02  -2.6770032e-01   1.9496102e-01   6.7358726e-01   3.3199100e-01   9.7962063e-01   2.8298271e-01   1.0000000e+00   1.3050489e-01   6.0466171e-01   9.3719708e-02   6.8018141e-01   1.7764348e-01   5.6436266e-01   2.4144453e-01   9.3050628e-01   1.7201144e-01   7.7124776e-01
  -1.4235750e-01  -8.2281024e-01   3.4791375e-01   9.3189785e-01   5.3502900e-01   1.0000000e+00   4.7070136e-01   9.7945288e-01   2.4937366e-01   8.6271054e-01   2.4537555e-01   9.1876394e-01   2.8533709e-01   8.2606877e-01   4.9065008e-01   1.0000000e+00   3.1852291e-01   9.5537637e-01
  -4.4226910e-01  -1.0000000e+00   5.3126754e-01   1.0000000e+00   7.2511851e-01   8.5921310e-01   6.4204236e-01   8.3776584e-01   3.9901900e-01   9.9118062e-01   4.2662191e-01   1.0000000e+00   4.2381347e-01   9.6869189e-01   7.2857268e-01   8.4947319e-01   4.8390766e-01   1.0000000e+00
  -7.3441406e-01  -7.8472552e-01   7.1117214e-01   9.0128482e-01   8.7498172e-01   6.1147585e-01   7.8123867e-01   6.4656169e-01   5.5944311e-01   1.0000000e+00   6.1001830e-01   9.4654598e-01   5.7546225e-01   1.0000000e+00   9.0754575e-01   5.4763829e-01   6.4675567e-01   9.2986201e-01
  -9.1169659e-01  -3.0541137e-01   8.6040413e-01   6.7959327e-01   9.6866659e-01   3.1122129e-01   8.8407234e-01   4.5482111e-01   7.1271610e-01   9.0438409e-01   7.7319348e-01   7.8826366e-01   7.2383638e-01   9.2663787e-01   1.0000000e+00   1.7923971e-01   7.9026962e-01   7.7344533e-01
  -9.2035788e-01   2.4616151e-01   9.6026873e-01   3.7984227e-01   1.0000000e+00  -1.0820459e-04   9.5269597e-01   2.8176252e-01   8.4357243e-01   7.2235485e-01   8.9936240e-01   5.5436782e-01   8.5334565e-01   7.5382083e-01   9.9895285e-01  -1.8062770e-01   9.0214083e-01   5.5520701e-01
  -7.6718763e-01   6.8902435e-01   1.0000000e+00   4.2480505e-02   9.6997125e-01  -2.9146477e-01   9.9059420e-01   1.2522189e-01   9.3987121e-01   4.7531988e-01   9.7702092e-01   2.7277028e-01   9.4944984e-01   4.9153223e-01   9.1441363e-01  -4.7216434e-01   9.7376894e-01   2.9576549e-01
  -5.0953728e-01   8.8768432e-01   9.7637255e-01  -2.9098225e-01   8.8554218e-01  -5.3359607e-01   1.0000000e+00  -2.4117054e-02   9.9324663e-01   1.8939963e-01   1.0000000e+00  -2.6583916e-02   1.0000000e+00   1.6219844e-01   7.6988186e-01  -6.4825248e-01   1.0000000e+00   1.6468019e-02
  -2.3718354e-01   7.7991651e-01   8.9445008e-01  -5.7322911e-01   7.5980747e-01  -6.9525479e-01   9.8180956e-01  -1.6911824e-01   1.0000000e+00  -1.0263743e-01   9.6821414e-01  -3.0787097e-01   9.9761646e-01  -1.9324089e-01   5.9885905e-01  -6.7895502e-01   9.7966963e-01  -2.5557967e-01
  -4.3803409e-02   4.0399361e-01   7.6833830e-01  -7.5681714e-01   6.1192543e-01  -7.4926618e-01   9.3761620e-01  -2.9917879e-01   9.6222923e-01  -3.6170413e-01   8.8882419e-01  -5.3022137e-01   9.4259205e-01  -5.1703113e-01   4.3892395e-01  -5.6314313e-01   9.1675453e-01  -4.8666702e-01
   4.2332275e-03  -1.0929436e-01   6.1992545e-01  -8.0826480e-01   4.6516512e-01  -6.8402066e-01   8.7201533e-01  -3.9412081e-01   8.8838170e-01  -5.4854681e-01   7.7644834e-01  -6.5621363e-01   8.4450753e-01  -7.4759787e-01   3.2363287e-01  -3.3422755e-01   8.2102185e-01  -6.4255324e-01
  -1.0906124e-01  -5.8476711e-01   4.7507121e-01  -7.1987490e-01   3.4289040e-01  -5.1063922e-01   7.9357703e-01  -4.3350020e-01   7.9253790e-01  -6.3379349e-01   6.5146782e-01  -6.6345931e-01   7.2150960e-01  -8.3764558e-01   2.7438019e-01  -5.2172834e-02   7.0736520e-01  -6.9795424e-01
  -3.4585580e-01  -8.6740850e-01   3.5839260e-01  -5.1213551e-01   2.6397886e-01  -2.6146779e-01   7.1395206e-01  -4.0604531e-01   6.9202846e-01  -6.0713737e-01   5.3632854e-01  -5.5292200e-01   5.9685939e-01  -7.6906384e-01   2.9591898e-01   2.1459512e-01   5.9355575e-01  -6.4465625e-01
  -6.2940206e-01  -8.7301305e-01   2.8845982e-01  -2.2806462e-01   2.3925524e-01   1.7527388e-02   6.4555452e-01  -3.1547007e-01   6.0399103e-01  -4.8158430e-01   4.5094442e-01  -3.5061602e-01   4.9389291e-01  -5.5940137e-01   3.7670220e-01   4.0837377e-01   4.9701775e-01  -4.9532726e-01
  -8.7091481e-01  -6.1301398e-01   2.7449764e-01   7.7268233e-02   2.6974104e-01   2.7710224e-01   5.9861724e-01  -1.8123443e-01   5.4176700e-01  -2.9093346e-01   4.0843301e-01  -1.0211969e-01   4.3073685e-01  -2.5831710e-01   4.9345494e-01   4.9604121e-01   4.3140187e-01  -2.8188450e-01
  -1.0000000e+00  -1.8286069e-01   3.1524996e-01   3.4945487e-01   3.4704498e-01   4.7516683e-01   5.7858241e-01  -3.3014744e-02   5.1216674e-01  -8.0267457e-02   4.1240476e-01   1.3943570e-01   4.1620107e-01   6.6200175e-02   6.1818746e-01   4.7241846e-01   4.0384358e-01  -4.7677984e-02
  -9.8345189e-01   2.7971044e-01   4.0022875e-01   5.4421925e-01   4.5560444e-01   5.8285931e-01   5.8516729e-01   9.7923508e-02   5.1480428e-01   1.0563922e-01   4.5699816e-01   3.2602368e-01   4.4860328e-01   3.4509779e-01   7.2430964e-01   3.5304412e-01   4.1410730e-01   1.6280994e-01
  -8.3354832e-01   6.3903200e-01   5.1202740e-01   6.3360755e-01   5.7557048e-01   5.8750423e-01   6.1255626e-01   1.8598214e-01   5.4271248e-01   2.3195866e-01   5.2851669e-01   4.2442375e-01   5.1644119e-01   5.2334454e-01   7.9110714e-01   1.6713522e-01   4.5497290e-01   3.1334096e-01
  -5.9956254e-01   7.9888170e-01   6.2986052e-01   6.0899398e-01   6.8627999e-01   4.9321726e-01   6.5119119e-01   2.1684884e-01   5.8467364e-01   2.8012176e-01   6.0899631e-01   4.2172321e-01   6.0170664e-01   5.7074042e-01   8.0644141e-01  -4.7040882e-02   5.1440318e-01   3.8260151e-01
  -3.5205692e-01   7.2406200e-01   7.3326346e-01   4.8301505e-01   7.6960507e-01   3.2134216e-01   6.9017341e-01   1.9110953e-01   6.2802151e-01   2.5117839e-01   6.8013570e-01   3.2780098e-01   6.8407124e-01   4.8817147e-01   7.6872867e-01  -2.4449100e-01   5.7831432e-01   3.6812357e-01
  -1.6178416e-01   4.5042485e-01   8.0603392e-01   2.8817732e-01   8.1331437e-01   1.0827712e-01   7.2018604e-01   1.2509524e-01   6.6183251e-01   1.6579208e-01   7.2751707e-01   1.7399490e-01   7.4577161e-01   3.0827985e-01   6.8797340e-01  -3.8064091e-01   6.3383524e-01   2.8684835e-01
  -7.7739757e-02   7.1551708e-02   8.3940803e-01   6.8751903e-02   8.1351181e-01  -1.0236801e-01   7.3613735e-01   4.5412716e-02   6.7972807e-01   5.7611077e-02   7.4404804e-01   4.4005277e-03   7.7600849e-01   8.5603117e-02   5.8407568e-01  -4.2391486e-01   6.7227628e-01   1.6944370e-01
  -1.1491747e-01  -2.9367998e-01   8.3299075e-01  -1.3072038e-01   7.7486053e-01  -2.7027278e-01   7.3806522e-01  -2.0438581e-02   6.8094015e-01  -3.7450729e-02   7.3094482e-01  -1.3688940e-01   7.7280523e-01  -1.1993156e-01   4.8214685e-01  -3.6598368e-01   6.9046910e-01   5.0573322e-02
  -2.5123480e-01  -5.3971218e-01   7.9393230e-01  -2.7646071e-01   7.0905732e-01  -3.6820910e-01   7.3056204e-01  -5.3358070e-02   6.6992672e-01  -9.2380265e-02   6.9672758e-01  -2.1846925e-01   7.4272689e-01  -2.6037094e-01   4.0600691e-01  -2.2517959e-01   6.9071802e-01  -4.1366815e-02
  -4.3792488e-01  -6.0642881e-01   7.3409586e-01  -3.5195611e-01   6.3144884e-01  -3.8724720e-01   7.2049901e-01  -4.8197204e-02   6.5419250e-01  -9.6295761e-02   6.5390045e-01  -2.2918277e-01   6.9788349e-01  -3.1165773e-01   3.7201985e-01  -4.0114773e-02   6.7900077e-01  -9.1225296e-02
  -6.1657800e-01  -4.9326844e-01   6.6669524e-01  -3.5887366e-01   5.5730333e-01  -3.3655953e-01   7.1433799e-01  -1.3994429e-02   6.4156217e-01  -5.5669517e-02   6.1505224e-01  -1.7869326e-01   6.5196075e-01  -2.7683562e-01   3.8545163e-01   1.4217084e-01   6.6255517e-01  -9.8859042e-02
  -7.3711312e-01  -2.5310337e-01   6.0329393e-01  -3.1292340e-01   4.9866149e-01  -2.3858266e-01   7.1591001e-01   3.0575058e-02   6.3775889e-01   9.9908960e-03   5.8951355e-01  -9.1823179e-02   6.1647382e-01  -1.8097784e-01   4.4005677e-01   2.7901914e-01   6.4762244e-01  -7.6106202e-02
  -7.7249139e-01   2.9112139e-02   5.5166889e-01  -2.3658166e-01   4.6221064e-01  -1.2148641e-01   7.2513012e-01   6.4615665e-02   6.4476566e-01   7.5731021e-02   5.8116357e-01   6.9196386e-04   5.9795212e-01  -6.0889067e-02   5.2037794e-01   3.4264286e-01   6.3779376e-01  -4.0883925e-02
  -7.2343581e-01   2.6653008e-01   5.1543136e-01  -1.5138498e-01   4.4908948e-01  -1.1470008e-02   7.3845252e-01   7.2573778e-02   6.6075188e-01   1.1940287e-01   5.8842955e-01   7.1864302e-02   5.9725622e-01   4.7100759e-02   6.0641416e-01   3.2436198e-01   6.3366833e-01  -1.0444121e-02
  -6.1522576e-01   3.9442635e-01   4.9465419e-01  -7.3078955e-02   4.5579772e-01   7.2442980e-02   7.5029594e-01   4.8841908e-02   6.8096303e-01   1.2728863e-01   6.0557181e-01   1.0486303e-01   6.1032655e-01   1.1611294e-01   6.7834108e-01   2.3411872e-01   6.3335544e-01   3.3360256e-03
  -4.8785912e-01   3.8681082e-01   4.8719137e-01  -9.4898250e-03   4.7597363e-01   1.2127082e-01   7.5511234e-01  -5.6556106e-04   6.9935294e-01   9.7272164e-02   6.2493954e-01   9.6363358e-02   6.3010966e-01   1.3454782e-01   7.2083618e-01   9.6751882e-02   6.3363322e-01  -3.2522896e-03
  -3.8260878e-01   2.6095463e-01   4.9015188e-01   3.8885151e-02   5.0249850e-01   1.3622687e-01   7.4945536e-01  -5.9916745e-02   7.1049076e-01   3.8795798e-02   6.3952602e-01   5.6088101e-02   6.4907156e-01   1.0740426e-01   7.2614494e-01  -5.4018540e-02   6.3138245e-01  -2.5524553e-02
  -3.2949286e-01   6.8650148e-02   5.0104184e-01   7.6365329e-02   5.2933787e-01   1.2639696e-01   7.3333996e-01  -1.0885643e-01   7.1116340e-01  -3.0435395e-02   6.4504459e-01   2.7169146e-03   6.6150189e-01   5.2838937e-02   6.9536578e-01  -1.8302839e-01   6.2481327e-01  -5.2744146e-02
  -3.3896586e-01  -1.2251809e-01   5.1836755e-01   1.0866318e-01   5.5276505e-01   1.0467812e-01   7.1050496e-01  -1.2926474e-01   7.0128445e-01  -9.0147057e-02   6.4104026e-01  -4.2697858e-02   6.6504366e-01  -4.9196057e-03   6.3784813e-01  -2.6166457e-01   6.1416336e-01  -7.2286583e-02
  -4.0057427e-01  -2.5197171e-01   5.4156271e-01   1.3949237e-01   5.7164579e-01   8.3067726e-02   6.8735076e-01  -1.1164605e-01   6.8377510e-01  -1.2393733e-01   6.3064176e-01  -6.3862538e-02   6.6095219e-01  -4.4201220e-02   5.6859917e-01  -2.7457201e-01   6.0160764e-01  -7.4353351e-02
  -4.8833451e-01  -2.8436062e-01   5.7038020e-01   1.6836087e-01   5.8684429e-01   6.8939540e-02   6.7094848e-01  -5.8573675e-02   6.6352502e-01  -1.2405651e-01   6.1915197e-01  -5.4264180e-02   6.5312987e-01  -5.2768414e-02   5.0444317e-01  -2.2297846e-01   5.9046637e-01  -5.5409570e-02
  -5.7040252e-01  -2.1845428e-01   6.0402977e-01   1.9004860e-01   6.0007262e-01   6.3237688e-02   6.6675681e-01   1.5775028e-02   6.4582268e-01  -9.3226267e-02   6.1201925e-01  -1.8737502e-02   6.4639113e-01  -3.1020814e-02   4.5984065e-01  -1.2372079e-01   5.8402366e-01  -1.9366404e-02
  -6.1951864e-01  -8.4154437e-02   6.4042310e-01   1.9605816e-01   6.1264725e-01   6.1172185e-02   6.7684161e-01   8.9889249e-02   6.3480391e-01  -4.2992902e-02   6.1292348e-01   2.8870106e-02   6.4462180e-01   9.4254243e-03   4.4358823e-01  -4.1314354e-03   5.8439306e-01   2.3874953e-02
  -6.2161442e-01   6.9879853e-02   6.7578065e-01   1.7778963e-01   6.2451750e-01   5.5013522e-02   6.9900912e-01   1.4166523e-01   6.3227634e-01   1.0488949e-02   6.2244573e-01   7.0867263e-02   6.4932269e-01   5.0764924e-02   4.5694210e-01   1.0577725e-01   5.9172288e-01   6.1852721e-02
  -5.7852340e-01   1.9309837e-01   7.0502238e-01   1.3022094e-01   6.3412034e-01   3.7787001e-02   7.2744422e-01   1.5492756e-01   6.3748463e-01   5.1583904e-02   6.3802505e-01   9.1637159e-02   6.5927112e-01   7.5575520e-02   4.9412051e-01   1.8077861e-01   6.0417553e-01   8.3566051e-02
  -5.0644888e-01   2.4830211e-01   7.2271143e-01   5.5068646e-02   6.3882900e-01   6.5133345e-03   7.5424194e-01   1.2430226e-01   6.4750921e-01   6.9648262e-02   6.5475831e-01   8.2561210e-02   6.7097462e-01   7.2628748e-02   5.4418001e-01   2.0627238e-01   6.1842730e-01   8.2855040e-02
  -4.2984702e-01   2.2176284e-01   7.2446946e-01  -3.7998603e-02   6.3597486e-01  -3.6108576e-02   7.7165188e-01   5.6890052e-02   6.5832419e-01   6.1759369e-02   6.6700620e-01   4.4602334e-02   6.7994125e-01   4.0427139e-02   5.9412592e-01   1.8085769e-01   6.3066537e-01   6.0202407e-02
  -3.7319659e-01   1.2597727e-01   7.0840953e-01  -1.3274829e-01   6.2401438e-01  -8.2090685e-02   7.7434921e-01  -2.9572939e-02   6.6612050e-01   3.3126546e-02   6.7023514e-01  -1.2015039e-02   6.8226758e-01  -1.2400782e-02   6.3229111e-01   1.1554574e-01   6.3773564e-01   2.2542708e-02
  -3.5385572e-01  -6.2096127e-03   6.7594731e-01  -2.1017322e-01   6.0331683e-01  -1.2052942e-01   7.6085571e-01  -1.1171074e-01   6.6838794e-01  -5.0777665e-03   6.6237116e-01  -7.1079273e-02   6.7590250e-01  -7.0134756e-02   6.5084701e-01   2.9851660e-02   6.3799345e-01  -1.8968602e-02
  -3.7654975e-01  -1.3243229e-01   6.3200028e-01  -2.5344340e-01   5.7653253e-01  -1.4089607e-01   7.3419925e-01  -1.6711133e-01   6.6470225e-01  -3.9345995e-02   6.4464046e-01  -1.1525024e-01   6.6150756e-01  -1.1486085e-01   6.4755536e-01  -5.3684358e-02   6.3184160e-01  -5.2275249e-02
  -4.3317376e-01  -2.1511708e-01   5.8400948e-01  -2.5250764e-01   5.4807454e-01  -1.3640854e-01   7.0093040e-01  -1.8072506e-01   6.5664883e-01  -5.8283214e-02   6.2113230e-01  -1.3143114e-01   6.4222660e-01  -1.3233106e-01   6.2554196e-01  -1.1545397e-01   6.2148183e-01  -6.8113660e-02
  -5.0591929e-01  -2.3204656e-01   5.4045215e-01  -2.0667075e-01   5.2317139e-01  -1.0604183e-01   6.6941651e-01  -1.4870089e-01   6.4724440e-01  -5.5782977e-02   5.9769536e-01  -1.1433494e-01   6.2283070e-01  -1.1602821e-01   5.9205796e-01  -1.4304973e-01   6.1025405e-01  -6.2476544e-02
  -5.7313233e-01  -1.8204024e-01   5.0903517e-01  -1.2490036e-01   5.0663241e-01  -5.5036214e-02   6.4762874e-01  -7.9224406e-02   6.3995311e-01  -3.2577855e-02   5.8032648e-01  -6.7857857e-02   6.0837590e-01  -6.9011548e-02   5.5633943e-01  -1.3356078e-01   6.0165924e-01  -3.7587370e-02
  -6.1617837e-01  -8.3746657e-02   4.9500140e-01  -2.3654701e-02   5.0164079e-01   6.3538074e-03   6.4100900e-01   1.0052239e-02   6.3758126e-01   4.3627631e-03   5.7348950e-01  -3.7333418e-03   6.0274103e-01  -2.8507099e-03   5.2711326e-01  -9.3309648e-02   5.9833369e-01  -1.0101951e-03
  -6.2440925e-01   3.1797284e-02   5.0015561e-01   7.7024171e-02   5.0904108e-01   6.5445262e-02   6.5124112e-01   9.7025117e-02   6.4150335e-01   4.4291871e-02   5.7903028e-01   6.2001242e-02   6.0763612e-01   6.5930898e-02   5.1064661e-01  -3.5223455e-02   6.0138521e-01   3.6755477e-02
  -5.9777770e-01   1.3081676e-01   5.2254268e-01   1.5787654e-01   5.2710575e-01   1.1010271e-01   6.7586768e-01   1.6075741e-01   6.5127052e-01   7.5778127e-02   5.9571034e-01   1.1321998e-01   6.2213432e-01   1.2026724e-01   5.0946248e-01   2.4804984e-02   6.1010831e-01   6.5158236e-02
  -5.4601724e-01   1.8712036e-01   5.5701884e-01   2.0466062e-01   5.5196433e-01   1.3168779e-01   7.0905095e-01   1.8683066e-01   6.6477313e-01   9.0002785e-02   6.1961166e-01   1.3799532e-01   6.4295805e-01   1.4719897e-01   5.2212309e-01   7.2182643e-02   6.2223434e-01   7.6527357e-02
  -4.8498379e-01   1.8856892e-01   5.9647741e-01   2.1077411e-01   5.7852522e-01   1.2685483e-01   7.4313507e-01   1.7038267e-01   6.7886451e-01   8.2912579e-02   6.4521789e-01   1.3126216e-01   6.6538096e-01   1.4088055e-01   5.4404672e-01   9.6858956e-02   6.3459479e-01   6.7872026e-02
  -4.3185681e-01   1.3948961e-01   6.3336447e-01   1.7830114e-01   6.0160242e-01   9.8182059e-02   7.7050341e-01   1.1694576e-01   6.9018924e-01   5.6152980e-02   6.6677956e-01   9.5832594e-02   6.8440150e-01   1.0384066e-01   5.6888879e-01   9.5325022e-02   6.4395284e-01   4.1524490e-02
  -3.9992848e-01   5.8221458e-02   6.6131886e-01   1.1706717e-01   6.1710965e-01   5.3340893e-02   7.8548970e-01   4.0626174e-02   6.9610701e-01   1.6450136e-02   6.7978792e-01   4.1356457e-02   6.9603678e-01   4.6028578e-02   5.9033811e-01   7.0918478e-02   6.4789084e-01   4.3534478e-03
  -3.9565754e-01  -2.9701016e-02   6.7622970e-01   4.1769574e-02   6.2277513e-01   2.9126718e-03   7.8543903e-01  -3.9998094e-02   6.9526434e-01  -2.6535383e-02   6.8186019e-01  -1.8643847e-02   6.9812203e-01  -1.8294062e-02   6.0353304e-01   3.2069441e-02   6.4532378e-01  -3.4331965e-02
  -4.1687496e-01  -9.9395221e-02   6.7703559e-01  -3.1550757e-02   6.1863245e-01  -4.2225454e-02   7.7137350e-01  -1.0665710e-01   6.8798432e-01  -6.2815545e-02   6.7333818e-01  -7.0320982e-02   6.9086214e-01  -7.4314192e-02   6.0625903e-01  -1.0133007e-02   6.3682732e-01  -6.5261426e-02
  -4.5492957e-01  -1.3396299e-01   6.6541992e-01  -8.9237762e-02   6.0665374e-01  -7.3507650e-02   7.4723861e-01  -1.4588263e-01   6.7597796e-01  -8.4749176e-02   6.5681434e-01  -1.0304550e-01   6.7644517e-01  -1.1051550e-01   5.9901364e-01  -4.5201471e-02   6.2430230e-01  -8.1621067e-02
  -4.9750711e-01  -1.2822482e-01   6.4521921e-01  -1.2251714e-01   5.9018614e-01  -8.6304404e-02   7.1886960e-01  -1.5165383e-01   6.6189406e-01  -8.8635765e-02   6.3641606e-01  -1.1153969e-01   6.5843345e-01  -1.2100738e-01   5.8464418e-01  -6.5571931e-02   6.1049693e-01  -8.0468865e-02
  -5.3264126e-01  -8.8998597e-02   6.2133440e-01  -1.2875544e-01   5.7304340e-01  -8.0549023e-02   6.9244206e-01  -1.2613321e-01   6.4860627e-01  -7.5260904e-02   6.1667540e-01  -9.6611759e-02   6.4078489e-01  -1.0637237e-01   5.6735979e-01  -6.8146882e-02   5.9828376e-01  -6.3146974e-02
