   1.8785814e-01   5.5647750e-01   9.7540789e-03   3.2285204e-01   1.8085003e-01   4.6815543e-01   6.9695612e-02   1.2497431e-01   7.0464420e-02   1.1954905e-01   6.7604666e-02   8.2891655e-01   1.1435900e-01   2.4007719e-01   1.5055213e-01   3.3744763e-01   4.0702120e-02   3.4017877e-01
   2.6093845e-01  -1.7549509e-01   1.1665899e-01   7.1941457e-01   2.8621647e-01   8.1699300e-01   1.1376028e-01   4.3681162e-01   1.1694666e-01   4.9695554e-01   2.5658918e-01   1.0000000e+00   1.7955280e-01   5.3582707e-01   2.6303742e-01   7.7685062e-01   1.2465273e-01   6.9124949e-01
   7.1176619e-02  -7.5489735e-01   2.8677448e-01   9.4869286e-01   4.3364850e-01   9.9112132e-01   1.9969860e-01   6.7331884e-01   2.1037641e-01   7.6260810e-01   4.6062792e-01   9.8616362e-01   2.8693114e-01   7.5012030e-01   4.4136419e-01   1.0000000e+00   2.5388449e-01   9.0836693e-01
  -2.8335611e-01  -1.0000000e+00   4.8484544e-01   1.0000000e+00   5.9542371e-01   1.0000000e+00   3.1671842e-01   8.4362060e-01   3.3510234e-01   9.2689149e-01   6.4820282e-01   8.4865395e-01   4.2279678e-01   8.8025319e-01   6.4041476e-01   9.9034967e-01   4.0750882e-01   1.0000000e+00
  -6.5745325e-01  -8.6030047e-01   6.7728917e-01   8.9921114e-01   7.4766481e-01   8.7955872e-01   4.5489260e-01   9.4856797e-01   4.7709980e-01   1.0000000e+00   8.0073573e-01   6.4992636e-01   5.7297142e-01   9.2239713e-01   8.1773637e-01   7.8955461e-01   5.6700787e-01   9.8573674e-01
  -9.1636675e-01  -4.3524534e-01   8.3793546e-01   6.8998444e-01   8.7300292e-01   6.7076389e-01   6.0343548e-01   9.7591014e-01   6.2336405e-01   9.8523105e-01   9.1063365e-01   4.3328423e-01   7.2233485e-01   8.6890422e-01   9.4282097e-01   4.7139970e-01   7.1713443e-01   8.8519136e-01
  -9.8258469e-01   9.7595255e-02   9.4915697e-01   4.1123033e-01   9.5978680e-01   4.0255248e-01   7.4896330e-01   9.0569763e-01   7.6102047e-01   8.8225242e-01   9.7666509e-01   2.1899645e-01   8.5442563e-01   7.1251258e-01   1.0000000e+00   1.0900038e-01   8.4532376e-01   7.1219048e-01
  -8.4885143e-01   5.6561518e-01   1.0000000e+00   9.1633419e-02   1.0000000e+00   9.3179087e-02   8.7514510e-01   7.2165062e-01   8.7727686e-01   6.9355582e-01   1.0000000e+00   1.2561075e-02   9.5218126e-01   4.5465906e-01   9.8666718e-01  -2.3774570e-01   9.4082809e-01   4.7668727e-01
  -5.6792956e-01   8.3415239e-01   9.8502199e-01  -2.4036311e-01   9.8856596e-01  -2.3675198e-01   9.6418478e-01   4.2246079e-01   9.6018499e-01   4.2862386e-01   9.8232205e-01  -1.8535799e-01   1.0000000e+00   1.1259508e-01   9.1102352e-01  -5.1736105e-01   9.9456269e-01   1.9050967e-01
  -2.3541934e-01   8.2391456e-01   9.0551391e-01  -5.4448796e-01   9.2482799e-01  -5.5087098e-01   1.0000000e+00   3.4414599e-02   1.0000000e+00   1.0962012e-01   9.2577713e-01  -3.6875420e-01   9.8692392e-01  -2.7325261e-01   7.9094258e-01  -6.8343967e-01   1.0000000e+00  -1.2431466e-01
   3.8037600e-02   5.3967561e-01   7.7216905e-01  -7.6889042e-01   8.1546052e-01  -7.9583587e-01   9.7323269e-01  -3.8192146e-01   9.9155902e-01  -2.2299557e-01   8.3498957e-01  -5.1885956e-01   9.1086398e-01  -6.3733100e-01   6.5221011e-01  -7.0400070e-01   9.5541826e-01  -4.2957094e-01
   1.6203361e-01   7.9578398e-02   6.0593939e-01  -8.6639359e-01   6.7604413e-01  -9.1749231e-01   8.8581436e-01  -7.4261211e-01   9.3678516e-01  -5.1417779e-01   7.1951479e-01  -6.0723736e-01   7.8183742e-01  -9.0156796e-01   5.2419322e-01  -5.7697517e-01   8.6624139e-01  -6.7530621e-01
   9.7621572e-02  -3.9941837e-01   4.3509281e-01  -8.1371597e-01   5.2943318e-01  -8.8251263e-01   7.5272369e-01  -9.6617464e-01   8.4586292e-01  -7.0907387e-01   5.9468460e-01  -6.0761926e-01   6.2213306e-01  -1.0000000e+00   4.3312939e-01  -3.3586489e-01   7.4587714e-01  -8.1409860e-01
  -1.3116395e-01  -7.4112983e-01   2.8935040e-01  -6.1997379e-01   4.0123391e-01  -6.9098435e-01   5.9950386e-01  -1.0000000e+00   7.3588818e-01  -7.7075589e-01   4.7985003e-01  -5.0841313e-01   4.6227601e-01  -9.0205079e-01   3.9587670e-01  -4.0100129e-02   6.1402453e-01  -8.1673391e-01
  -4.4824359e-01  -8.4195520e-01   1.9353517e-01  -3.2400972e-01   3.1424223e-01  -3.7744211e-01   4.5642801e-01  -8.3696997e-01   6.2725576e-01  -6.9260296e-01   3.9454086e-01  -3.2033144e-01   3.3401541e-01  -6.2467221e-01   4.1649749e-01   2.4245355e-01   4.9286409e-01  -6.8261535e-01
  -7.5314195e-01  -6.8301042e-01   1.6244423e-01   1.5513620e-02   2.8337892e-01  -3.0258486e-03   3.5101777e-01  -5.1879290e-01   5.3882796e-01  -5.0135471e-01   3.5369330e-01  -7.7085516e-02   2.6236750e-01  -2.3004726e-01   4.8638004e-01   4.5354196e-01   4.0213497e-01  -4.4216133e-01
  -9.5516355e-01  -3.2958687e-01   1.9837822e-01   3.3498727e-01   3.1263895e-01   3.6010459e-01   3.0142744e-01  -1.2250982e-01   4.8361361e-01  -2.4783607e-01   3.6373035e-01   1.7316613e-01   2.5951198e-01   1.9260590e-01   5.8748746e-01   5.5634163e-01   3.5474844e-01  -1.4840510e-01
  -1.0000000e+00   1.0032906e-01   2.9162337e-01   5.7935160e-01   3.9474523e-01   6.4518049e-01   3.1287979e-01   2.6244797e-01   4.6648007e-01   9.1162769e-03   4.2103611e-01   3.8099044e-01   3.2249290e-01   5.5199045e-01   6.9685325e-01   5.3724929e-01   3.5442048e-01   1.3788081e-01
  -8.8363118e-01   4.7866128e-01   4.2293715e-01   7.1033421e-01   5.1286292e-01   8.0267069e-01   3.7717288e-01   5.5592172e-01   4.8389153e-01   2.1712366e-01   5.1268981e-01   5.0669102e-01   4.3444996e-01   7.7616227e-01   7.9094925e-01   4.0356341e-01   3.9541999e-01   3.6256923e-01
  -6.4729663e-01   7.0195533e-01   5.6742937e-01   7.0959186e-01   6.4409932e-01   8.0646489e-01   4.7564047e-01   7.0155530e-01   5.2578230e-01   3.3916353e-01   6.1936855e-01   5.2676645e-01   5.6923942e-01   8.2444176e-01   8.4954418e-01   1.8171762e-01   4.6467088e-01   4.8769798e-01
  -3.6417988e-01   7.1471948e-01   6.9880375e-01   5.8257935e-01   7.6361427e-01   6.6004320e-01   5.8346110e-01   6.7800031e-01   5.7815483e-01   3.6015570e-01   7.1902518e-01   4.3926286e-01   6.9704390e-01   6.9495782e-01   8.5959212e-01  -8.1271812e-02   5.4476556e-01   4.9850950e-01
  -1.1686143e-01   5.2524007e-01   7.9447208e-01   3.6032214e-01   8.4978518e-01   3.9945149e-01   6.7575239e-01   5.0577705e-01   6.2673388e-01   2.9141244e-01   7.9177273e-01   2.6728745e-01   7.9119991e-01   4.2685560e-01   8.1900946e-01  -3.2308659e-01   6.1811970e-01   4.0744709e-01
   2.7498403e-02   2.0189730e-01   8.4017325e-01   9.3358410e-02   8.8895229e-01   8.5915142e-02   7.3370452e-01   2.4164158e-01   6.6067227e-01   1.6722401e-01   8.2464734e-01   5.4614967e-02   8.3432592e-01   9.1023386e-02   7.3812879e-01  -4.8254930e-01   6.7109517e-01   2.5029693e-01
   3.6621828e-02  -1.5063941e-01   8.3270122e-01  -1.6140723e-01   8.7826504e-01  -2.1076994e-01   7.4894960e-01  -3.9000145e-02   6.7518035e-01   3.3375951e-02   8.1470112e-01  -1.4659787e-01   8.2213309e-01  -2.2933545e-01   6.3755184e-01  -5.1982806e-01   6.9692461e-01   7.4840555e-02
  -7.9917160e-02  -4.2745326e-01   7.7959149e-01  -3.5542757e-01   8.2542850e-01  -4.3115207e-01   7.2457548e-01  -2.6512260e-01   6.7203452e-01  -6.8203683e-02   7.6905694e-01  -2.9118510e-01   7.6342979e-01  -4.6183062e-01   5.4242446e-01  -4.2902463e-01   6.9639699e-01  -7.3852543e-02
  -2.7688353e-01  -5.5515741e-01   6.9636645e-01  -4.5900433e-01   7.4592158e-01  -5.3970611e-01   6.7299671e-01  -3.8873162e-01   6.5809546e-01  -1.1167308e-01   7.0227148e-01  -3.5264346e-01   6.7683934e-01  -5.6259290e-01   4.7564406e-01  -2.3833426e-01   6.7646708e-01  -1.6517170e-01
  -4.9009477e-01  -5.1213164e-01   6.0215309e-01  -4.6618748e-01   6.5853114e-01  -5.3114821e-01   6.1148471e-01  -3.9544827e-01   6.4240659e-01  -9.3502571e-02   6.3185803e-01  -3.2867807e-01   5.8520084e-01  -5.2513935e-01   4.5195758e-01  -1.5651367e-04   6.4735301e-01  -1.8935818e-01
  -6.5781175e-01  -3.3004319e-01   5.1496006e-01  -3.9273825e-01   5.8054581e-01  -4.2765784e-01   5.5686378e-01  -3.0374020e-01   6.3293358e-01  -3.0538904e-02   5.7343604e-01  -2.3875495e-01   5.0938585e-01  -3.7765066e-01   4.7470683e-01   2.2503085e-01   6.1914081e-01  -1.5669480e-01
  -7.3808324e-01  -7.7365469e-02   4.4818549e-01  -2.6829650e-01   5.2425170e-01  -2.6857074e-01   5.2136598e-01  -1.5422365e-01   6.3425361e-01   4.8479992e-02   5.3728937e-01  -1.1527868e-01   4.6368419e-01  -1.7067683e-01   5.3599596e-01   3.8460005e-01   5.9918181e-01  -9.0661031e-02
  -7.1937613e-01   1.6515194e-01   4.0861553e-01  -1.2655126e-01   4.9499993e-01  -9.7474883e-02   5.1010434e-01   4.8404732e-03   6.4642869e-01   1.1335360e-01   5.2661026e-01   7.0747294e-03   4.5313286e-01   3.8770271e-02   6.1927656e-01   4.4575955e-01   5.9055336e-01  -1.8912494e-02
  -6.1964518e-01   3.2936400e-01   3.9666138e-01   3.2046148e-03   4.9163409e-01   4.8986097e-02   5.2117052e-01   1.3133920e-01   6.6560518e-01   1.4142286e-01   5.3817913e-01   1.0042089e-01   4.7393250e-01   2.0207204e-01   7.0402740e-01   4.0022543e-01   5.9220039e-01   3.5091152e-02
  -4.7810738e-01   3.7631387e-01   4.0773582e-01   1.0091147e-01   5.0813640e-01   1.4761304e-01   5.4727718e-01   1.9826582e-01   6.8550176e-01   1.2278583e-01   5.6427651e-01   1.4889073e-01   5.1564778e-01   2.8873413e-01   7.7047629e-01   2.6385918e-01   6.0003186e-01   5.7338048e-02
  -3.4178209e-01   3.0522442e-01   4.3438293e-01   1.5806540e-01   5.3608092e-01   1.9161275e-01   5.7852676e-01   1.9882501e-01   6.9949573e-01   6.2597654e-02   5.9542909e-01   1.5103134e-01   5.6472673e-01   2.9175174e-01   8.0406688e-01   7.2581359e-02   6.0868790e-01   4.6006574e-02
  -2.5119077e-01   1.5085835e-01   4.6851014e-01   1.7711390e-01   5.6713135e-01   1.8920818e-01   6.0543995e-01   1.4576422e-01   7.0266776e-01  -2.0840668e-02   6.2315775e-01   1.1833070e-01   6.0827166e-01   2.2659287e-01   7.9851897e-01  -1.2575258e-01   6.1340250e-01   1.0584267e-02
  -2.2773640e-01  -2.9896402e-02   5.0348577e-01   1.6843910e-01   5.9527824e-01   1.5856225e-01   6.2177271e-01   6.5273313e-02   6.9349069e-01  -1.0218203e-01   6.4235301e-01   7.0062757e-02   6.3752932e-01   1.2421779e-01   7.5733414e-01  -2.8343309e-01   6.1165152e-01  -3.2353795e-02
  -2.7015594e-01  -1.7789179e-01   5.3506369e-01   1.4558333e-01   6.1762975e-01   1.2043318e-01   6.2557340e-01  -1.2874709e-02   6.7406742e-01  -1.5732121e-01   6.5188148e-01   2.6124662e-02   6.4923544e-01   2.0064492e-02   6.9227062e-01  -3.6438507e-01   6.0362354e-01  -6.5427018e-02
  -3.5649112e-01  -2.5055795e-01   5.6167420e-01   1.2042534e-01   6.3440943e-01   9.1084802e-02   6.1916394e-01  -6.5104060e-02   6.4949650e-01  -1.7116314e-01   6.5418923e-01   3.2099946e-04   6.4567007e-01  -5.6934088e-02   6.2027724e-01  -3.5359715e-01   5.9197941e-01  -7.6427692e-02
  -4.5360341e-01  -2.3343858e-01   5.8362652e-01   9.9638596e-02   6.4773272e-01   7.7643180e-02   6.0752648e-01  -8.0558773e-02   6.2612437e-01  -1.4178007e-01   6.5352942e-01  -3.3759658e-03   6.3277346e-01  -9.1773398e-02   5.5887912e-01  -2.5985245e-01   5.8063399e-01  -6.1924379e-02
  -5.2862158e-01  -1.4172169e-01   6.0191414e-01   8.3389560e-02   6.6002591e-01   7.7013640e-02   5.9619719e-01  -6.2675200e-02   6.0960641e-01  -8.0103645e-02   6.5393216e-01   9.1933949e-03   6.1762914e-01  -8.5491975e-02   5.2178096e-01  -1.1210371e-01   5.7330338e-01  -2.7612224e-02
  -5.5908625e-01  -1.2108182e-02   6.1701722e-01   6.6719587e-02   6.7257297e-01   7.8623514e-02   5.8929929e-01  -2.5757316e-02   6.0332083e-01  -5.5513396e-03   6.5753829e-01   2.5884903e-02   6.0603485e-01  -5.1932256e-02   5.1575753e-01   4.9498294e-02   5.7224711e-01   1.4452533e-02
  -5.3894464e-01   1.1078982e-01   6.2817047e-01   4.2926045e-02   6.8469152e-01   6.9693288e-02   5.8831733e-01   1.1461112e-02   6.0755914e-01   6.0418744e-02   6.6381372e-01   3.3548985e-02   6.0086421e-01  -1.1176877e-02   5.3948125e-01   1.8477181e-01   5.7757991e-01   5.0363596e-02
  -4.7867925e-01   1.8862090e-01   6.3343129e-01   7.5156238e-03   6.9386944e-01   4.0987831e-02   5.9198586e-01   3.2765133e-02   6.1972569e-01   1.0061801e-01   6.6990641e-01   2.3127970e-02   6.0168360e-01   1.7860897e-02   5.8458575e-01   2.6346357e-01   5.8737113e-01   6.8976852e-02
  -4.0067178e-01   2.0012378e-01   6.3043509e-01  -3.8887596e-02   6.9669276e-01  -8.9905407e-03   5.9709866e-01   2.9738310e-02   6.3531317e-01   1.0667700e-01   6.7184604e-01  -6.9669667e-03   6.0545617e-01   2.3432765e-02   6.3831315e-01   2.7187007e-01   5.9836841e-01   6.5280373e-02
  -3.3132572e-01   1.4617821e-01   6.1753647e-01  -8.9818788e-02   6.9023283e-01  -7.2774817e-02   5.9992492e-01   4.0268350e-03   6.4936146e-01   8.0804887e-02   6.6618350e-01  -5.0124557e-02   6.0803603e-01   4.0787159e-03   6.8703680e-01   2.1476811e-01   6.0711001e-01   4.1670226e-02
  -2.9252476e-01   4.8001792e-02   5.9485391e-01  -1.3464994e-01   6.7336790e-01  -1.3599874e-01   5.9770905e-01  -3.3872737e-02   6.5795015e-01   3.4417555e-02   6.5149586e-01  -9.3626058e-02   6.0589181e-01  -3.1771313e-02   7.1970400e-01   1.1258111e-01   6.1105513e-01   6.8589722e-03
  -2.9531358e-01  -6.0903414e-02   5.6475860e-01  -1.6192977e-01   6.4751510e-01  -1.8192769e-01   5.8970038e-01  -6.8772061e-02   6.5923780e-01  -1.5937462e-02   6.2917971e-01  -1.2288250e-01   5.9743613e-01  -6.9448058e-02   7.3022942e-01  -5.2293437e-03   6.0933788e-01  -2.7202117e-02
  -3.3688672e-01  -1.4598120e-01   5.3171845e-01  -1.6308534e-01   6.1664873e-01  -1.9676255e-01   5.7752736e-01  -8.6243860e-02   6.5389185e-01  -5.3925877e-02   6.0340639e-01  -1.2636603e-01   5.8369927e-01  -9.3384571e-02   7.1860677e-01  -1.0841148e-01   6.0302368e-01  -4.9267029e-02
  -4.0273910e-01  -1.8275774e-01   5.0135488e-01  -1.3530014e-01   5.8638710e-01  -1.7407564e-01   5.6461174e-01  -7.7717487e-02   6.4461533e-01  -6.8473073e-02   5.7998944e-01  -9.9603256e-02   5.6794699e-01  -9.2642011e-02   6.9015064e-01  -1.7372080e-01   5.9464769e-01  -5.2419596e-02
  -4.7193932e-01  -1.6323564e-01   4.7917851e-01  -8.2512070e-02   5.6264371e-01  -1.1670557e-01   5.5505368e-01  -4.3079591e-02   6.3516095e-01  -5.6510348e-02   5.6478777e-01  -4.6648082e-02   5.5461948e-01  -6.4226341e-02   6.5362775e-01  -1.8969789e-01   5.8736517e-01  -3.5918403e-02
  -5.2380743e-01  -9.6933604e-02   4.6930607e-01  -1.4636964e-02   5.5018204e-01  -3.6122569e-02   5.5233079e-01   9.3946131e-03   6.2913298e-01  -2.3214236e-02   5.6206785e-01   2.0943362e-02   5.4794510e-01  -1.3840412e-02   6.1878376e-01  -1.5814047e-01   5.8396413e-01  -5.1411723e-03
  -5.4431652e-01  -6.7011949e-03   4.7342127e-01   5.4753139e-02   5.5138138e-01   5.0486326e-02   5.5813226e-01   6.5623868e-02   6.2886642e-01   2.0093460e-02   5.7320482e-01   8.7277529e-02   5.5057326e-01   4.5930290e-02   5.9378810e-01  -9.2291585e-02   5.8597749e-01   3.0243264e-02
  -5.2955196e-01   7.9611704e-02   4.9041422e-01   1.1176386e-01   5.6571921e-01   1.2473396e-01   5.7183930e-01   1.1017618e-01   6.3483481e-01   5.9833370e-02   5.9630576e-01   1.3655874e-01   5.6278638e-01   9.9639073e-02   5.8348151e-01  -1.2043569e-02   5.9327095e-01   5.9411576e-02
  -4.8602781e-01   1.3740136e-01   5.1662747e-01   1.4529307e-01   5.8992472e-01   1.7134663e-01   5.9064910e-01   1.3055403e-01   6.4560332e-01   8.3997304e-02   6.2662955e-01   1.5703573e-01   5.8238045e-01   1.3320065e-01   5.8860475e-01   6.1422978e-02   6.0410159e-01   7.3406397e-02
  -4.2809590e-01   1.5237293e-01   5.4667130e-01   1.4962126e-01   6.1876531e-01   1.8182623e-01   6.1029380e-01   1.2079224e-01   6.5829365e-01   8.5500218e-02   6.5771794e-01   1.4405222e-01   6.0519675e-01   1.3781036e-01   6.0602903e-01   1.1100627e-01   6.1561303e-01   6.7684750e-02
  -3.7298467e-01   1.2382482e-01   5.7467706e-01   1.2556714e-01   6.4633845e-01   1.5619365e-01   6.2622382e-01   8.3006538e-02   6.6948166e-01   6.3892188e-02   6.8301548e-01   1.0106793e-01   6.2624583e-01   1.1220122e-01   6.3001683e-01   1.2744506e-01   6.2467608e-01   4.3261212e-02
  -3.3574035e-01   6.3618444e-02   5.9554560e-01   8.0004060e-02   6.6738773e-01   1.0250399e-01   6.3477403e-01   2.6593057e-02   6.7614246e-01   2.5096353e-02   6.9738468e-01   3.8559969e-02   6.4095066e-01   6.2686664e-02   6.5389256e-01   1.1063711e-01   6.2872978e-01   6.2384324e-03
  -3.2493212e-01  -8.1206290e-03   6.0603407e-01   2.4040104e-02   6.7846613e-01   3.4555805e-02   6.3413288e-01  -3.4421616e-02   6.7648924e-01  -2.0449615e-02   6.9832567e-01  -2.8725551e-02   6.4630205e-01   1.3524531e-03   6.7181675e-01   6.8831815e-02   6.2649319e-01  -3.3937695e-02
  -3.4078328e-01  -7.0019583e-02   6.0530851e-01  -2.9986789e-02   6.7855110e-01  -3.2030285e-02   6.2473282e-01  -8.5557767e-02   6.7039895e-01  -6.1107648e-02   6.8642529e-01  -8.5831864e-02   6.4153037e-01  -5.7563170e-02   6.8015669e-01   1.5376495e-02   6.1827469e-01  -6.7313975e-02
  -3.7604356e-01  -1.0563286e-01   5.9487106e-01  -7.1360414e-02   6.6899977e-01  -8.3560129e-02   6.0900140e-01  -1.1559917e-01   6.5933059e-01  -8.7171585e-02   6.6499785e-01  -1.2115405e-01   6.2812358e-01  -1.0130670e-01   6.7805167e-01  -3.5184603e-02   6.0582294e-01  -8.6012652e-02
  -4.1872273e-01  -1.0789018e-01   5.7802005e-01  -9.3317519e-02   6.5301350e-01  -1.1133734e-01   5.9066334e-01  -1.1933375e-01   6.4587533e-01  -9.3335561e-02   6.3915359e-01  -1.2906906e-01   6.0934993e-01  -1.2168110e-01   6.6731673e-01  -7.0932704e-02   5.9184917e-01  -8.6198285e-02
  -4.5617427e-01  -8.0129510e-02   5.5890213e-01  -9.4115498e-02   6.3467152e-01  -1.1307019e-01   5.7370827e-01  -9.8326007e-02   6.3300231e-01  -7.9646981e-02   6.1444115e-01  -1.1069853e-01   5.8932889e-01  -1.1656732e-01   6.5161146e-01  -8.5215362e-02   5.7929302e-01  -6.8734470e-02
