   8.0123148e-02   1.5060480e-01   4.9403663e-02   9.5946882e-02   2.4176917e-02   2.6325584e-01   1.0858728e-01   1.8792006e-01   6.9333920e-03   4.9327146e-03   1.2959480e-01   7.0252279e-01   1.8267102e-02   5.5848543e-01   3.0007553e-02   9.7535272e-02   7.7394003e-02   9.9301120e-02
   1.2307074e-02  -5.5585000e-01   1.1321023e-01   5.4472200e-01   1.1689651e-01   6.5993249e-01   1.5818204e-01   4.6704431e-01   4.2980110e-02   3.9672998e-01   2.6268565e-01   9.1334019e-01   1.5866871e-01   8.5537516e-01   1.1146572e-01   5.9302004e-01   1.2748005e-01   4.9081405e-01
  -2.3771463e-01  -9.8213489e-01   2.5164481e-01   8.5753050e-01   2.7395214e-01   9.1212124e-01   2.4568235e-01   6.9547885e-01   1.4079306e-01   7.0749213e-01   4.1969770e-01   1.0000000e+00   3.4229310e-01   1.0000000e+00   2.8716182e-01   9.0974233e-01   2.3450447e-01   7.8211378e-01
  -5.5816880e-01  -9.9771620e-01   4.3444098e-01   1.0000000e+00   4.6446322e-01   1.0000000e+00   3.6339316e-01   8.6986063e-01   2.8400726e-01   9.1335435e-01   5.8200930e-01   9.8177970e-01   5.3942843e-01   9.9619165e-01   5.0965013e-01   1.0000000e+00   3.8006261e-01   9.5382108e-01
  -8.2155355e-01  -6.3709632e-01   6.2817795e-01   9.7324284e-01   6.5676965e-01   9.3419378e-01   5.0227915e-01   9.7536161e-01   4.5289417e-01   1.0000000e+00   7.3398560e-01   8.7491626e-01   7.2295181e-01   8.6497934e-01   7.2759311e-01   8.7670145e-01   5.4366948e-01   1.0000000e+00
  -9.3473153e-01  -6.9773978e-02   8.0228723e-01   8.0262790e-01   8.2332378e-01   7.4314317e-01   6.5036557e-01   9.8905272e-01   6.2622017e-01   9.6477609e-01   8.6211203e-01   6.8967561e-01   8.7073018e-01   6.3499397e-01   8.9807467e-01   5.9534085e-01   7.0483783e-01   9.2606291e-01
  -8.6535669e-01   4.9742208e-01   9.3212551e-01   5.2223781e-01   9.4270865e-01   4.5946566e-01   7.9219514e-01   8.8817007e-01   7.8335919e-01   8.1708376e-01   9.5430893e-01   4.3404415e-01   9.6646155e-01   3.3698974e-01   9.9287126e-01   2.2600830e-01   8.4469275e-01   7.4550325e-01
  -6.4218948e-01   8.8972965e-01   1.0000000e+00   1.6995813e-01   1.0000000e+00   1.1712827e-01   9.0948501e-01   6.6007034e-01   9.0623137e-01   5.7650403e-01   1.0000000e+00   1.2008547e-01   1.0000000e+00   3.6742268e-03   1.0000000e+00  -1.6046698e-01   9.4711666e-01   4.7828540e-01
  -3.3965542e-01   9.9250016e-01   9.9635244e-01  -2.0705687e-01   9.8758501e-01  -2.4219577e-01   9.8362564e-01   3.1512252e-01   9.8102617e-01   2.7233262e-01   9.9148398e-01  -2.2747423e-01   9.6807151e-01  -3.2662039e-01   9.2360762e-01  -4.9376119e-01   1.0000000e+00   1.5342218e-01
  -5.5852280e-02   7.7235757e-01   9.2204470e-01  -5.4850227e-01   9.0724550e-01  -5.6447847e-01   1.0000000e+00  -1.0264566e-01   1.0000000e+00  -5.4993037e-02   9.2660928e-01  -5.6454860e-01   8.7568795e-01  -6.0731220e-01   7.8355277e-01  -7.0797504e-01   9.9708116e-01  -1.8705070e-01
   1.1635395e-01   2.9841395e-01   7.9029057e-01  -7.8986474e-01   7.7211630e-01  -7.9049604e-01   9.5309301e-01  -5.1707945e-01   9.6337942e-01  -3.5545490e-01   8.1185725e-01  -8.3053882e-01   7.3742438e-01  -7.8874731e-01   6.1281406e-01  -7.5762409e-01   9.4010538e-01  -4.8952077e-01
   1.2036558e-01  -2.7305197e-01   6.2564642e-01  -8.8223064e-01   6.0603892e-01  -8.7393653e-01   8.5001767e-01  -8.4004284e-01   8.8033541e-01  -5.7888843e-01   6.6384022e-01  -9.6509351e-01   5.7671857e-01  -8.3271449e-01   4.5062524e-01  -6.3584895e-01   8.3994070e-01  -7.0012830e-01
  -4.5006773e-02  -7.5599162e-01   4.5919076e-01  -8.0889586e-01   4.3924784e-01  -7.9787439e-01   7.1017153e-01  -1.0000000e+00   7.6781241e-01  -6.8870956e-01   5.0745742e-01  -9.2996194e-01   4.2207370e-01  -7.2739450e-01   3.3271994e-01  -3.7910287e-01   7.1530529e-01  -7.8049890e-01
  -3.2695469e-01  -1.0000000e+00   3.2166184e-01  -5.8987050e-01   3.0186396e-01  -5.8040392e-01   5.6093923e-01  -9.6414416e-01   6.4713696e-01  -6.7251972e-01   3.7092430e-01  -7.2413394e-01   3.0111943e-01  -4.9377295e-01   2.8255648e-01  -5.5723673e-02   5.8913747e-01  -7.1936189e-01
  -6.3791937e-01  -9.3859584e-01   2.3676885e-01  -2.7563029e-01   2.1731644e-01  -2.6968935e-01   4.3101636e-01  -7.4772898e-01   5.3934428e-01  -5.4574154e-01   2.7923740e-01  -3.8742519e-01   2.3439109e-01  -1.8181873e-01   3.0624650e-01   2.5484032e-01   4.8364485e-01  -5.3646373e-01
  -8.8503178e-01  -6.0557908e-01   2.1666960e-01   6.6941799e-02   1.9773292e-01   6.9186987e-02   3.4362306e-01  -4.0759448e-01   4.6072998e-01  -3.4637560e-01   2.4828574e-01   9.5314605e-03   2.3091858e-01   1.4244359e-01   3.9271319e-01   4.8417038e-01   4.1557988e-01  -2.7706128e-01
  -1.0000000e+00  -1.1685904e-01   2.6024864e-01   3.7154754e-01   2.4205876e-01   3.7090136e-01   3.1136911e-01  -2.3971795e-02   4.1973793e-01  -1.2322552e-01   2.8115608e-01   3.8466691e-01   2.8658839e-01   4.1438832e-01   5.1800032e-01   5.9049304e-01   3.9285250e-01   8.2772008e-04
  -9.5751374e-01   3.7788948e-01   3.5478045e-01   5.8569047e-01   3.3759628e-01   5.8339077e-01   3.3454152e-01   3.2163194e-01   4.1634571e-01   7.7249308e-02   3.6813606e-01   6.6501209e-01   3.8611576e-01   5.8540795e-01   6.5212588e-01   5.6153596e-01   4.1377081e-01   2.4133032e-01
  -7.7788507e-01   7.3921930e-01   4.7920411e-01   6.7656332e-01   4.6326034e-01   6.7406755e-01   4.0219546e-01   5.6143927e-01   4.4327529e-01   2.1902982e-01   4.8930775e-01   7.9908260e-01   5.0683744e-01   6.2930403e-01   7.6514174e-01   4.1017706e-01   4.6832129e-01   4.0076028e-01
  -5.1916958e-01   8.7450220e-01   6.0840239e-01   6.3575857e-01   5.9386294e-01   6.3438250e-01   4.9501426e-01   6.5451776e-01   4.8828360e-01   2.8269101e-01   6.1875562e-01   7.6647997e-01   6.2348311e-01   5.4579161e-01   8.3282365e-01   1.7211258e-01   5.4079055e-01   4.5577094e-01
  -2.5757543e-01   7.5889484e-01   7.1818493e-01   4.8078855e-01   7.0507022e-01   4.8109058e-01   5.9021251e-01   5.9498297e-01   5.3747525e-01   2.6834640e-01   7.3017391e-01   5.8213751e-01   7.1327921e-01   3.6001266e-01   8.4130985e-01  -9.8241183e-02   6.1364506e-01   4.0733035e-01
  -6.6124296e-02   4.4121398e-01   7.8997247e-01   2.5276413e-01   7.7803807e-01   2.5404896e-01   6.6677485e-01   4.1415939e-01   5.7860021e-01   1.9558183e-01   8.0234513e-01   2.9502695e-01   7.6042637e-01   1.1885252e-01   7.9042882e-01  -3.3622437e-01   6.7143552e-01   2.8058684e-01
   8.0806835e-03   2.8415392e-02   8.1490417e-01   6.1821894e-03   8.0352650e-01   6.6748084e-03   7.1088246e-01   1.7150023e-01   6.0428513e-01   9.7301081e-02   8.2430752e-01  -2.3597189e-02   7.5980642e-01  -1.2001427e-01   6.9459010e-01  -4.8421389e-01   7.0459941e-01   1.1751014e-01
  -4.5054775e-02  -3.5299365e-01   7.9461939e-01  -2.0591901e-01   7.8280563e-01  -2.0829295e-01   7.1836164e-01  -6.4895236e-02   6.1315464e-01   8.4999465e-03   7.9697079e-01  -3.0027565e-01   7.1720444e-01  -3.0346448e-01   5.7873675e-01  -5.0844748e-01   7.1089921e-01  -3.6407722e-02
  -1.9797609e-01  -5.9598171e-01   7.3987441e-01  -3.4479324e-01   7.2642251e-01  -3.5146611e-01   6.9468977e-01  -2.3762095e-01   6.0937068e-01  -4.4372227e-02   7.3210529e-01  -4.7830319e-01   6.4725579e-01  -3.9636076e-01   4.7183494e-01  -4.0870227e-01   6.9507434e-01  -1.4479735e-01
  -3.9705448e-01  -6.4432482e-01   6.6684697e-01  -3.9394399e-01   6.5062527e-01  -4.0496490e-01   6.5214169e-01  -3.1478821e-01   6.0039932e-01  -5.0621747e-02   6.4836993e-01  -5.3095074e-01   5.6899732e-01  -3.8934664e-01   3.9909741e-01  -2.1691811e-01   6.6647069e-01  -1.8935233e-01
  -5.8095314e-01  -5.0537662e-01   5.9260110e-01  -3.6035075e-01   5.7287688e-01  -3.7400830e-01   6.0544562e-01  -2.9554697e-01   5.9405259e-01  -1.6715982e-02   5.6602516e-01  -4.6499090e-01   5.0071731e-01  -2.9876787e-01   3.7571793e-01   1.3592309e-02   6.3575272e-01  -1.7233205e-01
  -6.9978047e-01  -2.4075756e-01   5.3095634e-01  -2.6874089e-01   5.0769187e-01  -2.8171414e-01   5.6735873e-01  -2.0502351e-01   5.9578770e-01   3.8266380e-02   5.0186305e-01  -3.1400479e-01   4.5554769e-01  -1.5895206e-01   4.0377775e-01   2.2442197e-01   6.1173576e-01  -1.1230297e-01
  -7.2780307e-01   5.8759752e-02   4.9008274e-01  -1.5186581e-01   4.6410793e-01  -1.5996948e-01   5.4576029e-01  -8.2354515e-02   6.0724792e-01   9.0423328e-02   4.6599846e-01  -1.2556785e-01   4.3918830e-01  -1.0708807e-02   4.7299517e-01   3.6712843e-01   5.9943452e-01  -3.5873340e-02
  -6.6882691e-01   3.0292519e-01   4.7174499e-01  -4.0537554e-02   4.4472227e-01  -3.9971847e-02   5.4235924e-01   3.2583992e-02   6.2599324e-01   1.1891944e-01   4.6049379e-01   5.2492135e-02   4.4956575e-01   1.0999478e-01   5.6414586e-01   4.1403700e-01   5.9932287e-01   3.1081100e-02
  -5.5107926e-01   4.2733468e-01   4.7257674e-01   4.3327405e-02   4.4672068e-01   5.4673610e-02   5.5359586e-01   1.0974592e-01   6.4668657e-01   1.1162723e-01   4.8045825e-01   1.8304306e-01   4.7879148e-01   1.7979989e-01   6.5450922e-01   3.6161326e-01   6.0817620e-01   7.0125658e-02
  -4.1677043e-01   4.0875578e-01   4.8611228e-01   8.9996398e-02   4.6371657e-01   1.1164052e-01   5.7255721e-01   1.3505785e-01   6.6285322e-01   6.7957827e-02   5.1631574e-01   2.4643165e-01   5.1597347e-01   1.9169193e-01   7.2320080e-01   2.2903663e-01   6.2060444e-01   7.4003129e-02
  -3.0829907e-01   2.6867536e-01   5.0519888e-01   1.0183313e-01   4.8808970e-01   1.3055264e-01   5.9155102e-01   1.1200380e-01   6.6893645e-01  -1.2711189e-03   5.5690926e-01   2.4280382e-01   5.5045007e-01   1.5465199e-01   7.5579345e-01   5.2469974e-02   6.3100909e-01   4.7284961e-02
  -2.5567925e-01   6.3536268e-02   5.2405327e-01   9.0246576e-02   5.1312135e-01   1.2073863e-01   6.0449651e-01   5.8257755e-02   6.6201834e-01  -7.7141646e-02   5.9250672e-01   1.8927822e-01   5.7450879e-01   8.9341749e-02   7.4719967e-01  -1.2377676e-01   6.3533919e-01   3.7371047e-03
  -2.6808200e-01  -1.3627614e-01   5.3962901e-01   7.0418477e-02   5.3457667e-01   9.6542853e-02   6.0863248e-01  -1.9411798e-03   6.4281496e-01  -1.3873715e-01   6.1713943e-01   1.1234571e-01   5.8509553e-01   2.0537651e-02   7.0242396e-01  -2.5835825e-01   6.3227801e-01  -3.9130829e-02
  -3.3378214e-01  -2.6900773e-01   5.5170176e-01   5.6003154e-02   5.5105146e-01   7.2163313e-02   6.0472132e-01  -4.6229458e-02   6.1537163e-01  -1.6935405e-01   6.2921666e-01   3.8855778e-02   5.8370787e-01  -3.0395699e-02   6.3460982e-01  -3.2215883e-01   6.2326971e-01  -6.5908354e-02
  -4.2556401e-01  -3.0047060e-01   5.6218636e-01   5.4629766e-02   5.6354503e-01   5.6988619e-02   5.9627784e-01  -6.1437022e-02   5.8590644e-01  -1.6158370e-01   6.3099472e-01  -1.2258271e-02   5.7517732e-01  -5.1673672e-02   5.6144987e-01  -3.0526267e-01   6.1179713e-01  -6.8244623e-02
  -5.1098289e-01  -2.3137230e-01   5.7371272e-01   6.6022845e-02   5.7421167e-01   5.3302127e-02   5.8786802e-01  -4.6702408e-02   5.6097664e-01  -1.1889946e-01   6.2683838e-01  -3.4138128e-02   5.6549011e-01  -4.3212823e-02   5.0055854e-01  -2.1808963e-01   6.0198140e-01  -4.6786926e-02
  -5.6295264e-01  -9.3564893e-02   5.8812396e-01   8.2749388e-02   5.8494966e-01   5.6525482e-02   5.8330479e-01  -1.2351144e-02   5.4567240e-01  -5.4016575e-02   6.2122317e-01  -3.1823078e-02   5.5959610e-01  -1.5080586e-02   4.6515407e-01  -8.7465061e-02   5.9713514e-01  -1.0180288e-02
  -5.6748472e-01   6.3265210e-02   6.0539388e-01   9.3544141e-02   5.9630688e-01   5.8011366e-02   5.8432536e-01   2.5036745e-02   5.4236992e-01   1.5423509e-02   6.1711796e-01  -1.8038975e-02   5.5986755e-01   1.7174728e-02   4.6123144e-01   5.1487994e-02   5.9872097e-01   2.8512222e-02
  -5.2676554e-01   1.8830357e-01   6.2329798e-01   8.7819127e-02   6.0705232e-01   4.9046539e-02   5.9011163e-01   4.9004834e-02   5.5030632e-01   7.2053325e-02   6.1519107e-01  -7.2802051e-03   5.6556420e-01   3.8243201e-02   4.8669924e-01   1.6477067e-01   6.0597814e-01   5.6341808e-02
  -4.5699464e-01   2.4496463e-01   6.3797801e-01   5.9910680e-02   6.1455881e-01   2.4694974e-02   5.9776725e-01   4.9040691e-02   5.6605870e-01   1.0346881e-01   6.1400419e-01  -1.0109641e-02   5.7340678e-01   3.8156970e-02   5.3264306e-01   2.2783854e-01   6.1630275e-01   6.4617224e-02
  -3.8220150e-01   2.2044807e-01   6.4517598e-01   1.1491011e-02   6.1580619e-01  -1.3975892e-02   6.0350304e-01   2.3910142e-02   5.8470353e-01   1.0510766e-01   6.1099153e-01  -2.9569960e-02   5.7895928e-01   1.5215317e-02   5.8615759e-01   2.3067855e-01   6.2619353e-01   5.1365314e-02
  -3.2636806e-01   1.2785807e-01   6.4167579e-01  -4.8496708e-02   6.0858819e-01  -5.9860788e-02   6.0406115e-01  -1.8174718e-02   6.0125736e-01   8.0842249e-02   6.0376726e-01  -6.0434392e-02   5.7829206e-01  -2.3784941e-02   6.3383473e-01   1.7892240e-01   6.3240880e-01   2.1638677e-02
  -3.0595206e-01   3.0564214e-04   6.2651692e-01  -1.0640167e-01   5.9253231e-01  -1.0197940e-01   5.9795231e-01  -6.2616473e-02   6.1204103e-01   4.1125008e-02   5.9134080e-01  -9.1452035e-02   5.6945622e-01  -6.6079986e-02   6.6511460e-01   9.0859377e-02   6.3301360e-01  -1.4422939e-02
  -3.2548471e-01  -1.2070587e-01   6.0150915e-01  -1.4789282e-01   5.6951708e-01  -1.2892697e-01   5.8602558e-01  -9.3487763e-02   6.1550796e-01  -6.0049833e-04   5.7474582e-01  -1.0961602e-01   5.5321988e-01  -9.7248661e-02   6.7448273e-01  -8.4382849e-03   6.2793363e-01  -4.5015047e-02
  -3.7691008e-01  -1.9898491e-01   5.7097008e-01  -1.6222003e-01   5.4341284e-01  -1.3251145e-01   5.7128094e-01  -9.8978946e-02   6.1242894e-01  -3.2135790e-02   5.5695688e-01  -1.0500891e-01   5.3295335e-01  -1.0599845e-01   6.6229734e-01  -9.4174105e-02   6.1893370e-01  -6.0517507e-02
  -4.4319489e-01  -2.1405727e-01   5.4069145e-01  -1.4511627e-01   5.1916117e-01  -1.1017578e-01   5.5791933e-01  -7.5053904e-02   6.0533347e-01  -4.5802610e-02   5.4204816e-01  -7.4249348e-02   5.1361802e-01  -8.7560158e-02   6.3393734e-01  -1.4771580e-01   6.0897842e-01  -5.6267324e-02
  -5.0408986e-01  -1.6599626e-01   5.1655791e-01  -9.9864223e-02   5.0157052e-01  -6.5783862e-02   5.5007141e-01  -2.6613519e-02   5.9756214e-01  -4.0085359e-02   5.3400643e-01  -2.1770035e-02   5.0033907e-01  -4.5017844e-02   5.9795279e-01  -1.6029511e-01   6.0130077e-01  -3.3698655e-02
  -5.4226619e-01  -7.3474815e-02   5.0318443e-01  -3.6286336e-02   4.9415822e-01  -8.5900122e-03   5.5058271e-01   3.4112255e-02   5.9221641e-01  -1.9287407e-02   5.3555839e-01   4.1392532e-02   4.9697551e-01   1.1754040e-02   5.6371268e-01  -1.3378688e-01   5.9845386e-01   4.1979975e-04
  -5.4848770e-01   3.3248990e-02   5.0279738e-01   3.1803362e-02   4.9823652e-01   4.9119014e-02   5.6009130e-01   9.1150526e-02   5.9122706e-01   8.2830088e-03   5.4725268e-01   1.0061788e-01   5.0496318e-01   6.8913517e-02   5.3900497e-01  -7.9140172e-02   6.0153499e-01   3.6143434e-02
  -5.2332203e-01   1.2256717e-01   5.1487293e-01   9.0126445e-02   5.1268899e-01   9.5165966e-02   5.7688663e-01   1.2941841e-01   5.9495189e-01   3.3180706e-02   5.6727490e-01   1.4179275e-01   5.2299707e-01   1.1255712e-01   5.2847564e-01  -1.2514812e-02   6.0995969e-01   6.3376431e-02
  -4.7623787e-01   1.7051203e-01   5.3634004e-01   1.2719055e-01   5.3425121e-01   1.2031026e-01   5.9732146e-01   1.3869846e-01   6.0219499e-01   4.7485639e-02   5.9180553e-01   1.5491752e-01   5.4734002e-01   1.3222531e-01   5.3288583e-01   4.8950586e-02   6.2164623e-01   7.4567423e-02
  -4.2215731e-01   1.6707644e-01   5.6237662e-01   1.3681035e-01   5.5830582e-01   1.2034479e-01   6.1675633e-01   1.1633069e-01   6.1066577e-01   4.6910073e-02   6.1591249e-01   1.3669303e-01   5.7276272e-01   1.2348836e-01   5.4936718e-01   9.1298496e-02   6.3361045e-01   6.6675419e-02
  -3.7661083e-01   1.1804257e-01   5.8759025e-01   1.1927131e-01   5.7998982e-01   9.6913351e-02   6.3078164e-01   6.7834119e-02   6.1772722e-01   3.1779289e-02   6.3475029e-01   9.1347331e-02   5.9386257e-01   8.8918049e-02   5.7253378e-01   1.0682626e-01   6.4280135e-01   4.1857948e-02
  -3.5124382e-01   4.1682393e-02   6.0723382e-01   8.0732334e-02   5.9528319e-01   5.6729279e-02   6.3632094e-01   5.1202376e-03   6.2117537e-01   6.5435126e-03   6.4469162e-01   2.9308673e-02   6.0635098e-01   3.7068775e-02   5.9608308e-01   9.5157198e-02   6.4690349e-01   6.6027544e-03
  -3.5086296e-01  -3.7612962e-02   6.1817285e-01   3.1356604e-02   6.0182926e-01   9.6848135e-03   6.3235194e-01  -5.6811211e-02   6.1983453e-01  -2.1741372e-02   6.4412177e-01  -3.5564142e-02   6.0800191e-01  -1.9897243e-02   6.1439582e-01   6.2513055e-02   6.4490534e-01  -3.0174064e-02
  -3.7268911e-01  -9.7255570e-02   6.1941973e-01  -1.7477772e-02   5.9932356e-01  -3.3786184e-02   6.2007787e-01  -1.0400185e-01   6.1383738e-01  -4.5626041e-02   6.3372104e-01  -8.9638926e-02   5.9906480e-01  -6.9473551e-02   6.2382962e-01   1.9334222e-02   6.3730733e-01  -5.9666014e-02
  -4.0806924e-01  -1.2286011e-01   6.1207593e-01  -5.5936650e-02   5.8935041e-01  -6.5189177e-02   6.0247844e-01  -1.2699573e-01   6.0449279e-01  -5.9335640e-02   6.1613228e-01  -1.2275634e-01   5.8200438e-01  -1.0182884e-01   6.2330546e-01  -2.2865922e-02   6.2589415e-01  -7.5432049e-02
  -4.4558891e-01  -1.1139256e-01   5.9882718e-01  -7.7720723e-02   5.7482538e-01  -7.9647788e-02   5.8348180e-01  -1.2273894e-01   5.9386785e-01  -6.0097633e-02   5.9522237e-01  -1.3021570e-01   5.6077038e-01  -1.1179441e-01   6.1420706e-01  -5.4371605e-02   6.1321986e-01  -7.4766148e-02
  -4.7462983e-01  -7.0863181e-02   5.8316128e-01  -8.1016601e-02   5.5921202e-01  -7.6573758e-02   5.6698209e-01  -9.4746762e-02   5.8422054e-01  -4.8564845e-02   5.7514303e-01  -1.1329001e-01   5.3980777e-01  -9.9587444e-02   5.9973938e-01  -6.9328302e-02   6.0195400e-01  -5.9028489e-02
