   6.7577798e-03   4.7237491e-01   1.3583789e-01   6.2386890e-01   1.0012317e-02   1.2548106e-01   1.5019914e-01   7.3358026e-01   4.3845565e-02   1.9758970e-01   3.1151625e-02   7.5866604e-01   6.0388572e-02   1.1886014e-01   1.0648832e-01   2.8711883e-02   6.1993981e-02   2.7147941e-01
   3.2807178e-02  -2.8668298e-01   2.8671958e-01   8.9986729e-01   7.9424155e-02   5.6099514e-01   2.6384950e-01   9.3231110e-01   1.0870883e-01   5.6586912e-01   2.1438370e-01   9.6609971e-01   1.1386484e-01   4.7522185e-01   1.6798151e-01   5.3900141e-01   1.3915666e-01   6.4349984e-01
  -1.4605165e-01  -8.3486800e-01   4.7433512e-01   1.0000000e+00   2.2229988e-01   8.6300207e-01   3.9483734e-01   1.0000000e+00   2.2635295e-01   8.2872638e-01   4.2231762e-01   1.0000000e+00   2.2512855e-01   7.6302456e-01   3.2001532e-01   8.8097317e-01   2.6749150e-01   8.8859038e-01
  -4.3607789e-01  -1.0000000e+00   6.6467730e-01   9.3208169e-01   4.0867037e-01   1.0000000e+00   5.2885327e-01   9.8488826e-01   3.7804309e-01   9.7389742e-01   6.2233312e-01   8.9774877e-01   3.7868776e-01   9.4623707e-01   5.2066756e-01   1.0000000e+00   4.2522776e-01   1.0000000e+00
  -7.1376930e-01  -7.6596716e-01   8.2828427e-01   7.3265175e-01   6.0567655e-01   9.7377024e-01   6.5737549e-01   9.2214140e-01   5.4393951e-01   1.0000000e+00   7.9084030e-01   7.0573989e-01   5.5355135e-01   1.0000000e+00   7.2284820e-01   9.0127555e-01   5.9086840e-01   9.8684660e-01
  -8.7528238e-01  -2.6700284e-01   9.4413994e-01   4.4856589e-01   7.8344911e-01   8.1021053e-01   7.7503099e-01   8.2302149e-01   7.0473288e-01   9.1447010e-01   9.1358182e-01   4.6519628e-01   7.2566269e-01   9.1509805e-01   8.8589772e-01   6.3650692e-01   7.4526689e-01   8.6719009e-01
  -8.6991237e-01   2.9697365e-01   1.0000000e+00   1.2198535e-01   9.1830319e-01   5.4416823e-01   8.7643567e-01   6.7749197e-01   8.4299301e-01   7.3228452e-01   9.8378099e-01   2.0651501e-01   8.7081433e-01   6.9892083e-01   9.8239004e-01   2.7668728e-01   8.7254337e-01   6.6188442e-01
  -7.0700106e-01   7.3920606e-01   9.9116797e-01  -2.1089254e-01   9.9356189e-01   2.1168821e-01   9.5412215e-01   4.6640495e-01   9.4431108e-01   4.7462792e-01   1.0000000e+00  -4.9272934e-02   9.6751332e-01   3.7494709e-01   1.0000000e+00  -1.0595571e-01   9.6031835e-01   3.9244367e-01
  -4.4586999e-01   9.2634632e-01   9.2000894e-01  -5.1224633e-01   1.0000000e+00  -1.4687412e-01   9.9838843e-01   1.8047351e-01   9.9833534e-01   1.6925947e-01   9.6463334e-01  -2.8472807e-01   1.0000000e+00  -1.5915853e-02   9.4127934e-01  -4.4255522e-01   1.0000000e+00   8.4190957e-02
  -1.7507652e-01   7.9983626e-01   7.9680521e-01  -7.3864004e-01   9.3721286e-01  -4.8180419e-01   1.0000000e+00  -1.6313189e-01   1.0000000e+00  -1.4787034e-01   8.8393918e-01  -4.7985739e-01   9.6136446e-01  -4.1500278e-01   8.2257500e-01  -6.7019950e-01   9.8783421e-01  -2.2914498e-01
   1.2860910e-02   3.9906306e-01   6.4034957e-01  -8.4818822e-01   8.1536364e-01  -7.3669677e-01   9.5417402e-01  -5.1438987e-01   9.5090936e-01  -4.3244952e-01   7.6881781e-01  -6.1031938e-01   8.5636455e-01  -7.5025327e-01   6.7190037e-01  -7.4333653e-01   9.2642247e-01  -5.0422305e-01
   5.3425623e-02  -1.4120401e-01   4.7619360e-01  -8.1583745e-01   6.5536821e-01  -8.6238069e-01   8.6463549e-01  -8.0175175e-01   8.6040363e-01  -6.3846840e-01   6.3530778e-01  -6.5284884e-01   7.0281001e-01  -9.5164907e-01   5.2345311e-01  -6.5023829e-01   8.2594669e-01  -6.9528871e-01
  -6.8913261e-02  -6.4094633e-01   3.3209888e-01  -6.4492773e-01   4.8567788e-01  -8.3338744e-01   7.4466675e-01  -9.5781240e-01   7.4471778e-01  -7.3065046e-01   5.0329313e-01  -5.9531774e-01   5.2909397e-01  -9.7237251e-01   4.0969327e-01  -4.1931063e-01   7.0338254e-01  -7.6750708e-01
  -3.1601411e-01  -9.3861018e-01   2.3228864e-01  -3.6798136e-01   3.3664116e-01  -6.5684458e-01   6.1500400e-01  -9.4265488e-01   6.2427293e-01  -6.9570452e-01   3.9337755e-01  -4.4385479e-01   3.6861844e-01  -8.0518446e-01   3.5351722e-01  -1.1149599e-01   5.7975202e-01  -7.0843673e-01
  -6.1049338e-01  -9.4545277e-01   1.9240053e-01  -3.8664978e-02   2.3399279e-01  -3.7122450e-01   4.9902911e-01  -7.5802639e-01   5.1943804e-01  -5.4766841e-01   3.2276471e-01  -2.2456426e-01   2.5207661e-01  -4.8726333e-01   3.6317319e-01   1.9787458e-01   4.7584877e-01  -5.3341704e-01
  -8.6281013e-01  -6.7081394e-01   2.1664628e-01   2.8159476e-01   1.9358357e-01  -3.5984051e-02   4.1702828e-01  -4.4662113e-01   4.4614190e-01  -3.2441927e-01   3.0150112e-01   2.1494289e-02   2.0020948e-01  -9.0650029e-02   4.3152531e-01   4.4011845e-01   4.0779605e-01  -2.8227626e-01
  -1.0000000e+00  -2.1114152e-01   2.9770192e-01   5.3734801e-01   2.1876243e-01   2.8366103e-01   3.8158932e-01  -7.7931153e-02   4.1278719e-01  -7.6752881e-02   3.3038298e-01   2.4832136e-01   2.1937157e-01   2.9779882e-01   5.3921663e-01   5.6865924e-01   3.8385931e-01  -8.6414552e-03
  -9.8716894e-01   2.8914247e-01   4.1881020e-01   6.8842391e-01   3.0060378e-01   5.3084360e-01   3.9519933e-01   2.7093803e-01   4.1913017e-01   1.4477454e-01   4.0098211e-01   4.1539343e-01   3.0076757e-01   5.9852719e-01   6.6000927e-01   5.6472371e-01   4.0319163e-01   2.3337005e-01
  -8.3451074e-01   6.8608060e-01   5.5726051e-01   7.1384599e-01   4.2061069e-01   6.6609907e-01   4.5044393e-01   5.3205770e-01   4.5730298e-01   3.0034755e-01   4.9766584e-01   4.9490980e-01   4.2344178e-01   7.5586255e-01   7.6657819e-01   4.3571144e-01   4.5677908e-01   4.0035250e-01
  -5.9092488e-01   8.7338526e-01   6.8826173e-01   6.1361923e-01   5.5462392e-01   6.7205961e-01   5.3210678e-01   6.5868361e-01   5.1416894e-01   3.6720941e-01   6.0069019e-01   4.7582974e-01   5.5936252e-01   7.4676624e-01   8.3560156e-01   2.1250646e-01   5.2985250e-01   4.6688916e-01
  -3.2863259e-01   8.0889152e-01   7.8919510e-01   4.1067474e-01   6.7747050e-01   5.5657951e-01   6.2067039e-01   6.3568733e-01   5.7449759e-01   3.4386178e-01   6.8999489e-01   3.6690048e-01   6.7957627e-01   5.8473729e-01   8.5243690e-01  -5.3134304e-02   6.0525899e-01   4.3053378e-01
  -1.2071755e-01   5.2600723e-01   8.4414134e-01   1.4864362e-01   7.6811729e-01   3.5170366e-01   6.9715420e-01   4.8446239e-01   6.2473603e-01   2.5032218e-01   7.4955511e-01   1.9638461e-01   7.6077631e-01   3.1662090e-01   8.1487145e-01  -2.9760059e-01   6.6752030e-01   3.1234405e-01
  -2.1016855e-02   1.1977492e-01   8.4675642e-01  -1.1732725e-01   8.1340742e-01   1.0596047e-01   7.4736388e-01   2.5592109e-01   6.5589290e-01   1.2197705e-01   7.7056461e-01   5.6429086e-03   7.8979600e-01   1.0561877e-02   7.3370242e-01  -4.6097055e-01   7.0599919e-01   1.5048217e-01
  -4.7670864e-02  -2.8374905e-01   8.0167156e-01  -3.3443410e-01   8.1063247e-01  -1.2801316e-01   7.6533725e-01   1.5074756e-02   6.6561263e-01  -1.1647489e-03   7.5351459e-01  -1.6182359e-01   7.6650173e-01  -2.6172952e-01   6.3045965e-01  -5.0538404e-01   7.1722382e-01  -1.0892092e-02
  -1.8175744e-01  -5.7007095e-01   7.2234531e-01  -4.6496454e-01   7.6663038e-01  -3.0644398e-01   7.5353398e-01  -1.7895484e-01   6.5762546e-01  -8.6511707e-02   7.0702426e-01  -2.7211880e-01   7.0224219e-01  -4.4328043e-01   5.3114972e-01  -4.2517845e-01   7.0451831e-01  -1.3422555e-01
  -3.7549696e-01  -6.6871309e-01   6.2747551e-01  -4.9374355e-01   6.9524009e-01  -4.0333013e-01   7.2109415e-01  -2.8801231e-01   6.3987679e-01  -1.1713960e-01   6.4508336e-01  -3.0873993e-01   6.1622682e-01  -5.0431700e-01   4.5953746e-01  -2.4709525e-01   6.7623648e-01  -1.9738646e-01
  -5.6878506e-01  -5.7108012e-01   5.3638239e-01  -4.2947294e-01   6.1333974e-01  -4.1415586e-01   6.8039379e-01  -3.0291711e-01   6.2158914e-01  -9.4818558e-02   5.8305926e-01  -2.7510962e-01   5.3014316e-01  -4.4709349e-01   4.3117885e-01  -2.1106172e-02   6.4282822e-01  -1.9743978e-01
  -7.0820812e-01  -3.2730036e-01   4.6471790e-01  -2.9966600e-01   5.3672483e-01  -3.5342143e-01   6.4314096e-01  -2.4156611e-01   6.1030139e-01  -3.6914309e-02   5.3377040e-01  -1.9105101e-01   4.6266731e-01  -3.0168377e-01   4.4999458e-01   1.9472446e-01   6.1375408e-01  -1.4837020e-01
  -7.6192252e-01  -2.3549767e-02   4.2171483e-01  -1.4095929e-01   4.7703614e-01  -2.4715271e-01   6.1737024e-01  -1.3828983e-01   6.0987801e-01   3.1368758e-02   5.0485952e-01  -8.4718474e-02   4.2547341e-01  -1.1433128e-01   5.0835590e-01   3.5007430e-01   5.9522834e-01  -7.3963095e-02
  -7.2598564e-01   2.4672189e-01   4.0941977e-01   1.0578510e-02   4.4037334e-01  -1.2460195e-01   6.0614948e-01  -3.1147001e-02   6.1993303e-01   8.5202743e-02   4.9798607e-01   1.5740766e-02   4.2161508e-01   6.5776367e-02   5.8989181e-01   4.1313811e-01   5.8930575e-01   1.4965825e-04
  -6.2260656e-01   4.1051081e-01   4.2355726e-01   1.2735550e-01   4.2732210e-01  -1.1089672e-02   6.0779982e-01   4.9419440e-02   6.3645590e-01   1.0709661e-01   5.0952749e-01   8.9078771e-02   4.4602893e-01   1.9877471e-01   6.7406811e-01   3.7608452e-01   5.9412824e-01   5.3553080e-02
  -4.9056175e-01   4.3299297e-01   4.5569472e-01   1.9435760e-01   4.3425556e-01   7.6142267e-02   6.1748757e-01   8.7173970e-02   6.5343747e-01   9.0671906e-02   5.3251473e-01   1.2461065e-01   4.8804573e-01   2.6187484e-01   7.4118090e-01   2.5413546e-01   6.0522710e-01   7.5249541e-02
  -3.7230021e-01   3.2436011e-01   4.9584111e-01   2.1033458e-01   4.5512678e-01   1.2977095e-01   6.2932054e-01   8.2374489e-02   6.6483680e-01   4.1665345e-02   5.5898359e-01   1.2326578e-01   5.3477542e-01   2.5275542e-01   7.7677839e-01   8.0897619e-02   6.1723881e-01   6.5288791e-02
  -3.0158576e-01   1.3286528e-01   5.3484917e-01   1.8572282e-01   4.8330300e-01   1.5163614e-01   6.3832939e-01   4.9004317e-02   6.6635020e-01  -2.4428527e-02   5.8212383e-01   9.5557827e-02   5.7447387e-01   1.8741428e-01   7.7449138e-01  -9.9781319e-02   6.2556098e-01   3.3228221e-02
  -2.9298980e-01  -7.2872045e-02   5.6654873e-01   1.3808376e-01   5.1333418e-01   1.5010747e-01   6.4213576e-01   8.2430108e-03   6.5685435e-01  -8.7486418e-02   5.9810098e-01   5.7101851e-02   5.9962531e-01   9.3651567e-02   7.3751289e-01  -2.4486830e-01   6.2780506e-01  -5.8947675e-03
  -3.4071539e-01  -2.2775845e-01   5.8827517e-01   8.6045702e-02   5.4163195e-01   1.3578980e-01   6.4110942e-01  -2.0155100e-02   6.3841921e-01  -1.2926584e-01   6.0626793e-01   2.2899647e-02   6.0784377e-01   1.4397171e-03   6.7686912e-01  -3.2218375e-01   6.2405406e-01  -3.7177822e-02
  -4.2207721e-01  -2.8947571e-01   6.0068247e-01   4.4080749e-02   5.6662097e-01   1.1773636e-01   6.3781258e-01  -2.4543264e-02   6.1563388e-01  -1.3871543e-01   6.0865595e-01   2.7554056e-03   6.0165965e-01  -6.5442393e-02   6.0852930e-01  -3.1796394e-01   6.1652965e-01  -5.0494951e-02
  -5.0653584e-01  -2.4943759e-01   6.0652783e-01   1.9023540e-02   5.8810934e-01   1.0063744e-01   6.3560257e-01  -4.8856442e-03   5.9410255e-01  -1.1484101e-01   6.0855797e-01  -1.1748002e-03   5.8682052e-01  -9.5109571e-02   5.4913104e-01  -2.3938678e-01   6.0851836e-01  -4.3275965e-02
  -5.6595678e-01  -1.3157661e-01   6.0910397e-01   9.5402669e-03   6.0633616e-01   8.4142874e-02   6.3711568e-01   2.8320818e-02   5.7879217e-01  -6.6146915e-02   6.0895942e-01   6.1592578e-03   5.7002888e-01  -8.8758293e-02   5.1190491e-01  -1.1136203e-01   6.0310881e-01  -2.0402362e-02
  -5.8331545e-01   1.8530904e-02   6.1078071e-01   8.2825168e-03   6.2105838e-01   6.4277241e-02   6.4309211e-01   5.8753124e-02   5.7265039e-01  -7.3528609e-03   6.1128035e-01   1.5588484e-02   5.5675308e-01  -5.8008054e-02   5.0359103e-01   3.1136562e-02   6.0210532e-01   8.2649306e-03
  -5.5658050e-01   1.5014594e-01   6.1224894e-01   5.9006266e-03   6.3114152e-01   3.6412985e-02   6.5207165e-01   7.0832777e-02   5.7600657e-01   4.5440249e-02   6.1495856e-01   1.7817753e-02   5.4988494e-01  -1.9465706e-02   5.2345045e-01   1.5273576e-01   6.0555085e-01   3.1782078e-02
  -4.9795533e-01   2.2289621e-01   6.1251775e-01  -4.9232041e-03   6.3472991e-01  -1.6664203e-03   6.6088291e-01   5.5518974e-02   5.8671654e-01   7.9327665e-02   6.1780066e-01   7.0496072e-03   5.4935197e-01   1.1040260e-02   5.6407871e-01   2.2637512e-01   6.1185005e-01   4.1821679e-02
  -4.2885164e-01   2.1800961e-01   6.0961787e-01  -2.6605237e-02   6.2995159e-01  -4.7700743e-02   6.6579059e-01   1.3775830e-02   6.0099728e-01   8.7928001e-02   6.1697801e-01  -1.6790485e-02   5.5270738e-01   2.3250506e-02   6.1382946e-01   2.3922036e-01   6.1843813e-01   3.5268118e-02
  -3.7248960e-01   1.4232977e-01   6.0167075e-01  -5.5858712e-02   6.1585462e-01  -9.4762410e-02   6.6388228e-01  -4.3436731e-02   6.1464862e-01   7.2604807e-02   6.1027609e-01  -4.7914338e-02   5.5638428e-01   1.4991243e-02   6.6005995e-01   1.9448909e-01   6.2273205e-01   1.4960358e-02
  -3.4651389e-01   2.4269138e-02   5.8789918e-01  -8.5032366e-02   5.9318138e-01  -1.3302207e-01   6.5421152e-01  -9.8657410e-02   6.2428066e-01   4.1336430e-02   5.9714671e-01  -7.6628887e-02   5.5714952e-01  -8.1117084e-03   6.9230476e-01   1.0902590e-01   6.2303664e-01  -1.1560831e-02
  -3.5798181e-01  -9.6505465e-02   5.6920897e-01  -1.0487306e-01   5.6464933e-01  -1.5271870e-01   6.3828981e-01  -1.3359106e-01   6.2817069e-01   5.7511912e-03   5.7917923e-01  -9.2633416e-02   5.5325753e-01  -3.5331126e-02   7.0454151e-01   7.7261225e-03   6.1910003e-01  -3.4748381e-02
  -4.0171062e-01  -1.8242980e-01   5.4821656e-01  -1.0776203e-01   5.3464212e-01  -1.4734585e-01   6.1981716e-01  -1.3522819e-01   6.2659087e-01  -2.2740424e-02   5.5987805e-01  -8.8637491e-02   5.4504969e-01  -5.4948091e-02   6.9623314e-01  -8.3576543e-02   6.1220355e-01  -4.6328948e-02
  -4.6299735e-01  -2.0940872e-01   5.2863323e-01  -9.0234632e-02   5.0830411e-01  -1.1580471e-01   6.0362194e-01  -9.9983878e-02   6.2143889e-01  -3.6289300e-02   5.4370924e-01  -6.2842104e-02   5.3471430e-01  -5.8262079e-02   6.7173494e-01  -1.4447708e-01   6.0468923e-01  -4.1914830e-02
  -5.2272059e-01  -1.7301434e-01   5.1433209e-01  -5.4157565e-02   4.9039861e-01  -6.3021054e-02   5.9429554e-01  -3.4895854e-02   6.1547830e-01  -3.2514621e-02   5.3486030e-01  -1.9674953e-02   5.2550862e-01  -4.2225951e-02   6.3871056e-01  -1.6421822e-01   5.9920610e-01  -2.2247920e-02
  -5.6336111e-01  -8.8082483e-02   5.0833847e-01  -6.3218963e-03   4.8421283e-01   1.0938793e-03   5.9488574e-01   4.4379358e-02   6.1140702e-01  -1.4578186e-02   5.3604946e-01   3.1382749e-02   5.2067658e-01  -1.0098063e-02   6.0594385e-01  -1.4301947e-01   5.9788484e-01   7.2017961e-03
  -5.7424820e-01   1.7171189e-02   5.1199168e-01   4.3262690e-02   4.9074855e-01   6.3916371e-02   6.0596559e-01   1.1789348e-01   6.1101378e-01   1.0255633e-02   5.4767922e-01   7.8349508e-02   5.2238526e-01   2.9727031e-02   5.8109086e-01  -9.0824996e-02   6.0165984e-01   3.7951520e-02
  -5.5407912e-01   1.1096716e-01   5.2458971e-01   8.4027109e-02   5.0850659e-01   1.1311852e-01   6.2546248e-01   1.6697320e-01   6.1471649e-01   3.3210288e-02   5.6768592e-01   1.1002570e-01   5.3105559e-01   6.6494517e-02   5.6902015e-01  -2.3634442e-02   6.0999880e-01   6.1118971e-02
  -5.1053509e-01   1.6729425e-01   5.4353786e-01   1.0743092e-01   5.3381972e-01   1.3939803e-01   6.4916012e-01   1.7901010e-01   6.2153228e-01   4.6582847e-02   5.9200527e-01   1.1881156e-01   5.4522219e-01   9.0150218e-02   5.7101316e-01   4.0858528e-02   6.2104476e-01   6.9871770e-02
  -4.5741499e-01   1.7300991e-01   5.6494923e-01   1.0904295e-01   5.6165671e-01   1.3852464e-01   6.7174279e-01   1.5071217e-01   6.2943651e-01   4.5887079e-02   6.1553363e-01   1.0262398e-01   5.6190413e-01   9.4121247e-02   5.8485740e-01   8.7634653e-02   6.3211285e-01   6.1293409e-02
  -4.1012779e-01   1.3075128e-01   5.8456783e-01   8.9558548e-02   5.8673471e-01   1.1218652e-01   6.8814168e-01   8.8911686e-02   6.3601253e-01   3.0994642e-02   6.3336787e-01   6.5393351e-02   5.7740050e-01   7.7073549e-02   6.0577981e-01   1.0772506e-01   6.4042236e-01   3.7154275e-02
  -3.8101810e-01   5.6656373e-02   5.9876711e-01   5.4381687e-02   6.0466312e-01   6.7308203e-02   6.9480719e-01   8.4847776e-03   6.3919142e-01   5.8870271e-03   6.4198454e-01   1.5881358e-02   5.8828057e-01   4.3054226e-02   6.2794066e-01   9.9679694e-02   6.4385149e-01   3.2792098e-03
  -3.7644102e-01  -2.5382284e-02   6.0525494e-01   1.2095115e-02   6.1272534e-01   1.4242506e-02   6.9044119e-01  -7.1551836e-02   6.3777845e-01  -2.2690653e-02   6.3993338e-01  -3.4573940e-02   5.9216592e-01   1.8052082e-04   6.4586416e-01   6.8940437e-02   6.4142322e-01  -3.2086892e-02
  -3.9490975e-01  -9.1664667e-02   6.0361401e-01  -2.7847729e-02   6.1046133e-01  -3.5861108e-02   6.7639266e-01  -1.3326738e-01   6.3185082e-01  -4.7309941e-02   6.2823371e-01  -7.5101612e-02   5.8839722e-01  -4.1644863e-02   6.5588706e-01   2.5839596e-02   6.3362534e-01  -6.0610518e-02
  -4.2891318e-01  -1.2542730e-01   5.9510270e-01  -5.7421323e-02   5.9941209e-01  -7.3561908e-02   6.5602807e-01  -1.6404714e-01   6.2258774e-01  -6.1942417e-02   6.0983197e-01  -9.7803156e-02   5.7797469e-01  -7.3399189e-02   6.5663532e-01  -1.7799168e-02   6.2213613e-01  -7.5976122e-02
  -4.6736211e-01  -1.2106021e-01   5.8227685e-01  -7.1762869e-02   5.8267259e-01  -9.3031865e-02   6.3391238e-01  -1.5939708e-01   6.1196433e-01  -6.3444309e-02   5.8888215e-01  -9.9450696e-02   5.6328706e-01  -8.9013436e-02   6.4913530e-01  -5.1616851e-02   6.0942067e-01  -7.5353422e-02
  -4.9930711e-01  -8.4477522e-02   5.6824916e-01  -6.9945643e-02   5.6404126e-01  -9.2889875e-02   6.1461898e-01  -1.2330627e-01   6.0218545e-01  -5.2112416e-02   5.6967190e-01  -8.1787613e-02   5.4743539e-01  -8.6533070e-02   6.3620307e-01  -6.9071500e-02   5.9807896e-01  -5.9808047e-02
