   1.0405466e-01   2.8930892e-01   5.2475573e-02   2.2850039e-01   1.2202390e-01   7.2290217e-01   1.4532252e-01   4.6078752e-02   6.7446987e-02   4.4038446e-01   4.4233678e-02   4.0363029e-01   1.4507607e-01   3.7422732e-01   9.0647489e-02   6.1435603e-01   4.8189426e-02   5.2545827e-01
   7.5387404e-02  -4.3759834e-01   1.4046968e-01   6.5468506e-01   2.9384666e-01   9.5399657e-01   1.7306973e-01   3.2664595e-01   1.6751985e-01   7.6653200e-01   1.4949862e-01   7.5703333e-01   2.2554335e-01   7.1192330e-01   2.7620348e-01   9.2452306e-01   1.6445574e-01   8.2036447e-01
  -1.6040408e-01  -9.1470068e-01   2.9590615e-01   9.1738257e-01   4.9334978e-01   1.0000000e+00   2.3915943e-01   5.7131054e-01   3.0869582e-01   9.4771090e-01   3.0328268e-01   9.5134839e-01   3.4503135e-01   9.1456829e-01   5.0739268e-01   1.0000000e+00   3.1880776e-01   9.7446607e-01
  -4.9212109e-01  -1.0000000e+00   4.8479091e-01   1.0000000e+00   6.8561393e-01   8.8915829e-01   3.3845749e-01   7.7917537e-01   4.6854963e-01   1.0000000e+00   4.7828751e-01   1.0000000e+00   4.8516593e-01   1.0000000e+00   7.3002927e-01   8.5981393e-01   4.8812574e-01   1.0000000e+00
  -7.8695804e-01  -7.0980921e-01   6.7359492e-01   9.2198326e-01   8.4387421e-01   6.7065372e-01   4.6448589e-01   9.3250673e-01   6.2798155e-01   9.4639927e-01   6.5085270e-01   9.2840389e-01   6.3030840e-01   9.8607173e-01   9.0050336e-01   5.7009772e-01   6.5252793e-01   9.2093179e-01
  -9.4151111e-01  -1.9304722e-01   8.3466157e-01   7.2083153e-01   9.5144584e-01   3.9218335e-01   6.0710373e-01   1.0000000e+00   7.7157972e-01   8.0841648e-01   8.0200888e-01   7.6260885e-01   7.6685483e-01   8.8221280e-01   9.9306891e-01   2.1108151e-01   7.9637882e-01   7.6162675e-01
  -9.1241894e-01   3.5658980e-01   9.4784755e-01   4.3439618e-01   1.0000000e+00   8.8676694e-02   7.5125719e-01   9.4850649e-01   8.8715399e-01   6.0434081e-01   9.1709826e-01   5.2511919e-01   8.8199610e-01   6.9110214e-01   1.0000000e+00  -1.4687161e-01   9.0775952e-01   5.4123902e-01
  -7.1846039e-01   7.6828456e-01   1.0000000e+00   9.7744881e-02   9.8726070e-01  -2.1273034e-01   8.7780318e-01   7.5770446e-01   9.6537718e-01   3.5181887e-01   9.8530025e-01   2.3766055e-01   9.6333354e-01   4.1765550e-01   9.2850003e-01  -4.4645570e-01   9.7766460e-01   2.7591575e-01
  -4.2770643e-01   9.2012015e-01   9.8509827e-01  -2.4917913e-01   9.1652311e-01  -4.8235337e-01   9.6639137e-01   4.3320166e-01   1.0000000e+00   7.1729832e-02   1.0000000e+00  -7.3091911e-02   1.0000000e+00   7.9635939e-02   7.9814750e-01  -6.3950442e-01   1.0000000e+00  -1.5218406e-02
  -1.3781279e-01   7.6399734e-01   9.0589193e-01  -5.5567932e-01   7.9779664e-01  -6.8331444e-01   1.0000000e+00   1.6679475e-02   9.8873958e-01  -2.0709072e-01   9.6018599e-01  -3.6973464e-01   9.8519854e-01  -2.8308477e-01   6.3851420e-01  -6.9159230e-01   9.7261514e-01  -3.0383496e-01
   5.4352949e-02   3.5229718e-01   7.7560228e-01  -7.6714543e-01   6.4870609e-01  -7.7890205e-01   9.7044571e-01  -4.1588484e-01   9.3480043e-01  -4.4681021e-01   8.7248326e-01  -6.0506641e-01   9.1964318e-01  -6.0900501e-01   4.8424323e-01  -5.9547393e-01   8.9911226e-01  -5.5149408e-01
   8.4795692e-02  -1.7486582e-01   6.1703733e-01  -8.4219421e-01   4.9300234e-01  -7.4735778e-01   8.8196846e-01  -7.7399645e-01   8.4778366e-01  -6.0812550e-01   7.5191312e-01  -7.3386841e-01   8.1359786e-01  -8.3090839e-01   3.6764803e-01  -3.7896962e-01   7.8993144e-01  -7.1773142e-01
  -5.5726723e-02  -6.4129542e-01   4.5852121e-01  -7.6699776e-01   3.5637973e-01  -5.9199320e-01   7.5148144e-01  -9.7956266e-01   7.4298649e-01  -6.6235626e-01   6.2019657e-01  -7.2825524e-01   6.8617165e-01  -8.9772935e-01   3.1084777e-01  -9.8483324e-02   6.6170943e-01  -7.7210508e-01
  -3.2050636e-01  -8.9836473e-01   3.2797404e-01  -5.5924950e-01   2.6122556e-01  -3.4164405e-01   6.0496254e-01  -9.8964661e-01   6.3876161e-01  -6.0181639e-01   5.0159344e-01  -5.8855840e-01   5.6158587e-01  -7.9210578e-01   3.2094525e-01   1.7816587e-01   5.3464296e-01  -7.0437146e-01
  -6.2473727e-01  -8.7266488e-01   2.4720667e-01  -2.6312034e-01   2.2211621e-01  -4.3827587e-02   4.7132767e-01  -8.0812215e-01   5.5268550e-01  -4.4398322e-01   4.1757812e-01  -3.4574839e-01   4.6364968e-01  -5.3754450e-01   3.8966367e-01   3.9090123e-01   4.2858690e-01  -5.2923310e-01
  -8.7489585e-01  -5.8725591e-01   2.2773968e-01   6.1995093e-02   2.4308522e-01   2.4647881e-01   3.7553207e-01  -4.8391315e-01   4.9764948e-01  -2.2768295e-01   3.8185486e-01  -5.4451545e-02   4.1003818e-01  -1.9318875e-01   4.9697348e-01   5.0204710e-01   3.5889021e-01  -2.8401334e-01
  -1.0000000e+00  -1.4472156e-01   2.6923719e-01   3.5611696e-01   3.1740790e-01   4.7945215e-01   3.3289694e-01  -9.4787467e-02   4.7920317e-01  -1.5282750e-03   3.9739241e-01   2.2249338e-01   4.0820130e-01   1.6376780e-01   6.1718984e-01   5.0049861e-01   3.3325893e-01  -1.8576795e-02
  -9.6971655e-01   3.1589822e-01   3.6070036e-01   5.6962775e-01   4.2964176e-01   6.1843386e-01   3.4676492e-01   2.7357971e-01   4.9517644e-01   1.8857263e-01   4.5658642e-01   4.2932380e-01   4.5447237e-01   4.5786138e-01   7.2450240e-01   3.9567213e-01   3.5085900e-01   2.1681477e-01
  -8.0133358e-01   6.6286919e-01   4.8299641e-01   6.7032984e-01   5.5861067e-01   6.4429545e-01   4.0827830e-01   5.4625420e-01   5.3669412e-01   3.0872889e-01   5.4327576e-01   5.2842162e-01   5.3517110e-01   6.3134347e-01   7.9729053e-01   2.1231025e-01   4.0291368e-01   3.8195746e-01
  -5.4934659e-01   8.0525441e-01   6.1279088e-01   6.4677331e-01   6.8123506e-01   5.5688794e-01   4.9944312e-01   6.7320653e-01   5.9080097e-01   3.4226137e-01   6.3678518e-01   5.0599662e-01   6.3029747e-01   6.5445538e-01   8.2120692e-01  -1.2392851e-02   4.7525690e-01   4.5343194e-01
  -2.8904930e-01   7.1362120e-01   7.2674581e-01   5.1132124e-01   7.7642384e-01   3.7684494e-01   5.9740092e-01   6.4023122e-01   6.4342858e-01   2.9307341e-01   7.1632365e-01   3.7559689e-01   7.1795627e-01   5.3252086e-01   7.9200068e-01  -2.3007115e-01   5.5146636e-01   4.2912184e-01
  -9.3789013e-02   4.2917443e-01   8.0623403e-01   2.9910040e-01   8.2925980e-01   1.4374603e-01   6.8018028e-01   4.7343693e-01   6.8286366e-01   1.8554616e-01   7.6591199e-01   1.7672687e-01   7.7969038e-01   3.0660174e-01   7.1745773e-01  -3.8957889e-01   6.1666908e-01   3.2885325e-01
  -1.2871031e-02   4.8085453e-02   8.4101676e-01   5.8974349e-02   8.3401405e-01  -9.2949743e-02   7.3215196e-01   2.2983294e-01   7.0259164e-01   5.7057622e-02   7.7817441e-01  -3.6083947e-02   8.0497922e-01   4.1372770e-02   6.1621579e-01  -4.5217134e-01   6.6083560e-01   1.8775196e-01
  -5.9127536e-02  -3.1113228e-01   8.3056043e-01  -1.5930226e-01   7.9480121e-01  -2.8628317e-01   7.4708568e-01  -2.1037180e-02   7.0239299e-01  -5.3601802e-02   7.5550233e-01  -2.0901563e-01   7.9315363e-01  -1.9412880e-01   5.1327955e-01  -4.0437298e-01   6.8037906e-01   4.5377694e-02
  -2.0706335e-01  -5.4654044e-01   7.8310109e-01  -3.1755050e-01   7.2397417e-01  -4.0347314e-01   7.2864151e-01  -2.1812087e-01   6.8768621e-01  -1.1822788e-01   7.0865287e-01  -3.0454626e-01   7.5271024e-01  -3.4666621e-01   4.3325636e-01  -2.6250966e-01   6.7803032e-01  -6.5820769e-02
  -4.0442604e-01  -6.0237299e-01   7.1249350e-01  -3.9644001e-01   6.3845584e-01  -4.3213588e-01   6.8775613e-01  -3.2414901e-01   6.6706695e-01  -1.2626348e-01   6.5285669e-01  -3.1011470e-01   6.9785434e-01  -3.9151090e-01   3.9396458e-01  -6.6397387e-02   6.6083085e-01  -1.2799448e-01
  -5.9022816e-01  -4.8219609e-01   6.3430823e-01  -3.9717934e-01   5.5549131e-01  -3.8079483e-01   6.3860250e-01  -3.3214482e-01   6.4928341e-01  -8.5817703e-02   6.0321655e-01  -2.3885838e-01   6.4402544e-01  -3.3574730e-01   4.0223926e-01   1.3319594e-01   6.3740101e-01  -1.4014853e-01
  -7.1334304e-01  -2.4093552e-01   5.6228825e-01  -3.3711413e-01   4.8900711e-01  -2.7357642e-01   5.9443319e-01  -2.6145146e-01   6.4064051e-01  -1.8412202e-02   5.7082594e-01  -1.2228039e-01   6.0379642e-01  -2.1133521e-01   4.5317730e-01   2.8866252e-01   6.1536306e-01  -1.1480002e-01
  -7.4717483e-01   3.7129596e-02   5.0576701e-01  -2.4181148e-01   4.4708729e-01  -1.4179182e-01   5.6424258e-01  -1.4743887e-01   6.4333209e-01   4.9440790e-02   5.6026790e-01   1.1957817e-03   5.8392359e-01  -6.2487812e-02   5.3211318e-01   3.6741551e-01   5.9943465e-01  -7.1579775e-02
  -6.9384993e-01   2.6769662e-01   4.6907602e-01  -1.3655278e-01   4.3160092e-01  -1.5219387e-02   5.5153721e-01  -2.8397106e-02   6.5548468e-01   9.4883251e-02   5.6965118e-01   9.7895788e-02   5.8479561e-01   6.8481702e-02   6.1915294e-01   3.5719966e-01   5.9095698e-01  -2.9946601e-02
  -5.8040940e-01   3.8923488e-01   4.5213506e-01  -4.0852835e-02   4.3909639e-01   8.3803615e-02   5.5462937e-01   6.4283523e-02   6.7220144e-01   1.0430302e-01   5.9212159e-01   1.4653287e-01   6.0142906e-01   1.5115994e-01   6.9393692e-01   2.6623033e-01   5.8835774e-01  -4.0769404e-03
  -4.4843656e-01   3.7833287e-01   4.5187050e-01   3.4248336e-02   4.6267399e-01   1.4376070e-01   5.6817264e-01   1.1292039e-01   6.8733520e-01   7.6261023e-02   6.1846112e-01   1.4218888e-01   6.2568093e-01   1.7318532e-01   7.4013606e-01   1.1984652e-01   5.8833706e-01   2.5830567e-04
  -3.4019912e-01   2.5364212e-01   4.6391583e-01   8.6227463e-02   4.9428391e-01   1.6451869e-01   5.8542782e-01   1.1612976e-01   6.9550628e-01   2.1206504e-02   6.4004947e-01   9.5948339e-02   6.4903596e-01   1.4140229e-01   7.4885864e-01  -4.5567252e-02   5.8739251e-01  -1.3745794e-02
  -2.8582288e-01   6.6566771e-02   4.8408028e-01   1.1892024e-01   5.2682382e-01   1.5504334e-01   6.0052988e-01   8.6428658e-02   6.9376444e-01  -4.2276571e-02   6.5131754e-01   3.0024239e-02   6.6512844e-01   7.7457291e-02   7.2027216e-01  -1.9082440e-01   5.8318495e-01  -3.6165480e-02
  -2.9530199e-01  -1.1738085e-01   5.0926695e-01   1.3917315e-01   5.5556191e-01   1.2914477e-01   6.1009618e-01   4.4015523e-02   6.8243234e-01  -9.3598602e-02   6.5105318e-01  -3.0059802e-02   6.7131196e-01   9.4327414e-03   6.6320473e-01  -2.8300228e-01   5.7534373e-01  -5.4510904e-02
  -3.5743664e-01  -2.4033510e-01   5.3770098e-01   1.5321374e-01   5.7860434e-01   1.0043143e-01   6.1376969e-01   8.7696398e-03   6.6488111e-01  -1.1684240e-01   6.4222973e-01  -6.3892557e-02   6.6888291e-01  -3.7898402e-02   5.9269970e-01  -3.0331689e-01   5.6549535e-01  -5.8482301e-02
  -4.4549049e-01  -2.6964713e-01   5.6851543e-01   1.6377537e-01   5.9640419e-01   7.8008498e-02   6.1364134e-01  -6.7241599e-03   6.4633735e-01  -1.0570420e-01   6.3050390e-01  -6.2405571e-02   6.6199952e-01  -5.0905552e-02   5.2608592e-01  -2.5148905e-01   5.5655652e-01  -4.3669416e-02
  -5.2728498e-01  -2.0564821e-01   6.0091872e-01   1.6888552e-01   6.1058454e-01   6.4278603e-02   6.1286600e-01  -6.8947152e-04   6.3214210e-01  -6.4973181e-02   6.2195165e-01  -2.9830232e-02   6.5575472e-01  -3.0388406e-02   4.7859814e-01  -1.4499390e-01   5.5157589e-01  -1.2905946e-02
  -5.7586829e-01  -7.8066326e-02   6.3333646e-01   1.6271435e-01   6.2260100e-01   5.5410774e-02   6.1410186e-01   1.8705160e-02   6.2609145e-01  -8.3243254e-03   6.2089064e-01   1.8894853e-02   6.5417549e-01   1.0354601e-02   4.5978569e-01  -1.3537830e-02   5.5258434e-01   2.5006890e-02
  -5.7758294e-01   6.6452975e-02   6.6288943e-01   1.3832309e-01   6.3271932e-01   4.4140996e-02   6.1832722e-01   3.7806029e-02   6.2934058e-01   4.6534012e-02   6.2844127e-01   6.4014452e-02   6.5878041e-01   5.1492240e-02   4.7155682e-01   1.0946968e-01   5.5982309e-01   5.8562517e-02
  -5.3489385e-01   1.8028736e-01   6.8554341e-01   9.1262003e-02   6.3973100e-01   2.3613140e-02   6.2449524e-01   4.3394791e-02   6.4023081e-01   8.3410114e-02   6.4231572e-01   8.7739349e-02   6.6820272e-01   7.4065920e-02   5.0839783e-01   1.9546021e-01   5.7163511e-01   7.7432821e-02
  -4.6432105e-01   2.2917305e-01   6.9690801e-01   2.2745169e-02   6.4138511e-01  -9.1867425e-03   6.2998331e-01   2.7907354e-02   6.5491965e-01   9.2292713e-02   6.5767614e-01   7.9907854e-02   6.7878872e-01   6.6443632e-02   5.5931177e-01   2.2732625e-01   5.8494924e-01   7.5763853e-02
  -3.9023041e-01   2.0142831e-01   6.9350798e-01  -5.8971907e-02   6.3538030e-01  -5.1616187e-02   6.3167219e-01  -7.6387754e-03   6.6863359e-01   7.1964871e-02   6.6880672e-01   4.1024667e-02   6.8597490e-01   2.8045385e-02   6.1097101e-01   2.0259729e-01   5.9622015e-01   5.3971486e-02
  -3.3677952e-01   1.0999990e-01   6.7407529e-01  -1.3973293e-01   6.2049584e-01  -9.5759436e-02   6.2721947e-01  -5.3832788e-02   6.7712456e-01   2.9992978e-02   6.7101852e-01  -1.8037315e-02   6.8593143e-01  -3.0598498e-02   6.5114113e-01   1.3277516e-01   6.0250181e-01   1.8580035e-02
  -3.2021538e-01  -1.3216824e-02   6.4041137e-01  -2.0301104e-01   5.9746168e-01  -1.3086785e-01   6.1611314e-01  -9.6131616e-02   6.7794883e-01  -1.9955509e-02   6.6225818e-01  -7.9659469e-02   6.7698987e-01  -9.1507182e-02   6.7161559e-01   3.9119257e-02   6.0235602e-01  -1.9900755e-02
  -3.4470618e-01  -1.2844407e-01   5.9736309e-01  -2.3435434e-01   5.6914112e-01  -1.4675756e-01   6.0001103e-01  -1.1977052e-01   6.7105035e-01  -6.2412006e-02   6.4373844e-01  -1.2497990e-01   6.6023276e-01  -1.3510801e-01   6.6965432e-01  -5.3467739e-02   5.9621069e-01  -5.0210265e-02
  -4.0135542e-01  -2.0104164e-01   5.5206186e-01  -2.2560685e-01   5.4013258e-01  -1.3717647e-01   5.8246880e-01  -1.1487148e-01   6.5875124e-01  -8.4874638e-02   6.1974004e-01  -1.3982465e-01   6.3935691e-01  -1.4662110e-01   6.4824913e-01  -1.2305592e-01   5.8625239e-01  -6.3817297e-02
  -4.7219119e-01  -2.1163900e-01   5.1238694e-01  -1.7714918e-01   5.1569160e-01  -1.0181395e-01   5.6789118e-01  -7.9675059e-02   6.4489105e-01  -8.1226406e-02   5.9628640e-01  -1.1874591e-01   6.1953697e-01  -1.2049230e-01   6.1464098e-01  -1.5560636e-01   5.7568516e-01  -5.7286419e-02
  -5.3602632e-01  -1.6069987e-01   4.8529724e-01  -9.7954751e-02   5.0050046e-01  -4.6619936e-02   5.6029236e-01  -2.1217286e-02   6.3368136e-01  -5.3073244e-02   5.7947769e-01  -6.6350585e-02   6.0597840e-01  -6.1884524e-02   5.7817985e-01  -1.4746880e-01   5.6779948e-01  -3.3047560e-02
  -5.7484307e-01  -6.6895075e-02   4.7536072e-01  -3.5629565e-03   4.9754216e-01   1.7533148e-02   5.6214408e-01   4.6559607e-02   6.2852043e-01  -8.8512389e-03   5.7383898e-01   4.2223764e-03   6.0247579e-01   1.4927104e-02   5.4790646e-01  -1.0515170e-01   5.6505116e-01   1.5121640e-03
  -5.7928353e-01   3.9989426e-02   4.8371149e-01   8.7614866e-02   5.0728191e-01   7.7568916e-02   5.7355152e-01   1.0682238e-01   6.3100363e-01   3.8956263e-02   5.8100689e-01   7.5227183e-02   6.1026758e-01   9.0791712e-02   5.3026543e-01  -4.2646092e-02   5.6833355e-01   3.6374766e-02
  -5.5015420e-01   1.2870953e-01   5.0802822e-01   1.5829010e-01   5.2764785e-01   1.2128844e-01   5.9228175e-01   1.4437811e-01   6.4066968e-01   7.7417574e-02   5.9949887e-01   1.2911912e-01   6.2784819e-01   1.4691043e-01   5.2805117e-01   2.2795147e-02   5.7686122e-01   6.1722070e-02
  -4.9786848e-01   1.7575537e-01   5.4300931e-01   1.9608445e-01   5.5441515e-01   1.4029507e-01   6.1422069e-01   1.4983698e-01   6.5511861e-01   9.6631473e-02   6.2502888e-01   1.5314319e-01   6.5126914e-01   1.6982198e-01   5.3996796e-01   7.5115773e-02   5.8836103e-01   7.0617640e-02
  -4.3838787e-01   1.7137404e-01   5.8165930e-01   1.9589975e-01   5.8223755e-01   1.3180946e-01   6.3448366e-01   1.2194843e-01   6.7078184e-01   9.2122776e-02   6.5174123e-01   1.4233070e-01   6.7525380e-01   1.5464278e-01   5.6150267e-01   1.0319081e-01   5.9977319e-01   6.0707381e-02
  -3.8835009e-01   1.2119351e-01   6.1677312e-01   1.6065264e-01   6.0582526e-01   9.9134667e-02   6.4862300e-01   6.7805594e-02   6.8387384e-01   6.5706617e-02   6.7367290e-01   1.0041519e-01   6.9451000e-01   1.0600273e-01   5.8633468e-01   1.0298462e-01   6.0806744e-01   3.4663736e-02
  -3.6042707e-01   4.3465001e-02   6.4237145e-01   1.0021413e-01   6.2105718e-01   5.0672227e-02   6.5369466e-01   8.8094553e-04   6.9134142e-01   2.4704907e-02   6.8616779e-01   3.8541158e-02   7.0498810e-01   3.6542010e-02   6.0802052e-01   7.7816633e-02   6.1101560e-01  -6.8150768e-04
  -3.5967919e-01  -3.7488540e-02   6.5493531e-01   2.8680492e-02   6.2589333e-01  -2.3901552e-03   6.4902781e-01  -6.2850353e-02   6.9167419e-01  -2.0362527e-02   6.8705080e-01  -2.8046619e-02   7.0490967e-01  -3.6820205e-02   6.2171288e-01   3.6784547e-02   6.0780873e-01  -3.6387074e-02
  -3.8330056e-01  -9.8948755e-02   6.5375095e-01  -3.9096050e-02   6.2054119e-01  -4.8884855e-02   6.3616413e-01  -1.0912759e-01   6.8508812e-01  -5.8771680e-02   6.7684827e-01  -8.4124730e-02   6.9492926e-01  -9.7455897e-02   6.2502551e-01  -8.3001067e-03   5.9912726e-01  -6.3859930e-02
  -4.2200575e-01  -1.2619149e-01   6.4081121e-01  -9.0782301e-02   6.0725032e-01  -8.0217834e-02   6.1840031e-01  -1.2892794e-01   6.7338427e-01  -8.2314764e-02   6.5852388e-01  -1.1821473e-01   6.7785812e-01  -1.3310792e-01   6.1838371e-01  -4.6082630e-02   5.8693562e-01  -7.7022261e-02
  -4.6347526e-01  -1.1590239e-01   6.2005250e-01  -1.1891076e-01   5.8958437e-01  -9.2054724e-02   5.9983970e-01  -1.2029119e-01   6.5935838e-01  -8.7102819e-02   6.3654600e-01  -1.2501363e-01   6.5779431e-01  -1.3847153e-01   6.0454809e-01  -6.8432235e-02   5.7391108e-01  -7.3640947e-02
  -4.9616179e-01  -7.5729605e-02   5.9630895e-01  -1.2173126e-01   5.7150781e-01  -8.4731351e-02   5.8436438e-01  -8.8053162e-02   6.4605220e-01  -7.3974202e-02   6.1572661e-01  -1.0591462e-01   6.3906530e-01  -1.1562869e-01   5.8765265e-01  -7.1937525e-02   5.6276659e-01  -5.5486200e-02
