   1.7984354e-01   9.2923703e-02   1.4242175e-02   3.9944008e-01   7.5977131e-02   6.0816363e-01   1.4384009e-01   7.8394634e-01   2.3843334e-02   1.0764604e-01   6.7227469e-02   4.1693407e-01   1.7559138e-01   8.8183046e-01   5.5254416e-02   6.2830197e-01   6.2494090e-02   3.6993537e-01
   8.5869877e-02  -6.0335134e-01   1.3548955e-01   7.7461097e-01   2.2714176e-01   8.9216072e-01   2.6801477e-01   9.6219911e-01   7.4999995e-02   4.8499812e-01   1.6956979e-01   7.3116342e-01   3.5667006e-01   1.0000000e+00   2.5206850e-01   9.3236731e-01   1.5250896e-01   7.0666023e-01
  -2.0238175e-01  -1.0000000e+00   3.1538378e-01   9.7609577e-01   4.1704875e-01   1.0000000e+00   4.0655252e-01   1.0000000e+00   1.8191364e-01   7.6675730e-01   3.1678689e-01   9.2703514e-01   5.4372977e-01   9.5436168e-01   4.9483710e-01   1.0000000e+00   2.8740741e-01   9.1607237e-01
  -5.5754384e-01  -9.8532017e-01   5.1777726e-01   1.0000000e+00   6.1194788e-01   9.4790436e-01   5.4419299e-01   9.5854336e-01   3.2733129e-01   9.4046036e-01   4.8758411e-01   1.0000000e+00   7.1131806e-01   8.0422416e-01   7.2677550e-01   8.5280549e-01   4.4625527e-01   1.0000000e+00
  -8.4222262e-01  -6.1388501e-01   7.0936655e-01   8.7568381e-01   7.8390684e-01   7.7521996e-01   6.7307584e-01   8.7926788e-01   4.9244204e-01   1.0000000e+00   6.6056262e-01   9.5277953e-01   8.4493638e-01   6.0280225e-01   9.0276331e-01   5.5880056e-01   6.0939814e-01   9.7098862e-01
  -9.6104036e-01  -5.9378805e-02   8.6433879e-01   6.4420875e-01   9.1325090e-01   5.2299501e-01   7.8899110e-01   7.7263676e-01   6.5797451e-01   9.4630783e-01   8.1522345e-01   7.9278359e-01   9.3839473e-01   3.8380432e-01   9.9647991e-01   1.9724922e-01   7.5959625e-01   8.4491841e-01
  -8.8489021e-01   4.8188497e-01   9.6486481e-01   3.4209312e-01   9.8755150e-01   2.2285619e-01   8.8738192e-01   6.2456667e-01   8.0551885e-01   7.8873668e-01   9.3284930e-01   5.3334414e-01   9.9007229e-01   1.6224483e-01   1.0000000e+00  -1.6338892e-01   8.8222258e-01   6.3738695e-01
  -6.4787520e-01   8.4915399e-01   1.0000000e+00   2.4925927e-03   1.0000000e+00  -9.7908101e-02   9.6087930e-01   4.1418801e-01   9.1896968e-01   5.4540825e-01   9.9786012e-01   1.9782684e-01   1.0000000e+00  -5.6541227e-02   9.2078583e-01  -4.6583105e-01   9.6525632e-01   3.6563529e-01
  -3.3037267e-01   9.3476539e-01   9.6600418e-01  -3.3477041e-01   9.4967853e-01  -4.0554369e-01   1.0000000e+00   1.3409119e-01   9.8604276e-01   2.4369829e-01   1.0000000e+00  -1.7578547e-01   9.6923805e-01  -2.6598310e-01   7.7955393e-01  -6.5921390e-01   1.0000000e+00   5.3658246e-02
  -3.7643118e-02   7.1041600e-01   8.6836257e-01  -6.1837339e-01   8.4346668e-01  -6.5506117e-01   9.9618809e-01  -1.9229098e-01   1.0000000e+00  -7.7222979e-02   9.3722305e-01  -5.3128820e-01   9.0095822e-01  -4.4904272e-01   6.0824168e-01  -7.0610792e-01   9.8263288e-01  -2.6213036e-01
   1.3345271e-01   2.5155346e-01   7.2338233e-01  -7.9570042e-01   6.9762116e-01  -7.9951122e-01   9.4662619e-01  -5.0866845e-01   9.6170524e-01  -3.6791254e-01   8.1863933e-01  -8.0089588e-01   8.0272497e-01  -5.7734041e-01   4.4457394e-01  -5.9898241e-01   9.1636206e-01  -5.3414557e-01
   1.2714017e-01  -2.8596692e-01   5.5648318e-01  -8.3191346e-01   5.3635904e-01  -8.0802162e-01   8.5755232e-01  -7.4579198e-01   8.8049397e-01  -5.7912860e-01   6.6483744e-01  -9.2468895e-01   6.8773170e-01  -6.2200520e-01   3.2346726e-01  -3.6850232e-01   8.1233744e-01  -7.1524251e-01
  -5.2776846e-02  -7.2477843e-01   3.9719928e-01  -7.2220476e-01   3.8733263e-01  -6.7784933e-01   7.4431752e-01  -8.4673406e-01   7.7301993e-01  -6.7553998e-01   5.0469292e-01  -8.7116091e-01   5.7366961e-01  -5.6624713e-01   2.6829012e-01  -7.5159041e-02   6.8844405e-01  -7.7269607e-01
  -3.4661366e-01  -9.2817536e-01   2.7285238e-01  -4.9245851e-01   2.7576185e-01  -4.3564306e-01   6.2816360e-01  -7.8664683e-01   6.5992531e-01  -6.4632941e-01   3.6913318e-01  -6.4932102e-01   4.7954156e-01  -4.1387576e-01   2.8571723e-01   2.0956413e-01   5.6601304e-01  -6.9833078e-01
  -6.6102715e-01  -8.4269746e-01   2.0303477e-01  -1.9181373e-01   2.1922412e-01  -1.3062043e-01   5.3097207e-01  -5.8165904e-01   5.6130209e-01  -5.0882541e-01   2.8388388e-01  -3.0857251e-01   4.2144918e-01  -1.9157736e-01   3.6561604e-01   4.2351110e-01   4.6541430e-01  -5.1208958e-01
  -9.0074860e-01  -5.1182816e-01   1.9610655e-01   1.1993265e-01   2.2432783e-01   1.7771510e-01   4.6973879e-01  -2.8407136e-01   4.9227991e-01  -3.0336392e-01   2.6334872e-01   7.4071444e-02   4.0866638e-01   5.6453314e-02   4.8530421e-01   5.2894856e-01   4.0171793e-01  -2.5755120e-01
  -1.0000000e+00  -5.1699642e-02   2.4844424e-01   3.8683001e-01   2.8604401e-01   4.3406073e-01   4.5249606e-01   3.5514835e-02   4.6004128e-01  -8.0377338e-02   3.0747769e-01   4.1617705e-01   4.4130290e-01   2.8070443e-01   6.1638922e-01   5.1640862e-01   3.8162737e-01   1.0466509e-02
  -9.3796599e-01   3.9643013e-01   3.4644329e-01   5.6606888e-01   3.8975448e-01   5.9681633e-01   4.7745126e-01   3.0789032e-01   4.6349019e-01   1.1271966e-01   4.0294028e-01   6.4945375e-01   5.1067147e-01   4.3811904e-01   7.3087101e-01   3.9753964e-01   4.0299108e-01   2.3935462e-01
  -7.4177245e-01   7.0697211e-01   4.6951121e-01   6.3273560e-01   5.1430563e-01   6.4295425e-01   5.3390919e-01   4.7882781e-01   4.9433822e-01   2.4040176e-01   5.2646084e-01   7.3205215e-01   6.0105572e-01   4.9959406e-01   8.0561618e-01   1.9943520e-01   4.5581280e-01   3.8880337e-01
  -4.7424185e-01   8.0088161e-01   5.9414801e-01   5.8261409e-01   6.3613653e-01   5.7076148e-01   6.0534007e-01   5.1960829e-01   5.3980865e-01   2.8494140e-01   6.5036326e-01   6.5505575e-01   6.9307537e-01   4.5558169e-01   8.2585482e-01  -3.7564752e-02   5.2506619e-01   4.3797252e-01
  -2.1474957e-01   6.6342940e-01   6.9823922e-01   4.3409852e-01   7.3357727e-01   4.0150404e-01   6.7342268e-01   4.3436173e-01   5.8588751e-01   2.4991794e-01   7.4844775e-01   4.4467979e-01   7.6770267e-01   3.1998332e-01   7.8816390e-01  -2.6188344e-01   5.9420021e-01   3.8972999e-01
  -3.6046348e-02   3.4954001e-01   7.6545862e-01   2.2575718e-01   7.9120474e-01   1.7672305e-01   7.2273891e-01   2.6084395e-01   6.2091427e-01   1.5982729e-01   8.0186860e-01   1.5812173e-01   8.1069053e-01   1.2942190e-01   7.0233849e-01  -4.2018698e-01   6.4904127e-01   2.7032713e-01
   1.8543306e-02  -3.5539453e-02   7.8864867e-01   6.0261040e-03   8.0313875e-01  -5.2476508e-02   7.4500945e-01   5.7836632e-02   6.3871586e-01   5.1753341e-02   8.0367945e-01  -1.3192427e-01   8.1629833e-01  -6.6903375e-02   5.8985782e-01  -4.7412964e-01   6.8123387e-01   1.2072907e-01
  -5.5078261e-02  -3.7329608e-01   7.7020164e-01  -1.7988064e-01   7.7329744e-01  -2.3905789e-01   7.4036689e-01  -1.1480325e-01   6.3945239e-01  -3.7185851e-02   7.5939990e-01  -3.5751043e-01   7.8799614e-01  -2.2206126e-01   4.7837615e-01  -4.1293384e-01   6.8935226e-01  -1.6594452e-02
  -2.2306030e-01  -5.6933962e-01   7.2039874e-01  -3.0080685e-01   7.1355095e-01  -3.5143280e-01   7.1633848e-01  -2.1425870e-01   6.2873041e-01  -8.1382372e-02   6.8474390e-01  -4.7326496e-01   7.3687980e-01  -3.0452217e-01   3.9436476e-01  -2.5666110e-01   6.7823078e-01  -1.0985642e-01
  -4.2731295e-01  -5.8076011e-01   6.5385133e-01  -3.4541006e-01   6.3993344e-01  -3.7943104e-01   6.8453970e-01  -2.2582192e-01   6.1497750e-01  -7.3458124e-02   6.0058934e-01  -4.6636150e-01   6.7790626e-01  -3.0551478e-01   3.5620527e-01  -4.8948042e-02   6.5648154e-01  -1.4543069e-01
  -6.0516065e-01  -4.2441797e-01   5.8547280e-01  -3.2184508e-01   5.6840334e-01  -3.3374816e-01   6.5660259e-01  -1.6374040e-01   6.0631204e-01  -2.4222617e-02   5.2721223e-01  -3.5615904e-01   6.2554593e-01  -2.3865503e-01   3.7005914e-01   1.5658548e-01   6.3338776e-01  -1.2865328e-01
  -7.0886399e-01  -1.6569636e-01   5.2696652e-01  -2.5203297e-01   5.1117545e-01  -2.3974228e-01   6.4055641e-01  -6.2653956e-02   6.0785005e-01   4.3206620e-02   4.7924610e-01  -1.8487986e-01   5.9005017e-01  -1.3286615e-01   4.2914003e-01   3.1152022e-01   6.1608776e-01  -7.8790024e-02
  -7.1795928e-01   1.0828362e-01   4.8498035e-01  -1.6255868e-01   4.7478990e-01  -1.2782885e-01   6.3899918e-01   3.6984011e-02   6.2042305e-01   1.0265979e-01   4.6298966e-01  -2.7525784e-03   5.7560951e-01  -2.1434378e-02   5.1666609e-01   3.8407912e-01   6.0800200e-01  -2.0342799e-02
  -6.4173404e-01   3.1593989e-01   4.6102383e-01  -7.6850154e-02   4.6000116e-01  -2.5191161e-02   6.4925486e-01   1.0172327e-01   6.4078559e-01   1.3283439e-01   4.7626101e-01   1.4532759e-01   5.8047981e-01   6.7256601e-02   6.1062709e-01   3.6392725e-01   6.0866591e-01   2.4734151e-02
  -5.1348016e-01   4.0340708e-01   4.5263671e-01  -1.0116853e-02   4.6299174e-01   4.9899499e-02   6.6499218e-01   1.1399255e-01   6.6291163e-01   1.2280220e-01   5.1021745e-01   2.2978950e-01   5.9852360e-01   1.1604782e-01   6.8913991e-01   2.6202070e-01   6.1461956e-01   4.2720035e-02
  -3.7828534e-01   3.5736233e-01   4.5528809e-01   3.2336522e-02   4.7744248e-01   9.0509838e-02   6.7877648e-01   7.5660575e-02   6.8000323e-01   7.4423749e-02   5.5259665e-01   2.4157909e-01   6.2166617e-01   1.2173255e-01   7.3525362e-01   1.0655806e-01   6.2104256e-01   3.0921190e-02
  -2.7860233e-01   2.0611727e-01   4.6428845e-01   5.3997092e-02   4.9674589e-01   1.0050080e-01   6.8469198e-01   6.0449860e-03   6.8660052e-01   1.4748507e-03   5.9135802e-01   1.9212922e-01   6.4248607e-01   9.4174440e-02   7.4040212e-01  -6.3660088e-02   6.2356426e-01  -2.6413330e-03
  -2.4124029e-01   7.7047173e-03   4.7629963e-01   6.3807556e-02   5.1590265e-01   9.1213288e-02   6.8036680e-01  -6.5676353e-02   6.8030687e-01  -7.4836580e-02   6.1793892e-01   1.0769764e-01   6.5636084e-01   5.1647168e-02   7.0600867e-01  -2.0831214e-01   6.1980881e-01  -4.2826432e-02
  -2.7090817e-01  -1.7051432e-01   4.8995168e-01   7.1846861e-02   5.3246186e-01   7.6550567e-02   6.6756316e-01  -1.1088294e-01   6.6243395e-01  -1.3253504e-01   6.2895598e-01   2.0001273e-02   6.6235190e-01   1.3998573e-02   6.4262408e-01  -2.9479233e-01   6.1006452e-01  -7.2985841e-02
  -3.5048765e-01  -2.7421456e-01   5.0568579e-01   8.5125756e-02   5.4656672e-01   6.7765662e-02   6.5142617e-01  -1.1171820e-01   6.3758327e-01  -1.5590349e-01   6.2634637e-01  -4.4166380e-02   6.6288772e-01  -4.4159367e-03   5.6703653e-01  -3.0625923e-01   5.9708289e-01  -8.0925052e-02
  -4.4885210e-01  -2.7777844e-01   5.2479719e-01   1.0496285e-01   5.5998969e-01   6.9850569e-02   6.3845955e-01  -6.6809971e-02   6.1212146e-01  -1.3996410e-01   6.1571323e-01  -7.0331854e-02   6.6219970e-01   8.8674324e-04   4.9781178e-01  -2.4510548e-01   5.8494967e-01  -6.2802715e-02
  -5.3190907e-01  -1.8960951e-01   5.4820593e-01   1.2642240e-01   5.7474886e-01   8.0321847e-02   6.3416909e-01   8.6857463e-03   5.9225883e-01  -9.1384955e-02   6.0388233e-01  -5.9053944e-02   6.6434748e-01   2.3815492e-02   4.5066168e-01  -1.3144417e-01   5.7761238e-01  -2.4025137e-02
  -5.7353885e-01  -4.5935771e-02   5.7534689e-01   1.4012218e-01   5.9175368e-01   9.0831943e-02   6.4110145e-01   8.8730255e-02   5.8228981e-01  -2.5642030e-02   5.9642673e-01  -2.3435769e-02   6.7147385e-01   5.0855608e-02   4.3480173e-01   3.2149598e-03   5.7752239e-01   2.3079068e-02
  -5.6304615e-01   1.0315388e-01   6.0359359e-01   1.3578934e-01   6.0997007e-01   9.0854222e-02   6.5789756e-01   1.4530397e-01   5.8350500e-01   3.8135792e-02   5.9593699e-01   1.6882030e-02   6.8287534e-01   6.6546872e-02   4.5116059e-01   1.2479472e-01   5.8482572e-01   6.3631798e-02
  -5.0706836e-01   2.1042809e-01   6.2851041e-01   1.0649533e-01   6.2643577e-01   7.2182299e-02   6.7968466e-01   1.5766366e-01   5.9406825e-01   8.2948970e-02   6.0151478e-01   4.3068039e-02   6.9520603e-01   5.9370681e-02   4.9287141e-01   2.0542142e-01   5.9735426e-01   8.5132167e-02
  -4.2599408e-01   2.4509723e-01   6.4489524e-01   5.1907760e-02   6.3710718e-01   3.2448450e-02   6.9960470e-01   1.1878252e-01   6.0979781e-01   9.8452433e-02   6.0950015e-01   4.3145618e-02   7.0366848e-01   2.5895697e-02   5.4765225e-01   2.2960241e-01   6.1135919e-01   8.1206682e-02
  -3.4676938e-01   2.0076067e-01   6.4827194e-01  -2.0456950e-02   6.3819745e-01  -2.3331162e-02   7.1094158e-01   3.7713383e-02   6.2552078e-01   8.3431434e-02   6.1501345e-01   1.5503163e-02   7.0372530e-01  -2.7701136e-02   6.0125186e-01   1.9697376e-01   6.2268910e-01   5.3430994e-02
  -2.9419134e-01   9.5674608e-02   6.3637238e-01  -9.6673842e-02   6.2757135e-01  -8.3823641e-02   7.0924094e-01  -6.3038670e-02   6.3662862e-01   4.5545265e-02   6.1382673e-01  -3.1094573e-02   6.9280346e-01  -8.7335371e-02   6.4109479e-01   1.2102241e-01   6.2807236e-01   1.0659157e-02
  -2.8350755e-01  -3.4264264e-02   6.1008583e-01  -1.6002754e-01   6.0569540e-01  -1.3458756e-01   6.9374792e-01  -1.5420847e-01   6.4035414e-01  -1.4467431e-03   6.0392072e-01  -8.0748967e-02   6.7140568e-01  -1.3531465e-01   6.5915445e-01   2.4526567e-02   6.2609186e-01  -3.3818197e-02
  -3.1605073e-01  -1.4813875e-01   5.7358472e-01  -1.9582767e-01   5.7586314e-01  -1.6252516e-01   6.6778884e-01  -2.0895763e-01   6.3648148e-01  -4.2334592e-02   5.8633443e-01  -1.1607867e-01   6.4330256e-01  -1.5616570e-01   6.5355592e-01  -6.7217894e-02   6.1761378e-01  -6.6601735e-02
  -3.8020013e-01  -2.1271092e-01   5.3343447e-01  -1.9533386e-01   5.4347830e-01  -1.5963310e-01   6.3777054e-01  -2.1055708e-01   6.2712221e-01  -6.4980376e-02   5.6482686e-01  -1.2381459e-01   6.1456206e-01  -1.4137172e-01   6.2822585e-01  -1.3273675e-01   6.0540843e-01  -7.8123128e-02
  -4.5554562e-01  -2.1196870e-01   4.9716120e-01  -1.5811433e-01   5.1482728e-01  -1.2533074e-01   6.1144945e-01  -1.5715047e-01   6.1593987e-01  -6.3651754e-02   5.4482169e-01  -9.8921662e-02   5.9198310e-01  -9.2106822e-02   5.9141280e-01  -1.5923754e-01   5.9331523e-01  -6.5348100e-02
  -5.1972571e-01  -1.5061201e-01   4.7151213e-01  -9.2093139e-02   4.9554198e-01  -6.6635437e-02   5.9575845e-01  -6.1947971e-02   6.0692638e-01  -4.0158158e-02   5.3177749e-01  -4.5997767e-02   5.8121875e-01  -1.8963837e-02   5.5319332e-01  -1.4477394e-01   5.8507715e-01  -3.2379132e-02
  -5.5521703e-01  -5.0669758e-02   4.6095142e-01  -1.1384306e-02   4.8925651e-01   3.7819967e-03   5.9494580e-01   5.0981657e-02   6.0320052e-01  -2.6065901e-03   5.2959506e-01   2.2378024e-02   5.8524574e-01   6.1109005e-02   5.2283105e-01  -9.7405581e-02   5.8326932e-01   1.1124749e-02
  -5.5394213e-01   5.6394331e-02   4.6676453e-01   6.7141263e-02   4.9681035e-01   7.0779128e-02   6.0953033e-01   1.5336648e-01   6.0618448e-01   3.7367815e-02   5.3954359e-01   8.9310191e-02   6.0359511e-01   1.2930467e-01   5.0669619e-01  -3.2175840e-02   5.8863045e-01   5.2860365e-02
  -5.1896937e-01   1.3973244e-01   4.8686923e-01   1.2783658e-01   5.1609652e-01   1.2046390e-01   6.3620234e-01   2.2028789e-01   6.1527386e-01   6.8111628e-02   5.5987271e-01   1.3828803e-01   6.3243558e-01   1.6986403e-01   5.0700686e-01   3.3276944e-02   5.9989074e-01   8.1386664e-02
  -4.6257039e-01   1.7788906e-01   5.1645364e-01   1.5968715e-01   5.4266593e-01   1.4337146e-01   6.6878773e-01   2.3632781e-01   6.2813543e-01   8.1115120e-02   5.8630385e-01   1.5748496e-01   6.6556967e-01   1.7389053e-01   5.2179994e-01   8.3214912e-02   6.1419434e-01   8.9129172e-02
  -4.0198601e-01   1.6403311e-01   5.4914530e-01   1.5847543e-01   5.7081119e-01   1.3642999e-01   6.9983996e-01   1.9901666e-01   6.4142377e-01   7.3079588e-02   6.1311983e-01   1.4261509e-01   6.9593696e-01   1.4131587e-01   5.4585553e-01   1.0732769e-01   6.2789465e-01   7.4191683e-02
  -3.5418980e-01   1.0682968e-01   5.7844658e-01   1.2736573e-01   5.9487763e-01   1.0339618e-01   7.2247520e-01   1.1904966e-01   6.5171617e-01   4.6552652e-02   6.3457150e-01   9.7841863e-02   7.1727644e-01   8.0727865e-02   5.7227681e-01   1.0271220e-01   6.3751656e-01   4.0677484e-02
  -3.3080187e-01   2.6595298e-02   5.9920123e-01   7.5672519e-02   6.1057613e-01   5.3547691e-02   7.3211112e-01   1.6949086e-02   6.5648081e-01   8.8952348e-03   6.4634075e-01   3.4385361e-02   7.2564613e-01   6.8828863e-03   5.9443498e-01   7.3880430e-02   6.4069983e-01  -2.6634030e-03
  -3.3557702e-01  -5.1869446e-02   6.0849092e-01   1.6136532e-02   6.1574355e-01  -9.9865258e-04   7.2733488e-01  -8.2779970e-02   6.5463999e-01  -3.0119340e-02   6.4641841e-01  -3.2811757e-02   7.2011835e-01  -6.3307331e-02   6.0747773e-01   3.0653395e-02   6.3669782e-01  -4.5044706e-02
  -3.6393429e-01  -1.0683075e-01   6.0607008e-01  -3.8254695e-02   6.1066035e-01  -4.8339251e-02   7.1009876e-01  -1.5796561e-01   6.4678729e-01  -6.1053365e-02   6.3547981e-01  -8.8974103e-02   7.0285870e-01  -1.1501495e-01   6.0934806e-01  -1.4793299e-02   6.2651798e-01  -7.6522629e-02
  -4.0526530e-01  -1.2579729e-01   5.9407687e-01  -7.7308522e-02   5.9769706e-01  -7.9604911e-02   6.8495956e-01  -1.9416957e-01   6.3489365e-01  -7.7315463e-02   6.1649836e-01  -1.2316428e-01   6.7834629e-01  -1.3899019e-01   6.0092901e-01  -5.1327271e-02   6.1254761e-01  -9.0522920e-02
  -4.4665307e-01  -1.0789736e-01   5.7625285e-01  -9.5467356e-02   5.8052953e-01  -9.0556886e-02   6.5778013e-01  -1.8726407e-01   6.2169556e-01  -7.6473485e-02   5.9385693e-01  -1.3037559e-01   6.5214182e-01  -1.3309775e-01   5.8543376e-01  -7.1366487e-02   5.9787808e-01  -8.5092431e-02
  -4.7672030e-01  -6.2876563e-02   5.5695044e-01  -9.2393135e-02   5.6318954e-01  -8.1950000e-02   6.3429326e-01  -1.4335240e-01   6.0998304e-01  -6.0396935e-02   5.7226692e-01  -1.1202314e-01   6.2956572e-01  -1.0206071e-01   5.6737145e-01  -7.2226676e-02   5.8554464e-01  -6.2930761e-02
