   7.6499667e-02   1.0070243e-01   1.1672635e-01   7.5885933e-01   7.7623696e-02   4.3224115e-01   7.8966008e-04   1.7633492e-01   9.0746112e-02   4.5453605e-01   1.4299257e-01   8.3450817e-01   1.0820648e-01   7.4488430e-02   1.6451424e-01   1.4080861e-01   6.3234824e-02   3.7969236e-01
  -2.5594133e-03  -5.8766041e-01   2.9530422e-01   9.6324317e-01   1.9187060e-01   7.7229727e-01   6.5422495e-02   5.2170736e-01   1.8612916e-01   7.4644410e-01   3.1164519e-01   9.9732395e-01   1.5148642e-01   4.2322968e-01   2.4116881e-01   6.2062243e-01   1.5637283e-01   7.1021919e-01
  -2.4855394e-01  -9.7027286e-01   4.9844528e-01   1.0000000e+00   3.5613471e-01   9.6500589e-01   1.8645613e-01   7.8978793e-01   3.1844107e-01   9.2697981e-01   4.9467599e-01   1.0000000e+00   2.5090191e-01   7.1992224e-01   3.9518220e-01   9.2107739e-01   2.9489539e-01   9.1827384e-01
  -5.4884121e-01  -9.4144372e-01   6.9327139e-01   8.8699649e-01   5.4153967e-01   1.0000000e+00   3.4734794e-01   9.5497041e-01   4.7051133e-01   1.0000000e+00   6.6702766e-01   8.8716630e-01   3.9393069e-01   9.2353820e-01   5.8646426e-01   1.0000000e+00   4.5770479e-01   1.0000000e+00
  -7.8339136e-01  -5.5949778e-01   8.5291792e-01   6.6235825e-01   7.1981920e-01   8.9262285e-01   5.2760433e-01   1.0000000e+00   6.2597248e-01   9.7139200e-01   8.1176127e-01   7.0146843e-01   5.6146281e-01   1.0000000e+00   7.7224371e-01   8.7118376e-01   6.2415383e-01   9.6376384e-01
  -8.7022934e-01  -1.7189571e-03   9.5881056e-01   3.6643103e-01   8.6698572e-01   6.7093120e-01   7.0452404e-01   9.1818892e-01   7.6946542e-01   8.4835329e-01   9.1871819e-01   4.7422623e-01   7.2972399e-01   9.3044373e-01   9.1666803e-01   5.8725201e-01   7.7564678e-01   8.2466848e-01
  -7.8711528e-01   5.3077939e-01   1.0000000e+00   3.3717981e-02   9.6457909e-01   3.6549302e-01   8.5524391e-01   7.1469305e-01   8.8700041e-01   6.4173496e-01   9.8231607e-01   2.2558904e-01   8.7339861e-01   7.1623632e-01   9.9598268e-01   2.1601433e-01   8.9640510e-01   6.0100588e-01
  -5.6781443e-01   8.7267144e-01   9.7233617e-01  -3.0225047e-01   1.0000000e+00   9.5587486e-03   9.5901773e-01   4.0797566e-01   9.6671749e-01   3.6814883e-01   1.0000000e+00  -3.0607729e-02   9.6924447e-01   3.8042593e-01   1.0000000e+00  -1.7152341e-01   9.7396782e-01   3.1423360e-01
  -2.8784560e-01   9.2065477e-01   8.7916601e-01  -6.0049437e-01   9.6764764e-01  -3.5378369e-01   1.0000000e+00   3.4283217e-02   1.0000000e+00   5.3372787e-02   9.7168502e-01  -2.7897402e-01   1.0000000e+00  -3.0208030e-02   9.3257966e-01  -5.0362221e-01   1.0000000e+00  -6.9491181e-03
  -4.1196076e-02   6.5768193e-01   7.3307589e-01  -8.1270262e-01   8.7119105e-01  -6.6878783e-01   9.7087294e-01  -3.4983217e-01   9.8325163e-01  -2.6427681e-01   9.0085113e-01  -4.9506059e-01   9.5852119e-01  -4.4619554e-01   8.1117735e-01  -7.1454436e-01   9.7192764e-01  -3.2266360e-01
   8.7804404e-02   1.6771897e-01   5.5624279e-01  -8.9586248e-01   7.2518548e-01  -8.7635435e-01   8.7598562e-01  -6.7413842e-01   9.1971223e-01  -5.3614418e-01   7.9624930e-01  -6.4574602e-01   8.5084875e-01  -7.8514949e-01   6.6425257e-01  -7.6036094e-01   8.9465651e-01  -5.8426314e-01
   5.3978030e-02  -3.8536718e-01   3.7764210e-01  -8.2925331e-01   5.5417073e-01  -9.3233096e-01   7.3258144e-01  -8.7222131e-01   8.2045404e-01  -7.1385795e-01   6.7278704e-01  -6.9876272e-01   6.9701318e-01  -9.7236035e-01   5.2532766e-01  -6.3556886e-01   7.8134767e-01  -7.4513018e-01
  -1.3385015e-01  -8.2019353e-01   2.2726731e-01  -6.2364849e-01   3.8816553e-01  -8.2326413e-01   5.6798884e-01  -9.0234505e-01   7.0305573e-01  -7.6461528e-01   5.5005632e-01  -6.3654788e-01   5.2744677e-01  -9.6421612e-01   4.2478355e-01  -3.7638243e-01   6.5175234e-01  -7.7522141e-01
  -4.1733534e-01  -1.0000000e+00   1.2984470e-01  -3.1908240e-01   2.5639467e-01  -5.7135067e-01   4.1383599e-01  -7.6066453e-01   5.8824727e-01  -6.8230471e-01   4.4876363e-01  -4.6540997e-01   3.7630916e-01  -7.6269382e-01   3.8268517e-01  -5.0045042e-02   5.2853394e-01  -6.7116386e-01
  -7.0941912e-01  -8.7681306e-01   9.9727070e-02   2.5403006e-02   1.8093758e-01  -2.2896823e-01   2.9869179e-01  -4.8339851e-01   4.9532731e-01  -4.9073605e-01   3.8607992e-01  -2.1734591e-01   2.7325284e-01  -4.1653899e-01   4.0445515e-01   2.6490163e-01   4.3240601e-01  -4.5888534e-01
  -9.2328412e-01  -5.0078655e-01   1.3859993e-01   3.4655628e-01   1.7244804e-01   1.3538758e-01   2.4171529e-01  -1.3601382e-01   4.3800710e-01  -2.3648535e-01   3.7164004e-01   5.7667524e-02   2.3657325e-01  -7.1009286e-03   4.8088543e-01   4.9948866e-01   3.7776985e-01  -1.8669433e-01
  -1.0000000e+00   3.4554571e-03   2.3594245e-01   5.9087634e-01   2.2852959e-01   4.5403097e-01   2.4869404e-01   2.0524664e-01   4.2171218e-01   2.4661555e-02   4.0530031e-01   3.0498291e-01   2.6922329e-01   3.7465296e-01   5.9140633e-01   6.0901099e-01   3.6983960e-01   8.7865630e-02
  -9.2346896e-01   4.8551032e-01   3.7207680e-01   7.2217854e-01   3.3538137e-01   6.7302189e-01   3.1204071e-01   4.7178656e-01   4.4339735e-01   2.4152865e-01   4.7764121e-01   4.7800367e-01   3.5941643e-01   6.5044839e-01   7.0954665e-01   5.7690494e-01   4.0443088e-01   3.1180944e-01
  -7.2150526e-01   8.1134926e-01   5.2188173e-01   7.2390215e-01   4.7095504e-01   7.5884810e-01   4.1328348e-01   6.1461038e-01   4.9295926e-01   3.7623907e-01   5.7210921e-01   5.4568987e-01   4.8401997e-01   7.6875486e-01   8.0822364e-01   4.1404479e-01   4.6951546e-01   4.4604431e-01
  -4.5584021e-01   8.9780117e-01   6.5906716e-01   6.0144114e-01   6.0926573e-01   7.0350412e-01   5.2749822e-01   6.1349140e-01   5.5584235e-01   4.1092600e-01   6.6839755e-01   4.9873578e-01   6.1404226e-01   7.1436518e-01   8.6520900e-01   1.5865737e-01   5.4817385e-01   4.7260901e-01
  -2.0251178e-01   7.3338623e-01   7.6084945e-01   3.8300643e-01   7.2548803e-01   5.2668751e-01   6.2916688e-01   4.8140219e-01   6.1659188e-01   3.5152775e-01   7.4685909e-01   3.5322307e-01   7.2136002e-01   5.1131874e-01   8.6816857e-01  -1.2806753e-01   6.2259230e-01   3.9832407e-01
  -3.0427492e-02   3.7971785e-01   8.1206356e-01   1.1564382e-01   8.0064215e-01   2.7234543e-01   6.9778535e-01   2.6145407e-01   6.6235561e-01   2.2633079e-01   7.9277502e-01   1.4833996e-01   7.8478284e-01   2.1725562e-01   8.1782434e-01  -3.7450860e-01   6.7794723e-01   2.5282973e-01
   2.0037387e-02  -4.8356242e-02   8.0844220e-01  -1.4561776e-01   8.2565699e-01  -2.2094365e-03   7.2290270e-01   1.4805416e-02   6.8613486e-01   7.7550128e-02   8.0013405e-01  -6.3878853e-02   7.9521894e-01  -9.2022175e-02   7.2847491e-01  -5.1963453e-01   7.0594321e-01   7.9915090e-02
  -5.4332586e-02  -4.2354725e-01   7.5643180e-01  -3.5141278e-01   8.0205055e-01  -2.4126742e-01   7.0531376e-01  -1.9736978e-01   6.8763087e-01  -5.2112431e-02   7.7220909e-01  -2.3384991e-01   7.5644869e-01  -3.4372702e-01   6.2363083e-01  -5.3068384e-01   7.0577208e-01  -7.5760816e-02
  -2.2103690e-01  -6.4440273e-01   6.7105074e-01  -4.6890827e-01   7.4059281e-01  -4.0339283e-01   6.5579418e-01  -3.2956753e-01   6.7249063e-01  -1.3139600e-01   7.2005715e-01  -3.2741597e-01   6.8323607e-01  -4.8612017e-01   5.2970427e-01  -4.1147966e-01   6.8339322e-01  -1.8028029e-01
  -4.2461675e-01  -6.6394266e-01   5.7176878e-01  -4.8769669e-01   6.5776573e-01  -4.6939183e-01   5.9114504e-01  -3.6216418e-01   6.4981061e-01  -1.4810722e-01   6.5887412e-01  -3.3363988e-01   5.9655053e-01  -4.9976555e-01   4.6895246e-01  -1.9921783e-01   6.4898087e-01  -2.1805336e-01
  -6.0482236e-01  -4.9865036e-01   4.7792379e-01  -4.1947615e-01   5.7145256e-01  -4.4361024e-01   5.2923959e-01  -3.0327586e-01   6.2903602e-01  -1.1005529e-01   6.0370866e-01  -2.6508535e-01   5.1782576e-01  -3.9892855e-01   4.5414078e-01   4.7774411e-02   6.1368372e-01  -1.9323737e-01
  -7.1520136e-01  -2.1733371e-01   4.0458293e-01  -2.9208456e-01   4.9679917e-01  -3.4888730e-01   4.8424811e-01  -1.8273350e-01   6.1707167e-01  -3.9799075e-02   5.6557489e-01  -1.5115942e-01   4.6352425e-01  -2.2380904e-01   4.8582419e-01   2.6739569e-01   5.8649833e-01  -1.2542271e-01
  -7.3430756e-01   8.6950802e-02   3.6037365e-01  -1.3996844e-01   4.4378115e-01  -2.1700733e-01   4.6388684e-01  -4.0313738e-02   6.1680258e-01   3.4695789e-02   5.4954417e-01  -2.7063895e-02   4.4207987e-01  -2.6149343e-02   5.5352834e-01   4.0962104e-01   5.7247356e-01  -4.1217566e-02
  -6.6918268e-01   3.2524277e-01   3.4690581e-01   4.2765257e-03   4.1627275e-01  -7.9941152e-02   4.6851351e-01   8.5385716e-02   6.2683521e-01   8.8415889e-02   5.5447884e-01   7.5845450e-02   4.5296504e-01   1.4451187e-01   6.3896018e-01   4.4669040e-01   5.7212516e-01   3.3609101e-02
  -5.4987749e-01   4.3784932e-01   3.5991425e-01   1.1636930e-01   4.1274346e-01   3.7094988e-02   4.9230247e-01   1.6633282e-01   6.4255488e-01   1.0586385e-01   5.7450266e-01   1.3730864e-01   4.8820320e-01   2.5256715e-01   7.2103811e-01   3.7713418e-01   5.8219434e-01   8.0661962e-02
  -4.1822513e-01   4.0732557e-01   3.9132396e-01   1.8339435e-01   4.2789929e-01   1.1905347e-01   5.2570394e-01   1.8999665e-01   6.5788888e-01   8.3980058e-02   6.0134056e-01   1.5116547e-01   5.3539366e-01   2.8255244e-01   7.8081694e-01   2.2374837e-01   5.9721688e-01   9.2219532e-02
  -3.1475646e-01   2.6016815e-01   4.3163050e-01   2.0448563e-01   4.5466167e-01   1.6208059e-01   5.5838243e-01   1.6060413e-01   6.6724995e-01   3.2122089e-02   6.2685072e-01   1.2513213e-01   5.8130370e-01   2.4063513e-01   8.0565203e-01   2.7608441e-02   6.1136919e-01   7.1902206e-02
  -2.6635817e-01   5.5445510e-02   4.7227456e-01   1.8884066e-01   4.8620383e-01   1.7192223e-01   5.8214467e-01   9.5997834e-02   6.6731194e-01  -3.1508077e-02   6.4532047e-01   7.6818048e-02   6.1542726e-01   1.5051953e-01   7.9200509e-01  -1.6217325e-01   6.2026953e-01   3.2226429e-02
  -2.7989025e-01  -1.3714650e-01   5.0721903e-01   1.5128198e-01   5.1734570e-01   1.5985332e-01   5.9274958e-01   2.0521312e-02   6.5785521e-01  -8.6352594e-02   6.5458587e-01   2.6791956e-02   6.3219087e-01   4.4382092e-02   7.4565616e-01  -3.0074839e-01   6.2201940e-01  -1.0555614e-02
  -3.4232891e-01  -2.5942460e-01   5.3360054e-01   1.0732023e-01   5.4516397e-01   1.3812528e-01   5.9039168e-01  -4.2730897e-02   6.4162525e-01  -1.1602427e-01   6.5595279e-01  -8.2045336e-03   6.3156846e-01  -4.6993846e-02   6.7983320e-01  -3.5827653e-01   6.1737579e-01  -4.1889025e-02
  -4.2698927e-01  -2.8166989e-01   5.5140235e-01   6.8669718e-02   5.6877876e-01   1.1580673e-01   5.7884927e-01  -7.8501329e-02   6.2327185e-01  -1.1317643e-01   6.5302066e-01  -2.0212632e-02   6.1809164e-01  -1.0262150e-01   6.1153078e-01  -3.2679221e-01   6.0907817e-01  -5.3318100e-02
  -5.0342664e-01  -2.0875166e-01   5.6236782e-01   4.0635826e-02   5.8849992e-01   9.6405086e-02   5.6368887e-01  -8.2650821e-02   6.0776229e-01  -8.1020010e-02   6.4989716e-01  -1.1472110e-02   5.9871518e-01  -1.1563018e-01   5.5704510e-01  -2.2092865e-01   6.0062068e-01  -4.4369659e-02
  -5.4732855e-01  -7.4516960e-02   5.6864462e-01   2.2078892e-02   6.0476125e-01   7.7962967e-02   5.5024382e-01  -6.1464714e-02   5.9884955e-01  -3.1298872e-02   6.4951029e-01   7.8568557e-03   5.8037019e-01  -9.2712227e-02   5.2801114e-01  -7.2489719e-02   5.9495932e-01  -2.1553743e-02
  -5.4737453e-01   7.1947647e-02   5.7166480e-01   7.6576112e-03   6.1728738e-01   5.5360509e-02   5.4201837e-01  -2.7882229e-02   5.9805882e-01   2.0114942e-02   6.5257309e-01   2.4398517e-02   5.6796077e-01  -4.9749998e-02   5.2892440e-01   7.9044878e-02   5.9357777e-01   4.7543530e-03
  -5.0734468e-01   1.8279204e-01   5.7163186e-01  -8.7315819e-03   6.2482171e-01   2.3776613e-02   5.3994071e-01   3.6759786e-03   6.0444608e-01   5.8338444e-02   6.5748775e-01   2.6837631e-02   5.6331318e-01  -5.5393717e-03   5.5668600e-01   1.9706508e-01   5.9616923e-01   2.4253973e-02
  -4.4349009e-01   2.2552599e-01   5.6770672e-01  -3.0767588e-02   6.2549237e-01  -1.8152042e-02   5.4254752e-01   2.2090696e-02   6.1510634e-01   7.3751343e-02   6.6111856e-01   1.0020669e-02   5.6521512e-01   2.4291399e-02   6.0206566e-01   2.5657505e-01   6.0095207e-01   3.0145063e-02
  -3.7842395e-01   1.9149429e-01   5.5871751e-01  -5.7880142e-02   6.1763985e-01  -6.6675544e-02   5.4690344e-01   2.2684590e-02   6.2621460e-01   6.4425197e-02   6.6011287e-01  -2.3213024e-02   5.7036634e-01   3.1622141e-02   6.5253490e-01   2.4928192e-01   6.0544921e-01   2.1127508e-02
  -3.3353004e-01   9.6693478e-02   5.4405641e-01  -8.5319261e-02   6.0076241e-01  -1.1342111e-01   5.4988950e-01   7.9708102e-03   6.3426832e-01   3.6132326e-02   6.5231157e-01  -6.2989308e-02   5.7485639e-01   1.7410020e-02   6.9566552e-01   1.8403749e-01   6.0744987e-01   1.4628878e-03
  -3.2252247e-01  -2.5035323e-02   5.2435764e-01  -1.0589739e-01   5.7615564e-01  -1.4779147e-01   5.4936539e-01  -1.4031553e-02   6.3710856e-01   1.7841518e-05   6.3771360e-01  -9.5777933e-02   5.7560833e-01  -9.7772688e-03   7.2208208e-01   8.2851957e-02   6.0579327e-01  -2.0818588e-02
  -3.4741592e-01  -1.3382834e-01   5.0177610e-01  -1.1258466e-01   5.4706250e-01  -1.6032941e-01   5.4494640e-01  -3.3076077e-02   6.3452668e-01  -3.1225018e-02   6.1878820e-01  -1.0906617e-01   5.7146147e-01  -3.7384172e-02   7.2752512e-01  -2.5965542e-02   6.0080715e-01  -3.6848382e-02
  -3.9901391e-01  -1.9691392e-01   4.7964733e-01  -1.0107169e-01   5.1811342e-01  -1.4585570e-01   5.3800774e-01  -4.0525551e-02   6.2813035e-01  -4.7465729e-02   5.9981894e-01  -9.5674049e-02   5.6340074e-01  -5.3588959e-02   7.1319527e-01  -1.1566118e-01   5.9414317e-01  -4.0024708e-02
  -4.6049889e-01  -1.9792370e-01   4.6176709e-01  -7.1326672e-02   4.9435716e-01  -1.0523226e-01   5.3113007e-01  -3.2148803e-02   6.2071514e-01  -4.3986082e-02   5.8571111e-01  -5.6143598e-02   5.5410012e-01  -5.1081804e-02   6.8484260e-01  -1.6724593e-01   5.8821765e-01  -2.8080917e-02
  -5.1309991e-01  -1.4048820e-01   4.5146658e-01  -2.7896955e-02   4.8010373e-01  -4.5434053e-02   5.2716098e-01  -9.3158173e-03   6.1531414e-01  -2.2496800e-02   5.8056096e-01   1.2901081e-03   5.4694138e-01  -2.9124685e-02   6.5085115e-01  -1.7309921e-01   5.8541135e-01  -3.7021643e-03
  -5.4186510e-01  -4.5549848e-02   4.5076039e-01   2.1061432e-02   4.7790957e-01   2.1994436e-02   5.2823086e-01   2.1634495e-02   6.1424677e-01   9.7930790e-03   5.8644041e-01   6.2976435e-02   5.4487154e-01   6.5532181e-03   6.1994343e-01  -1.3743403e-01   5.8729799e-01   2.6380830e-02
  -5.3997812e-01   5.6641576e-02   4.5977894e-01   6.5823218e-02   4.8794639e-01   8.3757041e-02   5.3499910e-01   5.1627617e-02   6.1841296e-01   4.2724025e-02   6.0272243e-01   1.1377841e-01   5.4941033e-01   4.5890374e-02   5.9899551e-01  -7.3762981e-02   5.9411006e-01   5.3557002e-02
  -5.0985101e-01   1.3603203e-01   4.7672571e-01   9.7392282e-02   5.0800562e-01   1.2780374e-01   5.4645800e-01   7.1641419e-02   6.2711426e-01   6.6198553e-02   6.2623337e-01   1.4100531e-01   5.6022678e-01   7.7620920e-02   5.9174358e-01  -6.0269575e-04   6.0466949e-01   6.9802963e-02
  -4.6193513e-01   1.7171542e-01   4.9821827e-01   1.0972232e-01   5.3395436e-01   1.4614040e-01   5.6014964e-01   7.5441344e-02   6.3825161e-01   7.3084384e-02   6.5196803e-01   1.3784065e-01   5.7516209e-01   9.2601346e-02   5.9816955e-01   6.3500963e-02   6.1665159e-01   7.0011166e-02
  -4.1084730e-01   1.5711796e-01   5.2007813e-01   1.0108152e-01   5.6070024e-01   1.3647364e-01   5.7288775e-01   6.1308148e-02   6.4898188e-01   6.1032954e-02   6.7437083e-01   1.0494363e-01   5.9087094e-01   8.6315211e-02   6.1502727e-01   1.0439793e-01   6.2723219e-01   5.3342540e-02
  -3.7087977e-01   1.0068226e-01   5.3824919e-01   7.4350589e-02   5.8328929e-01   1.0250885e-01   5.8162494e-01   3.2423717e-02   6.5650774e-01   3.2924688e-02   6.8867509e-01   5.0163099e-02   6.0371972e-01   5.9960243e-02   6.3698946e-01   1.1520506e-01   6.3382577e-01   2.3402707e-02
  -3.5203349e-01   2.2251576e-02   5.4964570e-01   3.6197017e-02   5.9790928e-01   5.2848617e-02   5.8424943e-01  -4.1186953e-03   6.5881238e-01  -4.1042537e-03   6.9200396e-01  -1.3548001e-02   6.1071828e-01   1.9937479e-02   6.5813733e-01   9.7134406e-02   6.3474054e-01  -1.2767095e-02
  -3.5717796e-01  -5.3982509e-02   5.5283188e-01  -4.7376672e-03   6.0269268e-01  -1.3335769e-03   5.8019129e-01  -3.9475331e-02   6.5523506e-01  -4.0862251e-02   6.8409736e-01  -7.1710286e-02   6.1034717e-01  -2.4113726e-02   6.7357710e-01   5.8317565e-02   6.2965994e-01  -4.6710290e-02
  -3.8236969e-01  -1.0680233e-01   5.4810658e-01  -3.9947441e-02   5.9782552e-01  -4.8960265e-02   5.7041926e-01  -6.5482439e-02   6.4650317e-01  -6.8632544e-02   6.6711847e-01  -1.1185602e-01   6.0277440e-01  -6.2037396e-02   6.8035049e-01   1.0746798e-02   6.1961138e-01  -7.0752587e-02
  -4.1834603e-01  -1.2419992e-01   5.3735019e-01  -6.3074775e-02   5.8538625e-01  -8.1598025e-02   5.5719034e-01  -7.6844955e-02   6.3454451e-01  -8.1499502e-02   6.4510510e-01  -1.2664554e-01   5.8980661e-01  -8.5820743e-02   6.7801108e-01  -3.3138715e-02   6.0672789e-01  -7.9994376e-02
  -4.5401294e-01  -1.0557075e-01   5.2339737e-01  -7.1054635e-02   5.6863440e-01  -9.4911598e-02   5.4336104e-01  -7.2157774e-02   6.2189243e-01  -7.7517186e-02   6.2283288e-01  -1.1505613e-01   5.7429166e-01  -9.1309198e-02   6.6828884e-01  -6.3563903e-02   5.9364541e-01  -7.3233651e-02
  -4.7968614e-01  -6.0646038e-02   5.0934842e-01  -6.4395738e-02   5.5122493e-01  -8.9057300e-02   5.3169234e-01  -5.3867323e-02   6.1106865e-01  -5.8794393e-02   6.0471692e-01  -8.2042348e-02   5.5941874e-01  -7.8780383e-02   6.5440663e-01  -7.5303950e-02   5.8289324e-01  -5.2940162e-02
