   1.5251753e-01   3.7540790e-01   3.8663212e-02   4.7634850e-01   8.8942103e-03   3.4331267e-01   3.2801111e-02   3.3462558e-01   1.0649030e-01   6.1072192e-01   4.1543368e-02   3.4711579e-01   1.2701432e-01   7.6956824e-01   2.1222790e-03   1.7245207e-01   7.0867032e-03   4.2320060e-01
   1.5253804e-01  -3.5748146e-01   1.7324334e-01   8.2708647e-01   1.1828245e-01   7.2533357e-01   1.1694234e-01   6.4887006e-01   2.2468244e-01   8.6634309e-01   1.3382198e-01   6.8508015e-01   2.8271297e-01   9.6862691e-01   1.0183925e-01   6.5285100e-01   1.1223487e-01   7.4875745e-01
  -7.2573740e-02  -8.6895335e-01   3.6119235e-01   1.0000000e+00   2.8874234e-01   9.4812617e-01   2.4588342e-01   8.6503333e-01   3.7257068e-01   9.8995840e-01   2.7531030e-01   9.0509161e-01   4.5811184e-01   1.0000000e+00   2.9317568e-01   9.4206754e-01   2.6298008e-01   9.3982080e-01
  -4.1329270e-01  -1.0000000e+00   5.6551337e-01   9.9191606e-01   4.8659240e-01   1.0000000e+00   4.0255797e-01   9.7788494e-01   5.3070432e-01   1.0000000e+00   4.4447265e-01   1.0000000e+00   6.2761913e-01   9.1028653e-01   5.2535061e-01   1.0000000e+00   4.3566962e-01   1.0000000e+00
  -7.3012121e-01  -7.4692197e-01   7.5242982e-01   8.3535919e-01   6.7928012e-01   9.0214617e-01   5.6951438e-01   9.8724623e-01   6.8284801e-01   9.1708976e-01   6.1949079e-01   9.7285973e-01   7.7427488e-01   7.4742269e-01   7.4567270e-01   8.4931395e-01   6.0868832e-01   9.4722359e-01
  -9.0987853e-01  -2.5142912e-01   8.9663986e-01   5.7736122e-01   8.4048064e-01   6.9201729e-01   7.2940279e-01   8.9408344e-01   8.1572301e-01   7.5781093e-01   7.7965315e-01   8.3272124e-01   8.8844107e-01   5.4511641e-01   9.1229516e-01   5.5416482e-01   7.6411956e-01   8.0396270e-01
  -9.0142522e-01   2.9328109e-01   9.8200916e-01   2.5972999e-01   9.5142241e-01   4.0576287e-01   8.6506753e-01   7.0031390e-01   9.1836386e-01   5.3561392e-01   9.0624119e-01   5.9339585e-01   9.6481679e-01   3.1982675e-01   1.0000000e+00   1.8763843e-01   8.8784131e-01   5.9038577e-01
  -7.1805492e-01   7.1682304e-01   1.0000000e+00  -8.3252392e-02   1.0000000e+00   7.4380728e-02   9.6004409e-01   4.1275471e-01   9.8192887e-01   2.6416921e-01   9.8348029e-01   2.7490299e-01   1.0000000e+00   7.7114304e-02   9.9992615e-01  -1.8363465e-01   9.6902884e-01   3.2384094e-01
  -4.2589358e-01   8.9740666e-01   9.4910436e-01  -4.1432100e-01   9.8048057e-01  -2.6759629e-01   1.0000000e+00   5.2365935e-02   1.0000000e+00  -3.7879704e-02   1.0000000e+00  -9.1328091e-02   9.9129335e-01  -1.7695862e-01   9.1833025e-01  -4.9780687e-01   1.0000000e+00   2.4336135e-02
  -1.2239535e-01   7.7819904e-01   8.3639383e-01  -6.8572367e-01   8.9517433e-01  -5.7383592e-01   9.7602198e-01  -3.3711196e-01   9.6990668e-01  -3.4123602e-01   9.5139427e-01  -4.5718151e-01   9.3809937e-01  -4.2391887e-01   7.7550639e-01  -6.9699902e-01   9.7738763e-01  -2.7855902e-01
   9.0034044e-02   3.9492797e-01   6.7921190e-01  -8.4593944e-01   7.5666792e-01  -7.8960244e-01   8.8853734e-01  -6.8876408e-01   8.9460445e-01  -6.0353248e-01   8.4312778e-01  -7.5885344e-01   8.4454801e-01  -6.2830516e-01   6.0379895e-01  -7.3973678e-01   9.0408335e-01  -5.4322944e-01
   1.3931071e-01  -1.2238683e-01   5.0418016e-01  -8.5861291e-01   5.8805430e-01  -8.6875748e-01   7.5028854e-01  -9.2836690e-01   7.8437503e-01  -7.7703123e-01   6.9235330e-01  -9.3164197e-01   7.2200407e-01  -7.4639392e-01   4.4148865e-01  -6.1946113e-01   7.9093287e-01  -7.2374701e-01
   8.6324889e-03  -5.9989885e-01   3.4223934e-01  -7.1848919e-01   4.1914478e-01  -7.9214784e-01   5.8527024e-01  -1.0000000e+00   6.5635993e-01  -8.2487914e-01   5.2593326e-01  -9.3267553e-01   5.8889341e-01  -7.4447813e-01   3.2347744e-01  -3.7052201e-01   6.5611808e-01  -7.8494761e-01
  -2.5951736e-01  -8.8336703e-01   2.2194976e-01  -4.5397132e-01   2.8019200e-01  -5.7487756e-01   4.2394974e-01  -8.8497401e-01   5.3170088e-01  -7.3490613e-01   3.7508937e-01  -7.5701561e-01   4.6758627e-01  -6.1317961e-01   2.7274259e-01  -5.7909954e-02   5.2213029e-01  -7.1460372e-01
  -5.7965445e-01  -8.8881237e-01   1.6332135e-01  -1.1925629e-01   1.9522914e-01  -2.6253400e-01   2.9621225e-01  -6.0890433e-01   4.3103433e-01  -5.2590433e-01   2.6816557e-01  -4.4192936e-01   3.7942458e-01  -3.7377470e-01   2.9533195e-01   2.4258993e-01   4.1113417e-01  -5.2883699e-01
  -8.5281574e-01  -6.2673636e-01   1.7398817e-01   2.1981307e-01   1.7710918e-01   8.0919038e-02   2.2434760e-01  -2.3489836e-01   3.6983489e-01  -2.4360855e-01   2.2390212e-01  -5.7617281e-02   3.3957071e-01  -7.4197189e-02   3.8038185e-01   4.6568626e-01   3.4017883e-01  -2.6885145e-01
  -1.0000000e+00  -1.9220576e-01   2.4838808e-01   5.0196642e-01   2.2532565e-01   3.8988738e-01   2.1798249e-01   1.5520096e-01   3.5499468e-01   5.2659261e-02   2.4711518e-01   3.1302410e-01   3.5324924e-01   2.2444152e-01   5.0449511e-01   5.7165339e-01   3.1754688e-01   1.0518572e-02
  -9.8387199e-01   2.7770286e-01   3.7008654e-01   6.8118984e-01   3.2736426e-01   6.1065476e-01   2.7306653e-01   4.8233400e-01   3.8414268e-01   3.0579309e-01   3.2868832e-01   5.9567731e-01   4.1507456e-01   4.6383619e-01   6.3827751e-01   5.4810865e-01   3.4181126e-01   2.5492944e-01
  -8.1653742e-01   6.4734914e-01   5.1520790e-01   7.3108289e-01   4.6168871e-01   7.0843457e-01   3.7346848e-01   6.8525219e-01   4.4675817e-01   4.7164725e-01   4.4816348e-01   7.3840771e-01   5.1039394e-01   5.9921610e-01   7.5221327e-01   4.0625221e-01   4.0274931e-01   4.2104222e-01
  -5.5208065e-01   8.1849618e-01   6.5679649e-01   6.4749411e-01   6.0208992e-01   6.7137677e-01   4.9504465e-01   7.3098732e-01   5.2689606e-01   5.2608928e-01   5.7861802e-01   7.1988954e-01   6.1848596e-01   6.0718615e-01   8.2196725e-01   1.7808536e-01   4.8406968e-01   4.8398101e-01
  -2.6892302e-01   7.5238781e-01   7.6952851e-01   4.5099378e-01   7.2252744e-01   5.1326515e-01   6.1099128e-01   6.2141973e-01   6.0670481e-01   4.6940242e-01   6.9240665e-01   5.5342310e-01   7.1685742e-01   4.9154043e-01   8.3296754e-01  -8.5315669e-02   5.6709572e-01   4.4188753e-01
  -4.7395133e-02   4.8059883e-01   8.3458726e-01   1.8587974e-01   8.0216385e-01   2.7297127e-01   6.9776622e-01   3.9471431e-01   6.7031873e-01   3.2753444e-01   7.6710413e-01   2.8612288e-01   7.8615064e-01   2.8528816e-01   7.8414494e-01  -3.2092018e-01   6.3486848e-01   3.1699099e-01
   5.5483213e-02   9.5446331e-02   8.4398685e-01  -8.9668958e-02   8.3002788e-01   5.6992037e-03   7.4096181e-01   1.1547139e-01   7.0777517e-01   1.4541394e-01   7.9104698e-01  -1.2487708e-02   8.1511786e-01   4.2950511e-02   6.8920006e-01  -4.7084222e-01   6.7624407e-01   1.4945214e-01
   2.0454119e-02  -2.8371459e-01   8.0145448e-01  -3.1909116e-01   8.0646113e-01  -2.3179118e-01   7.3775238e-01  -1.4485260e-01   7.1667179e-01  -2.6992049e-02   7.6513751e-01  -2.7027914e-01   8.0266826e-01  -1.7590560e-01   5.7288428e-01  -4.9999461e-01   6.8771274e-01  -1.5171515e-02
  -1.3041853e-01  -5.4822972e-01   7.2082995e-01  -4.6126470e-01   7.4217463e-01  -3.9513151e-01   6.9656784e-01  -3.2757033e-01   7.0194752e-01  -1.4902974e-01   7.0177920e-01  -4.3181759e-01   7.5743584e-01  -3.2326863e-01   4.6441378e-01  -4.0642901e-01   6.7334813e-01  -1.3861583e-01
  -3.4375281e-01  -6.3263676e-01   6.2193233e-01  -4.9894175e-01   6.5467635e-01  -4.6177763e-01   6.3356624e-01  -4.0119283e-01   6.7347655e-01  -1.9983325e-01   6.2059454e-01  -4.7169154e-01   6.9453781e-01  -3.7478392e-01   3.8956555e-01  -2.2028705e-01   6.4258668e-01  -1.9929767e-01
  -5.5326386e-01  -5.3095524e-01   5.2551643e-01  -4.4024656e-01   5.6355418e-01  -4.3381363e-01   5.6752678e-01  -3.6665239e-01   6.4261936e-01  -1.8171397e-01   5.4274165e-01  -3.9817367e-01   6.3097195e-01  -3.3384819e-01   3.6430314e-01   6.5002262e-03   6.0692721e-01  -1.9574542e-01
  -7.0104060e-01  -2.9333166e-01   4.4845510e-01  -3.1332271e-01   4.8573396e-01  -3.3389517e-01   5.1453469e-01  -2.5267062e-01   6.1872344e-01  -1.1607833e-01   4.8528165e-01  -2.4695538e-01   5.8090870e-01  -2.2707090e-01   3.9126453e-01   2.1612097e-01   5.7647875e-01  -1.4378127e-01
  -7.5333635e-01  -2.9051393e-03   4.0082595e-01  -1.5570259e-01   4.3236926e-01  -1.9554795e-01   4.8441900e-01  -1.0276616e-01   6.0692726e-01  -3.3433830e-02   4.5765400e-01  -6.7020508e-02   5.5266159e-01  -9.2611499e-02   4.6050456e-01   3.6045086e-01   5.5763347e-01  -6.8515112e-02
  -7.0734673e-01   2.5156107e-01   3.8504750e-01  -4.0689607e-03   4.0764583e-01  -5.3416465e-02   4.7940136e-01   3.8235141e-02   6.0750785e-01   3.6485466e-02   4.6057813e-01   9.3444293e-02   5.4769012e-01   3.1521546e-02   5.5290243e-01   4.1098453e-01   5.5216304e-01   3.9051440e-03
  -5.8874858e-01   4.0172882e-01   3.9688634e-01   1.1381576e-01   4.0935922e-01   6.4751438e-02   4.9484587e-01   1.3583673e-01   6.1664564e-01   7.2783432e-02   4.8723878e-01   1.9887284e-01   5.6147863e-01   1.1710304e-01   6.4546731e-01   3.6304240e-01   5.5765134e-01   5.3374277e-02
  -4.4097096e-01   4.1576453e-01   4.2777894e-01   1.8298074e-01   4.3084641e-01   1.4230454e-01   5.2170383e-01   1.7240037e-01   6.2823971e-01   6.7512796e-02   5.2621608e-01   2.3263736e-01   5.8583270e-01   1.5070326e-01   7.1676021e-01   2.3401570e-01   5.6900650e-01   6.9763134e-02
  -3.1103289e-01   3.0480389e-01   4.6755703e-01   2.0233839e-01   4.6339055e-01   1.7531574e-01   5.4960044e-01   1.4967874e-01   6.3606522e-01   2.6810141e-02   5.6503828e-01   1.9912969e-01   6.1165632e-01   1.3529204e-01   7.5159795e-01   5.8570344e-02   5.8037047e-01   5.4411271e-02
  -2.3579946e-01   1.1643187e-01   5.0697733e-01   1.8251695e-01   4.9856911e-01   1.7108084e-01   5.6981432e-01   8.6070320e-02   6.3573356e-01  -3.1889308e-02   5.9350595e-01   1.2033814e-01   6.3153643e-01   8.7407407e-02   7.4403204e-01  -1.1939638e-01   5.8695295e-01   1.8391449e-02
  -2.3056526e-01  -8.2932480e-02   5.3990637e-01   1.4100169e-01   5.3037069e-01   1.4399568e-01   5.7782855e-01   9.2679486e-03   6.2622906e-01  -8.6206245e-02   6.0646905e-01   2.7578051e-02   6.4186701e-01   3.0418183e-02   6.9868424e-01  -2.5779601e-01   5.8657557e-01  -2.2031928e-02
  -2.8796513e-01  -2.3059197e-01   5.6380010e-01   9.6051075e-02   5.5579398e-01   1.0994354e-01   5.7375023e-01  -5.3344442e-02   6.0984718e-01  -1.1641722e-01   6.0417252e-01  -4.8832261e-02   6.4301293e-01  -1.3749515e-02   6.2868013e-01  -3.2599051e-01   5.7985891e-01  -5.1256678e-02
  -3.8185941e-01  -2.8656162e-01   5.7946263e-01   6.1240597e-02   5.7477637e-01   8.1179063e-02   5.6172281e-01  -8.3093157e-02   5.9138707e-01  -1.1179342e-01   5.9148643e-01  -8.8519134e-02   6.3859125e-01  -3.1582660e-02   5.5226678e-01  -3.1234600e-01   5.6976878e-01  -5.9362332e-02
  -4.7775889e-01  -2.4365246e-01   5.8964874e-01   4.2072769e-02   5.8903555e-01   6.3004443e-02   5.4791617e-01  -7.4813660e-02   5.7640248e-01  -7.3491623e-02   5.7557608e-01  -8.5915906e-02   6.3355738e-01  -2.1449446e-02   4.8792966e-01  -2.2616694e-01   5.6028829e-01  -4.4811578e-02
  -5.4435065e-01  -1.2610290e-01   5.9735490e-01   3.5605524e-02   6.0059065e-01   5.3262760e-02   5.3820881e-01  -3.6769249e-02   5.6938536e-01  -1.3357237e-02   5.6327768e-01  -4.9915540e-02   6.3214793e-01   7.3039768e-03   4.4983444e-01  -9.4017513e-02   5.5493950e-01  -1.4103721e-02
  -5.6287872e-01   2.1530167e-02   6.0432559e-01   3.3109073e-02   6.1045242e-01   4.4678108e-02   5.3623641e-01   1.3768313e-02   5.7239498e-01   5.0585622e-02   5.5891785e-01   9.7972747e-04   6.3630023e-01   3.8948466e-02   4.4465193e-01   4.8446861e-02   5.5559219e-01   2.1212968e-02
  -5.3149476e-01   1.5003681e-01   6.1033058e-01   2.4508701e-02   6.1800026e-01   2.8896761e-02   5.4243713e-01   5.7144779e-02   5.8455515e-01   9.9990569e-02   5.6325241e-01   4.5716049e-02   6.4508256e-01   5.7553404e-02   4.7059473e-01   1.6616893e-01   5.6195264e-01   4.8783906e-02
  -4.6424324e-01   2.2058292e-01   6.1335090e-01   2.8969057e-03   6.2118192e-01   6.2040247e-04   5.5420056e-01   7.7850177e-02   6.0243218e-01   1.2156500e-01   5.7362415e-01   6.7578737e-02   6.5516429e-01   5.2640027e-02   5.1858302e-01   2.3329198e-01   5.7178097e-01   5.9497762e-02
  -3.8536572e-01   2.1528182e-01   6.1056003e-01  -3.2482758e-02   6.1743318e-01  -3.9677595e-02   5.6699415e-01   6.9125830e-02   6.2114293e-01   1.1061385e-01   5.8519697e-01   5.9064932e-02   6.6212562e-01   2.2676489e-02   5.7512342e-01   2.3864829e-01   5.8172990e-01   5.0206797e-02
  -3.2102746e-01   1.4109097e-01   5.9967050e-01  -7.5678904e-02   6.0491953e-01  -8.5332662e-02   5.7602126e-01   3.4580964e-02   6.3582514e-01   7.2013123e-02   5.9278106e-01   2.3650919e-02   6.6212495e-01  -2.4442870e-02   6.2601221e-01   1.8721252e-01   5.8849457e-01   2.4478339e-02
  -2.9100070e-01   2.5781584e-02   5.8013367e-01  -1.1604654e-01   5.8361547e-01  -1.2553240e-01   5.7787024e-01  -1.3665816e-02   6.4303803e-01   1.8253691e-02   5.9266290e-01  -2.6073601e-02   6.5336628e-01  -7.4187423e-02   6.5988484e-01   9.7234342e-02   5.8990437e-01  -8.8803140e-03
  -3.0319028e-01  -9.2130335e-02   5.5371461e-01  -1.4180104e-01   5.5576966e-01  -1.4883021e-01   5.7156298e-01  -5.9378773e-02   6.4162687e-01  -3.4634264e-02   5.8378893e-01  -7.2977623e-02   6.3681929e-01  -1.1026714e-01   6.7060166e-01  -5.6348853e-03   5.8556769e-01  -3.8852596e-02
  -3.5178835e-01  -1.7615214e-01   5.2437145e-01  -1.4387966e-01   5.2568966e-01  -1.4691603e-01   5.5885182e-01  -8.7630213e-02   6.3294230e-01  -7.2018507e-02   5.6812706e-01  -1.0112769e-01   6.1610355e-01  -1.2004482e-01   6.5826599e-01  -9.5477629e-02   5.7698348e-01  -5.5811120e-02
  -4.2028370e-01  -2.0298380e-01   4.9735036e-01  -1.1884027e-01   4.9877970e-01  -1.1735117e-01   5.4353924e-01  -8.9453554e-02   6.2023362e-01  -8.4824814e-02   5.4994286e-01  -1.0079127e-01   5.9641364e-01  -9.8563963e-02   6.2842016e-01  -1.5248643e-01   5.6698792e-01  -5.4468357e-02
  -4.8729075e-01  -1.6845961e-01   4.7790541e-01  -6.9998030e-02   4.8024316e-01  -6.4490116e-02   5.3024091e-01  -6.4249954e-02   6.0758087e-01  -7.1655673e-02   5.3444305e-01  -7.1103378e-02   5.8300499e-01  -4.9982292e-02   5.9010186e-01  -1.6699723e-01   5.5884547e-01  -3.5267828e-02
  -5.3318793e-01  -8.6916451e-02   4.7001887e-01  -6.6165416e-03   4.7383173e-01   1.5463079e-03   5.2300374e-01  -1.9426771e-02   5.9871162e-01  -3.8434314e-02   5.2623639e-01  -1.9808712e-02   5.7971976e-01   1.3839397e-02   5.5334151e-01  -1.4045663e-01   5.5527953e-01  -3.9268991e-03
  -5.4605401e-01   1.4335059e-02   4.7533966e-01   5.8297922e-02   4.8084783e-01   6.7259992e-02   5.2407705e-01   3.2017203e-02   5.9594651e-01   3.7376654e-03   5.2794442e-01   3.9176676e-02   5.8782745e-01   7.6694330e-02   5.2660093e-01  -8.4007051e-02   5.5764074e-01   3.0357865e-02
  -5.2439336e-01   1.0473128e-01   4.9280008e-01   1.1135428e-01   4.9985013e-01   1.1920118e-01   5.3335179e-01   7.5705545e-02   5.9969565e-01   4.2253850e-02   5.3952980e-01   9.0167922e-02   6.0572572e-01   1.2275532e-01   5.1497792e-01  -1.4451344e-02   5.6557241e-01   5.7810909e-02
  -4.7666604e-01   1.5919939e-01   5.1885609e-01   1.4183355e-01   5.2697406e-01   1.4699622e-01   5.4846992e-01   9.9765507e-02   6.0849893e-01   6.6371100e-02   5.5836556e-01   1.1985145e-01   6.2936838e-01   1.4056123e-01   5.1942796e-01   5.0157354e-02   5.7714679e-01   7.0680002e-02
  -4.1818610e-01   1.6515815e-01   5.4827426e-01   1.4424378e-01   5.5678391e-01   1.4579334e-01   5.6550472e-01   9.8075997e-02   6.1953015e-01   7.0053021e-02   5.7994573e-01   1.2085130e-01   6.5329241e-01   1.2602633e-01   5.3694000e-01   9.4995362e-02   5.8939934e-01   6.5352559e-02
  -3.6596009e-01   1.2513449e-01   5.7536724e-01   1.1947005e-01   5.8353902e-01   1.1724580e-01   5.8011556e-01   7.1699570e-02   6.2949532e-01   5.3300351e-02   5.9915267e-01   9.3474251e-02   6.7206625e-01   8.3302028e-02   5.6176210e-01   1.1174108e-01   5.9917920e-01   4.3203598e-02
  -3.3378945e-01   5.4583551e-02   5.9522212e-01   7.4245864e-02   6.0241711e-01   6.8816868e-02   5.8869175e-01   2.8163026e-02   6.3554246e-01   2.1671255e-02   6.1155708e-01   4.5197695e-02   6.8160182e-01   2.3367801e-02   5.8707974e-01   9.9769621e-02   6.0396942e-01   9.9923954e-03
  -3.2848129e-01  -2.3563671e-02   6.0474544e-01   1.9337123e-02   6.1052812e-01   1.1816095e-02   5.8929212e-01  -2.0848392e-02   6.3602755e-01  -1.5553696e-02   6.1453022e-01  -1.1560851e-02   6.8014617e-01  -3.8998197e-02   6.0679402e-01   6.5562005e-02   6.0254552e-01  -2.5805172e-02
  -3.4858103e-01  -8.6635031e-02   6.0319429e-01  -3.3360249e-02   6.0739081e-01  -4.1593437e-02   5.8205162e-01  -6.3052772e-02   6.3087542e-01  -4.8321009e-02   6.0779930e-01  -6.3135599e-02   6.6858075e-01  -8.9378865e-02   6.1693624e-01   2.0111897e-02   5.9523741e-01  -5.5487256e-02
  -3.8572836e-01  -1.1866088e-01   5.9209669e-01  -7.3598870e-02   5.9479673e-01  -8.1188313e-02   5.6898181e-01  -8.8795728e-02   6.2146450e-01  -6.8528141e-02   5.9332769e-01  -9.8120735e-02   6.5001378e-01  -1.1725877e-01   6.1630864e-01  -2.4334353e-02   5.8375270e-01  -7.2355033e-02
  -4.2771987e-01  -1.1432083e-01   5.7470424e-01  -9.4921362e-02   5.7621401e-01  -1.0077799e-01   5.5333791e-01  -9.3309519e-02   6.1016601e-01  -7.1973886e-02   5.7468907e-01  -1.0999540e-01   6.2888934e-01  -1.1831840e-01   6.0642362e-01  -5.7408731e-02   5.7068734e-01  -7.3258200e-02
  -4.6249009e-01  -7.9369855e-02   5.5509299e-01  -9.5678194e-02   5.5585648e-01  -9.9127582e-02   5.3869957e-01  -7.7458308e-02   5.9964842e-01  -5.9063186e-02   5.5607655e-01  -9.8246863e-02   6.0981143e-01  -9.4920678e-02   5.9077436e-01  -7.2903416e-02   5.5883299e-01  -5.9081403e-02
