   1.3548724e-01   4.9276992e-01   1.9231017e-01   2.5731961e-01   1.0474755e-01   4.3429261e-01   1.2033408e-01   2.8523168e-01   8.3183269e-02   1.3792475e-02   3.8174263e-02   7.4231334e-01   1.2947819e-01   5.7049191e-01   1.2511229e-02   1.5828850e-01   1.2260783e-03   5.5498720e-01
   1.7995645e-01  -2.4177188e-01   2.7529015e-01   6.8820194e-01   2.2174928e-01   8.0447594e-01   1.8310313e-01   5.9979534e-01   1.1839236e-01   4.2620170e-01   2.1803864e-01   9.5964834e-01   2.4268311e-01   8.4348634e-01   1.0758926e-01   6.4120457e-01   1.2756665e-01   8.4302056e-01
  -2.0605643e-02  -7.9740721e-01   4.1719283e-01   9.4090892e-01   3.9070461e-01   9.9332101e-01   2.8226465e-01   8.1221277e-01   2.0899577e-01   7.3076554e-01   4.2418299e-01   1.0000000e+00   3.8807505e-01   9.8112312e-01   2.9372576e-01   9.3558871e-01   2.9222772e-01   9.8686152e-01
  -3.6448875e-01  -1.0000000e+00   5.8561617e-01   1.0000000e+00   5.7742095e-01   1.0000000e+00   4.0491244e-01   9.4072002e-01   3.3778267e-01   9.2155550e-01   6.2339437e-01   9.0057290e-01   5.4551993e-01   1.0000000e+00   5.2141445e-01   1.0000000e+00   4.7049313e-01   1.0000000e+00
  -7.1065962e-01  -8.1856560e-01   7.4918715e-01   8.9081761e-01   7.5093376e-01   8.5775467e-01   5.4031553e-01   9.9649922e-01   4.8727457e-01   1.0000000e+00   7.9162680e-01   7.0930287e-01   6.9795558e-01   9.2064454e-01   7.3895356e-01   8.5574553e-01   6.4149101e-01   9.1012688e-01
  -9.3534480e-01  -3.6894472e-01   8.8297596e-01   6.5921960e-01   8.8802881e-01   6.1334925e-01   6.7829867e-01   9.7617346e-01   6.4048010e-01   9.7076926e-01   9.1436882e-01   4.6813236e-01   8.3120146e-01   7.5827548e-01   9.0511158e-01   5.6677835e-01   7.8954560e-01   7.4608142e-01
  -9.7266384e-01   1.6622211e-01   9.6995766e-01   3.4943628e-01   9.7378499e-01   3.0789117e-01   8.0733620e-01   8.6492637e-01   7.8137378e-01   8.4196579e-01   9.8451441e-01   2.0642415e-01   9.3293613e-01   5.2183535e-01   9.9503451e-01   2.0655749e-01   9.0352161e-01   5.2952727e-01
  -8.2353228e-01   6.1432906e-01   1.0000000e+00  -1.5013545e-03   1.0000000e+00  -2.6305274e-02   9.1368452e-01   6.4729227e-01   8.9554199e-01   6.2651375e-01   1.0000000e+00  -5.6041941e-02   9.9216600e-01   2.2044553e-01   1.0000000e+00  -1.5921200e-01   9.7549336e-01   2.7532021e-01
  -5.4590017e-01   8.4634205e-01   9.6932116e-01  -3.5417646e-01   9.6432728e-01  -3.5595606e-01   9.8225720e-01   3.2345495e-01   9.7107170e-01   3.4474923e-01   9.6241854e-01  -3.0173803e-01   1.0000000e+00  -1.2594650e-01   9.2566050e-01  -4.7157436e-01   1.0000000e+00  -1.8165242e-03
  -2.3428132e-01   7.9276882e-01   8.8178468e-01  -6.5780258e-01   8.7141959e-01  -6.3790741e-01   1.0000000e+00  -7.6633519e-02   1.0000000e+00   2.7998796e-02   8.7744050e-01  -5.0852173e-01   9.5216448e-01  -4.7815630e-01   7.9075834e-01  -6.7563233e-01   9.7477907e-01  -2.7988653e-01
   5.7274412e-03   4.7122127e-01   7.5070864e-01  -8.5452969e-01   7.3472254e-01  -8.2169945e-01   9.6043103e-01  -4.8732882e-01   9.8019554e-01  -2.7881406e-01   7.5603954e-01  -6.4750948e-01   8.5218805e-01  -7.7628815e-01   6.2549077e-01  -7.3039370e-01   9.0243472e-01  -5.2563614e-01
   9.3867508e-02  -6.5797626e-03   5.9861100e-01  -8.9855166e-01   5.7651288e-01  -8.6577149e-01   8.6812361e-01  -8.2139468e-01   9.1725792e-01  -5.2332450e-01   6.1539037e-01  -6.8999413e-01   7.1396543e-01  -9.5360062e-01   4.6607972e-01  -6.2644883e-01   7.9223560e-01  -6.9965395e-01
   1.7505193e-03  -4.7749135e-01   4.5334149e-01  -7.7527625e-01   4.2446230e-01  -7.5532660e-01   7.3944420e-01  -1.0000000e+00   8.2442551e-01  -6.6075401e-01   4.7746665e-01  -6.2027349e-01   5.6077937e-01  -9.6063993e-01   3.4644729e-01  -3.9354264e-01   6.6002776e-01  -7.6910927e-01
  -2.3840172e-01  -7.8693911e-01   3.4205190e-01  -5.0744654e-01   3.0588004e-01  -5.0931584e-01   5.9957016e-01  -9.7911444e-01   7.2030996e-01  -6.6835698e-01   3.6532556e-01  -4.4464195e-01   4.2102894e-01  -7.8455013e-01   2.8978068e-01  -9.2427988e-02   5.2602586e-01  -7.1938000e-01
  -5.4725003e-01  -8.4099208e-01   2.8516125e-01  -1.4911885e-01   2.4169139e-01  -1.7621296e-01   4.7643238e-01  -7.6404079e-01   6.2474896e-01  -5.5338396e-01   2.9817828e-01  -1.9340280e-01   3.2164210e-01  -4.5671343e-01   3.0339109e-01   2.0373525e-01   4.1089221e-01  -5.6036885e-01
  -8.2662139e-01  -6.3374982e-01   2.9218212e-01   2.2827388e-01   2.4208465e-01   1.7822875e-01   3.9383129e-01  -4.0783140e-01   5.5422994e-01  -3.5125165e-01   2.8693293e-01   8.4984083e-02   2.8151289e-01  -4.6065564e-02   3.7833829e-01   4.2992219e-01   3.3140955e-01  -3.2528898e-01
  -9.9225352e-01  -2.4412962e-01   3.6012761e-01   5.5296959e-01   3.0470582e-01   4.8699002e-01   3.6574455e-01   4.7805464e-03   5.1826236e-01  -1.1464330e-01   3.3153991e-01   3.3585491e-01   3.0686131e-01   3.5936447e-01   4.9310214e-01   5.4440010e-01   2.9696344e-01  -6.2243384e-02
  -1.0000000e+00   2.0028637e-01   4.7478578e-01   7.6741856e-01   4.1582724e-01   6.9602719e-01   3.9350979e-01   3.8194566e-01   5.1786455e-01   1.0213828e-01   4.2113069e-01   5.1192134e-01   3.9003932e-01   6.7602468e-01   6.1981589e-01   5.3318272e-01   3.0796186e-01   1.7850074e-01
  -8.5409223e-01   5.6743908e-01   6.1390579e-01   8.3529873e-01   5.5355769e-01   7.7123565e-01   4.6653506e-01   6.4468885e-01   5.4642936e-01   2.5493701e-01   5.3662104e-01   5.8170812e-01   5.1185222e-01   8.4174871e-01   7.3014441e-01   4.0588499e-01   3.5655319e-01   3.5483170e-01
  -6.0330308e-01   7.5634349e-01   7.5119919e-01   7.4697732e-01   6.9186598e-01   7.0296395e-01   5.6496103e-01   7.4234443e-01   5.9179068e-01   3.1766332e-01   6.5444496e-01   5.3464721e-01   6.4569857e-01   8.2721571e-01   8.0045250e-01   1.9293203e-01   4.2865572e-01   4.4045505e-01
  -3.2370839e-01   7.2152415e-01   8.6132093e-01   5.2320103e-01   8.0543968e-01   5.0861884e-01   6.6457819e-01   6.6364154e-01   6.3951702e-01   2.8717069e-01   7.5129467e-01   3.8375445e-01   7.6342449e-01   6.4203190e-01   8.1625899e-01  -5.7341819e-02   5.0732569e-01   4.2966787e-01
  -9.5821902e-02   4.8450681e-01   9.2506265e-01   2.1403347e-01   8.7467055e-01   2.3169599e-01   7.4267503e-01   4.4093568e-01   6.7658714e-01   1.8447681e-01   8.0902081e-01   1.6502909e-01   8.4151672e-01   3.3449417e-01   7.7569516e-01  -2.8567610e-01   5.7657909e-01   3.3863340e-01
   1.8801326e-02   1.2651027e-01   9.3348138e-01  -1.1186107e-01   8.8968815e-01  -6.6972120e-02   7.8353648e-01   1.4188617e-01   6.9468758e-01   4.9108215e-02   8.1866597e-01  -6.9821518e-02   8.6636075e-01  -1.9141997e-02   6.9048553e-01  -4.3616342e-01   6.2487581e-01   2.0079089e-01
  -3.6395649e-03  -2.3990388e-01   8.8979186e-01  -3.8605156e-01   8.5241432e-01  -3.2519876e-01   7.8232917e-01  -1.5168615e-01   6.9234746e-01  -7.3900892e-02   7.8260768e-01  -2.6749629e-01   8.3741246e-01  -3.3580101e-01   5.8319393e-01  -4.7377413e-01   6.4752686e-01   5.6332873e-02
  -1.4598596e-01  -5.0794838e-01   8.0750840e-01  -5.5738067e-01   7.7506508e-01  -4.9465255e-01   7.4502799e-01  -3.6759819e-01   6.7445650e-01  -1.4794162e-01   7.1309009e-01  -3.8713661e-01   7.6614588e-01  -5.4737053e-01   4.8099738e-01  -3.9396363e-01   6.4662734e-01  -5.9330735e-02
  -3.5767866e-01  -6.0865821e-01   7.0658551e-01  -6.0314100e-01   6.7666079e-01  -5.5152253e-01   6.8585384e-01  -4.6232464e-01   6.5020739e-01  -1.5534279e-01   6.2864792e-01  -4.1040852e-01   6.7247682e-01  -6.1728075e-01   4.0848448e-01  -2.2299123e-01   6.2946222e-01  -1.2458597e-01
  -5.7287104e-01  -5.2921692e-01   6.0815437e-01  -5.3172885e-01   5.7802254e-01  -4.9979771e-01   6.2247321e-01  -4.2999555e-01   6.2975683e-01  -1.0105542e-01   5.4894266e-01  -3.4442573e-01   5.7906811e-01  -5.4707982e-01   3.8142685e-01  -8.7261069e-03   6.0558386e-01  -1.3555754e-01
  -7.3102069e-01  -3.1117843e-01   5.2973027e-01  -3.7651007e-01   4.9706021e-01  -3.6661145e-01   5.7098389e-01  -2.9876376e-01   6.2103765e-01  -8.5378203e-03   4.8997369e-01  -2.1688472e-01   5.0569957e-01  -3.7144897e-01   4.0352937e-01   1.9376224e-01   5.8382270e-01  -1.0406105e-01
  -7.9487583e-01  -3.2139073e-02   4.8170171e-01  -1.8358497e-01   4.4516120e-01  -1.9200821e-01   5.4178972e-01  -1.1779577e-01   6.2743061e-01   8.9649990e-02   4.6056660e-01  -6.5930712e-02   4.6475884e-01  -1.4488620e-01   4.6629068e-01   3.3743002e-01   5.6988139e-01  -5.1286175e-02
  -7.5779739e-01   2.2246204e-01   4.6656381e-01   1.7241700e-03   4.2612926e-01  -1.7148764e-02   5.3808390e-01   5.9788948e-02   6.4736421e-01   1.6265994e-01   4.6163517e-01   7.1198613e-02   4.5968884e-01   7.4948455e-02   5.5241260e-01   3.9321463e-01   5.6551266e-01   1.8833289e-04
  -6.4239721e-01   3.8309126e-01   4.7984214e-01   1.4453246e-01   4.3675120e-01   1.2443231e-01   5.5619110e-01   1.9019717e-01   6.7515423e-01   1.8911604e-01   4.8718574e-01   1.6638235e-01   4.8548373e-01   2.4042662e-01   6.4037755e-01   3.5417744e-01   5.6879678e-01   3.2499445e-02
  -4.9118501e-01   4.1402681e-01   5.1243138e-01   2.2622806e-01   4.6878371e-01   2.1260491e-01   5.8756540e-01   2.4849913e-01   7.0288509e-01   1.6205771e-01   5.2680854e-01   2.0585700e-01   5.3107407e-01   3.2359519e-01   7.0963135e-01   2.3507990e-01   5.7538002e-01   3.6699251e-02
  -3.5232965e-01   3.2056838e-01   5.5355656e-01   2.4578296e-01   5.1168666e-01   2.4270141e-01   6.2176590e-01   2.3252144e-01   7.2277350e-01   9.0069867e-02   5.6887754e-01   1.9162201e-01   5.8284404e-01   3.2030950e-01   7.4511809e-01   6.7964998e-02   5.8023606e-01   1.4174633e-02
  -2.6477438e-01   1.4439264e-01   5.9365013e-01   2.1705780e-01   5.5544591e-01   2.2407515e-01   6.4959558e-01   1.6078156e-01   7.2943759e-01  -5.5791604e-03   6.0369344e-01   1.3903841e-01   6.2838193e-01   2.4847099e-01   7.4051858e-01  -1.0554729e-01   5.7944745e-01  -2.4771209e-02
  -2.4824677e-01  -5.1964811e-02   6.2625177e-01   1.6274495e-01   5.9261223e-01   1.7536902e-01   6.6531305e-01   6.4678890e-02   7.2125421e-01  -9.7434211e-02   6.2552064e-01   7.1010917e-02   6.5921682e-01   1.4045378e-01   6.9915431e-01  -2.4387055e-01   5.7136406e-01  -6.4915587e-02
  -2.9801164e-01  -2.0634151e-01   6.4912025e-01   1.0644890e-01   6.1966943e-01   1.1777976e-01   6.6796126e-01  -2.2614506e-02   7.0088023e-01  -1.6047962e-01   6.3365518e-01   1.0218179e-02   6.7258883e-01   3.2040132e-02   6.3308880e-01  -3.1614684e-01   5.5717562e-01  -9.1503430e-02
  -3.9001981e-01  -2.7624100e-01   6.6351368e-01   6.5611638e-02   6.3665015e-01   6.8514243e-02   6.6058814e-01  -7.6666370e-02   6.7407342e-01  -1.7944634e-01   6.3137064e-01  -2.7621582e-02   6.7080038e-01  -4.8389244e-02   5.5942384e-01  -3.0922985e-01   5.4022491e-01  -9.5047187e-02
  -4.8989479e-01  -2.4967383e-01   6.7282609e-01   4.7153185e-02   6.4605685e-01   3.6460139e-02   6.4865218e-01  -8.8100753e-02   6.4793762e-01  -1.5264045e-01   6.2414623e-01  -3.7482008e-02   6.5957854e-01  -8.6723150e-02   4.9598175e-01  -2.3031641e-01   5.2487023e-01  -7.3960986e-02
  -5.6467031e-01  -1.4578546e-01   6.8066607e-01   4.6767674e-02   6.5115450e-01   2.0976614e-02   6.3779267e-01  -6.3522505e-02   6.2880647e-01  -9.1414640e-02   6.1737549e-01  -2.4994498e-02   6.4561263e-01  -8.4838995e-02   4.5683072e-01  -1.0394523e-01   5.1503807e-01  -3.4531444e-02
  -5.9293758e-01  -5.3972505e-03   6.8914420e-01   5.2231122e-02   6.5435329e-01   1.4232752e-02   6.3184787e-01  -2.0878871e-02   6.2051640e-01  -1.5617294e-02   6.1444974e-01  -2.8332329e-03   6.3423233e-01  -5.6928571e-02   4.4904944e-01   3.5658995e-02   5.1300758e-01   1.1708174e-02
  -5.7003866e-01   1.2388987e-01   6.9802084e-01   4.9205781e-02   6.5630716e-01   5.8218942e-03   6.3182680e-01   1.8303971e-02   6.2361493e-01   5.2928594e-02   6.1587361e-01   1.4700202e-02   6.2801556e-01  -2.2588751e-02   4.7163517e-01   1.5404997e-01   5.1884071e-01   5.1963671e-02
  -5.0782937e-01   2.0241813e-01   7.0485860e-01   2.7202670e-02   6.5588937e-01  -1.2388221e-02   6.3595418e-01   3.6638832e-02   6.3554094e-01   9.6640839e-02   6.1946896e-01   1.6814953e-02   6.2650898e-01   4.1858952e-04   5.1644770e-01   2.2503446e-01   5.3050587e-01   7.6047618e-02
  -4.2954502e-01   2.0952248e-01   7.0607844e-01  -1.6189286e-02   6.5096790e-01  -4.2755824e-02   6.4066858e-01   2.6449497e-02   6.5165453e-01   1.0665980e-01   6.2150785e-01  -2.4343876e-04   6.2699565e-01   1.8265541e-03   5.7083539e-01   2.3632673e-01   5.4461142e-01   7.9167601e-02
  -3.6170412e-01   1.4826033e-01   6.9848453e-01  -7.4166447e-02   6.3960927e-01  -8.0825452e-02   6.4215251e-01  -8.2853431e-03   6.6675334e-01   8.4579241e-02   6.1832391e-01  -3.2188302e-02   6.2592763e-01  -1.8497184e-02   6.2112283e-01   1.9127960e-01   5.5748355e-01   6.2945507e-02
  -3.2562313e-01   4.2681800e-02   6.8069493e-01  -1.3291442e-01   6.2122679e-01  -1.1693800e-01   6.3785200e-01  -5.4026859e-02   6.7661694e-01   4.1056901e-02   6.0784725e-01  -6.8426163e-02   6.2049661e-01  -5.1484634e-02   6.5602225e-01   1.0651929e-01   5.6624882e-01   3.4442650e-02
  -3.3121933e-01  -7.1205858e-02   6.5396731e-01  -1.7615119e-01   5.9723628e-01  -1.3969170e-01   6.2746413e-01  -9.2865681e-02   6.7911913e-01  -8.1321395e-03   5.9053847e-01  -9.5852570e-02   6.0979874e-01  -8.2787054e-02   6.6909586e-01   6.4671889e-03   5.6958634e-01   3.5953294e-03
  -3.7473920e-01  -1.5751149e-01   6.2218548e-01  -1.9031066e-01   5.7101825e-01  -1.3990251e-01   6.1311556e-01  -1.0885977e-01   6.7463572e-01  -4.7222417e-02   5.6945328e-01  -1.0335572e-01   5.9526116e-01  -9.8136771e-02   6.5979411e-01  -8.3474369e-02   5.6795988e-01  -2.0026791e-02
  -4.4098265e-01  -1.9169595e-01   5.9100133e-01  -1.6877584e-01   5.4718520e-01  -1.1379698e-01   5.9868333e-01  -9.3459810e-02   6.6566025e-01  -6.5173765e-02   5.4940531e-01  -8.5572353e-02   5.8021235e-01  -8.8391814e-02   6.3291893e-01  -1.4327185e-01   5.6327877e-01  -3.0125741e-02
  -5.0889364e-01  -1.6692624e-01   5.6644442e-01  -1.1379122e-01   5.3042400e-01  -6.4356562e-02   5.8854505e-01  -4.8082646e-02   6.5582956e-01  -5.8352866e-02   5.3555539e-01  -4.4546940e-02   5.6880283e-01  -5.2429007e-02   5.9684287e-01  -1.6234458e-01   5.5814923e-01  -2.5234933e-02
  -5.5827316e-01  -9.4563575e-02   5.5343814e-01  -3.5923143e-02   5.2428887e-01  -7.2586340e-04   5.8621660e-01   1.6458687e-02   6.4874479e-01  -3.0825434e-02   5.3191783e-01   1.0866574e-02   5.6470419e-01   2.5944279e-03   5.6114389e-01  -1.4095531e-01   5.5500375e-01  -8.7314978e-03
  -5.7582891e-01   6.9377096e-04   5.5455770e-01   4.8607116e-02   5.3022886e-01   6.4026820e-02   5.9322681e-01   8.3241154e-02   6.4688904e-01   7.4984512e-03   5.4015530e-01   6.7507789e-02   5.6993038e-01   6.3406881e-02   5.3417811e-01  -8.8975607e-02   5.5533240e-01   1.2534658e-02
  -5.5854622e-01   8.9567236e-02   5.6941460e-01   1.2211895e-01   5.4717091e-01   1.1628915e-01   6.0861940e-01   1.3437444e-01   6.5097985e-01   4.4318887e-02   5.5907034e-01   1.1166096e-01   5.8417706e-01   1.1466073e-01   5.2122967e-01  -2.2319820e-02   5.5926924e-01   3.0615348e-02
  -5.1364121e-01   1.4698932e-01   5.9478791e-01   1.6967534e-01   5.7174246e-01   1.4520026e-01   6.2918636e-01   1.5596013e-01   6.5989583e-01   6.8535701e-02   5.8488486e-01   1.3262141e-01   6.0484865e-01   1.4316701e-01   5.2364983e-01   4.1434887e-02   5.6562356e-01   3.8852770e-02
  -4.5570721e-01   1.5899959e-01   6.2539163e-01   1.8253658e-01   5.9902550e-01   1.4526120e-01   6.5029291e-01   1.4188600e-01   6.7109537e-01   7.3255392e-02   6.1215464e-01   1.2541737e-01   6.2768128e-01   1.4144958e-01   5.3896505e-01   8.7381057e-02   5.7228195e-01   3.3788400e-02
  -4.0190093e-01   1.2599723e-01   6.5511755e-01   1.6004907e-01   6.2368670e-01   1.1761268e-01   6.6709992e-01   9.5468599e-02   6.8141338e-01   5.7497918e-02   6.3511240e-01   9.2023835e-02   6.4781994e-01   1.0972416e-01   5.6189499e-01   1.0662597e-01   5.7687542e-01   1.6106443e-02
  -3.6660238e-01   6.1365365e-02   6.7846522e-01   1.0939321e-01   6.4121983e-01   6.9539668e-02   6.7586423e-01   2.8323162e-02   6.8801598e-01   2.6092128e-02   6.4910890e-01   4.0649456e-02   6.6107619e-01   5.5651627e-02   5.8600320e-01   9.7836674e-02   5.7752616e-01  -9.7019989e-03
  -3.5788950e-01  -1.3610427e-02   6.9160987e-01   4.3362844e-02   6.4881898e-01   1.2431454e-02   6.7477620e-01  -4.3012309e-02   6.8910570e-01  -1.2096325e-02   6.5157877e-01  -1.6574214e-02   6.6484847e-01  -7.9654638e-03   6.0529535e-01   6.6556447e-02   5.7335297e-01  -3.6764631e-02
  -3.7521866e-01  -7.6711595e-02   6.9324852e-01  -2.3013198e-02   6.4602040e-01  -4.1162834e-02   6.6449055e-01  -1.0170579e-01   6.8445628e-01  -4.6869006e-02   6.4270307e-01  -6.6824904e-02   6.5881656e-01  -6.6662574e-02   6.1576918e-01   2.3230196e-02   5.6481057e-01  -5.7853692e-02
  -4.1098983e-01  -1.1152781e-01   6.8450032e-01  -7.6286600e-02   6.3448758e-01  -8.0643131e-02   6.4769531e-01  -1.3510077e-01   6.7527762e-01  -6.9691044e-02   6.2504339e-01  -9.9840364e-02   6.4475711e-01  -1.0816408e-01   6.1600385e-01  -2.0254198e-02   5.5347873e-01  -6.7452669e-02
  -4.5320227e-01  -1.1151782e-01   6.6845689e-01  -1.0742061e-01   6.1750233e-01  -9.9568977e-02   6.2839240e-01  -1.3756941e-01   6.6384230e-01  -7.5750833e-02   6.0284686e-01  -1.1012273e-01   6.2604001e-01  -1.2510231e-01   6.0721710e-01  -5.3517585e-02   5.4167136e-01  -6.3109841e-02
  -4.8948200e-01  -8.0911255e-02   6.4924984e-01  -1.1335058e-01   5.9905541e-01  -9.6713801e-02   6.1080918e-01  -1.1134955e-01   6.5280566e-01  -6.4883971e-02   5.8091202e-01  -9.7811821e-02   6.0670678e-01  -1.1633306e-01   5.9260828e-01  -7.0058387e-02   5.3181937e-01  -4.5913972e-02
