   1.0960902e-02   2.3325745e-02   1.0748098e-01   3.4154614e-01   3.2860068e-02   6.3244671e-01   1.3108336e-01   4.9767848e-01   4.6596659e-02   1.3944495e-01   3.7140217e-02   6.7815166e-01   1.5053886e-01   7.4736509e-01   4.4503762e-02   4.5511345e-01   2.3203311e-02   8.2229069e-02
  -8.3324805e-02  -6.2040722e-01   2.0899133e-01   7.2430870e-01   2.0005264e-01   9.0141047e-01   2.2252220e-01   7.6079454e-01   1.0425226e-01   5.2136385e-01   2.0203654e-01   9.1505184e-01   2.9685130e-01   9.4113218e-01   2.0125167e-01   8.4005884e-01   7.5778585e-02   4.9409362e-01
  -3.2597918e-01  -9.4766913e-01   3.6774434e-01   9.4948416e-01   4.0672896e-01   1.0000000e+00   3.4436975e-01   9.2428753e-01   2.1891029e-01   8.0289646e-01   3.9967154e-01   1.0000000e+00   4.6451821e-01   1.0000000e+00   4.2298045e-01   1.0000000e+00   1.9217696e-01   7.9575309e-01
  -6.0599731e-01  -8.7084648e-01   5.5218401e-01   1.0000000e+00   6.1688619e-01   9.3807361e-01   4.8324211e-01   1.0000000e+00   3.7161223e-01   9.6474603e-01   6.0005430e-01   9.4546107e-01   6.3212324e-01   9.4421688e-01   6.5489425e-01   9.3074948e-01   3.5064051e-01   9.6562309e-01
  -8.1063447e-01  -4.6427652e-01   7.3079683e-01   8.9167430e-01   7.9952433e-01   7.4983992e-01   6.2702918e-01   9.9306116e-01   5.4115008e-01   1.0000000e+00   7.7722562e-01   7.7708844e-01   7.8201242e-01   7.9630700e-01   8.4791711e-01   6.8157350e-01   5.2717440e-01   1.0000000e+00
  -8.6721898e-01   9.0175260e-02   8.7693986e-01   6.5803303e-01   9.3198061e-01   4.7606857e-01   7.6373392e-01   8.9965236e-01   7.0620462e-01   9.1413041e-01   9.1106509e-01   5.2530348e-01   9.0015472e-01   5.7542248e-01   9.6818000e-01   3.2719769e-01   6.9851145e-01   9.0988517e-01
  -7.6191820e-01   5.9573091e-01   9.7080510e-01   3.3748500e-01   1.0000000e+00   1.5395851e-01   8.8038267e-01   7.1219822e-01   8.4736347e-01   7.2365887e-01   9.8775501e-01   2.2140981e-01   9.7548946e-01   2.9822782e-01   1.0000000e+00  -5.6240704e-02   8.4426102e-01   7.1589507e-01
  -5.3369133e-01   8.9565967e-01   1.0000000e+00  -2.7983146e-02   9.9702695e-01  -1.8062140e-01   9.6330505e-01   4.3001704e-01   9.4883918e-01   4.5432128e-01   1.0000000e+00  -1.0141840e-01   1.0000000e+00  -1.5426218e-02   9.4488731e-01  -3.9858343e-01   9.4829898e-01   4.4534117e-01
  -2.5937308e-01   8.9704433e-01   9.6071975e-01  -3.8747541e-01   9.2466851e-01  -4.8640122e-01   1.0000000e+00   7.2616762e-02   1.0000000e+00   1.4097405e-01   9.4772507e-01  -4.0492289e-01   9.6984737e-01  -3.3518688e-01   8.2014348e-01  -6.3696667e-01   1.0000000e+00   1.3323236e-01
  -3.0871149e-02   5.9600198e-01   8.5955454e-01  -6.8164017e-01   7.9411344e-01  -7.1617500e-01   9.8279128e-01  -3.1175975e-01   9.9697930e-01  -1.7222336e-01   8.3928547e-01  -6.4514484e-01   8.8759736e-01  -6.1664239e-01   6.5629167e-01  -7.2480236e-01   9.9575584e-01  -1.7657743e-01
   7.4160207e-02   8.9435738e-02   7.1402153e-01  -8.5546951e-01   6.2639339e-01  -8.2760923e-01   9.1270226e-01  -6.5289083e-01   9.4397075e-01  -4.3653447e-01   6.9201719e-01  -7.7978093e-01   7.6419449e-01  -8.0840557e-01   4.9129984e-01  -6.4741216e-01   9.4025987e-01  -4.3597217e-01
   1.8497359e-02  -4.5482932e-01   5.5009853e-01  -8.7597714e-01   4.4971227e-01  -7.9847469e-01   8.0116658e-01  -8.7963471e-01   8.5314458e-01  -6.0924058e-01   5.3061228e-01  -7.8122693e-01   6.1885251e-01  -8.6798163e-01   3.6190732e-01  -4.3049386e-01   8.4636147e-01  -6.0319202e-01
  -1.8217224e-01  -8.5980192e-01   3.9693300e-01  -7.4280032e-01   2.9397892e-01  -6.3554548e-01   6.6843857e-01  -9.4337153e-01   7.4259354e-01  -6.6529934e-01   3.8289212e-01  -6.4750426e-01   4.7612482e-01  -7.7736746e-01   2.9454302e-01  -1.3323316e-01   7.3291033e-01  -6.5391261e-01
  -4.6599793e-01  -1.0000000e+00   2.8068281e-01  -4.8760141e-01   1.8459784e-01  -3.7327888e-01   5.3915260e-01  -8.3316515e-01   6.3263427e-01  -6.0436890e-01   2.7414293e-01  -4.0536251e-01   3.6091912e-01  -5.5101125e-01   2.9946784e-01   1.6972728e-01   6.2101254e-01  -5.8765906e-01
  -7.4647753e-01  -8.4071418e-01   2.1928752e-01  -1.6507693e-01   1.3739850e-01  -6.4853001e-02   4.3658431e-01  -5.7892371e-01   5.4150321e-01  -4.5086576e-01   2.2168751e-01  -1.0494234e-01   2.9298484e-01  -2.3411591e-01   3.6960081e-01   4.0958535e-01   5.2970629e-01  -4.2801873e-01
  -9.4202194e-01  -4.4459919e-01   2.1936413e-01   1.6154320e-01   1.5594537e-01   2.3152662e-01   3.7721745e-01  -2.4153827e-01   4.8157269e-01  -2.4634729e-01   2.3120357e-01   1.9302695e-01   2.8238717e-01   1.0887347e-01   4.8410628e-01   5.4078520e-01   4.7206569e-01  -2.1602860e-01
  -1.0000000e+00   5.9714054e-02   2.7616923e-01   4.3451480e-01   2.3206778e-01   4.6532020e-01   3.6779528e-01   1.0537582e-01   4.5760363e-01  -3.7493487e-02   2.9631368e-01   4.3211010e-01   3.2783056e-01   4.1078208e-01   6.1479747e-01   5.4616075e-01   4.5323365e-01   8.4532888e-04
  -9.1065190e-01   5.2233783e-01   3.7538668e-01   6.1091291e-01   3.4827113e-01   6.0164689e-01   4.0453400e-01   3.9211398e-01   4.6665252e-01   1.3440280e-01   4.0047722e-01   5.7131776e-01   4.1724707e-01   6.1573674e-01   7.3247000e-01   4.3378468e-01   4.7007113e-01   1.7915699e-01
  -7.0625715e-01   8.1720627e-01   4.9652991e-01   6.6753167e-01   4.8165102e-01   6.2464851e-01   4.7477270e-01   5.6621736e-01   4.9975765e-01   2.4085974e-01   5.2098464e-01   5.9114663e-01   5.3076128e-01   6.8911563e-01   8.1232015e-01   2.3132006e-01   5.1273094e-01   2.8775111e-01
  -4.4899155e-01   8.7113860e-01   6.1682221e-01   6.0343379e-01   6.0802545e-01   5.3848273e-01   5.6015749e-01   6.0155967e-01   5.4450535e-01   2.7028033e-01   6.3351961e-01   4.9555842e-01   6.4482640e-01   6.2315101e-01   8.3797914e-01  -1.7227015e-02   5.6733322e-01   3.1284963e-01
  -2.1280828e-01   6.8254932e-01   7.1544834e-01   4.4131930e-01   7.0620958e-01   3.6745079e-01   6.4084288e-01   5.0533163e-01   5.8808583e-01   2.3049281e-01   7.1692391e-01   3.1214844e-01   7.3703632e-01   4.4010951e-01   8.0498050e-01  -2.5567973e-01   6.1929078e-01   2.6120337e-01
  -6.0570573e-02   3.2180919e-01   7.7788928e-01   2.2300614e-01   7.6218798e-01   1.5154558e-01   7.0053742e-01   3.1677540e-01   6.2067782e-01   1.4649117e-01   7.5784352e-01   8.6784101e-02   7.9129709e-01   1.8819789e-01   7.2259606e-01  -4.2757947e-01   6.5705282e-01   1.5810151e-01
  -2.7101321e-02  -9.4894048e-02   7.9823856e-01  -1.6245183e-03   7.7122483e-01  -6.3127954e-02   7.3001176e-01   9.4261745e-02   6.3752344e-01   5.2023017e-02   7.5302902e-01  -1.2793965e-01   8.0093056e-01  -7.1481268e-02   6.1177018e-01  -4.9192481e-01   6.7451447e-01   3.9001902e-02
  -1.1013039e-01  -4.4304060e-01   7.7970821e-01  -1.8757605e-01   7.3818606e-01  -2.3555063e-01   7.2879818e-01  -1.0245660e-01   6.3966609e-01  -2.1208908e-02   7.0955957e-01  -2.8633538e-01   7.6972384e-01  -2.8133619e-01   5.0001505e-01  -4.3632203e-01   6.7203351e-01  -6.1298622e-02
  -2.7423896e-01  -6.2950887e-01   7.3255750e-01  -3.0536140e-01   6.7529010e-01  -3.3903873e-01   7.0400678e-01  -2.2958089e-01   6.3265264e-01  -5.3257146e-02   6.4207803e-01  -3.6101555e-01   7.0988487e-01  -4.0215055e-01   4.1390239e-01  -2.8014928e-01   6.5530509e-01  -1.1870350e-01
  -4.6443513e-01  -6.1781685e-01   6.7065867e-01  -3.4593945e-01   5.9849362e-01  -3.6556135e-01   6.6721287e-01  -2.6933345e-01   6.2404903e-01  -4.0622171e-02   5.6844425e-01  -3.4795129e-01   6.3812482e-01  -4.2092256e-01   3.7231354e-01  -6.7483897e-02   6.3290854e-01  -1.2516372e-01
  -6.2429347e-01  -4.3389165e-01   6.0770144e-01  -3.1964612e-01   5.2351365e-01  -3.2481452e-01   6.3055288e-01  -2.3104847e-01   6.2064621e-01   4.7391310e-03   5.0505930e-01  -2.6464848e-01   5.7109344e-01  -3.5066744e-01   3.8214584e-01   1.4661631e-01   6.1339345e-01  -8.8597187e-02
  -7.1246204e-01  -1.5142941e-01   5.5416371e-01  -2.4975747e-01   4.6260798e-01  -2.3874154e-01   6.0335261e-01  -1.4366142e-01   6.2630698e-01   6.1260765e-02   4.6324103e-01  -1.4253344e-01   5.2155083e-01  -2.2299978e-01   4.3755948e-01   3.1134470e-01   6.0286651e-01  -2.7973556e-02
  -7.1371715e-01   1.3610891e-01   5.1559771e-01  -1.6322754e-01   4.2261599e-01  -1.3372371e-01   5.9000880e-01  -4.3380007e-02   6.4089731e-01   1.0593096e-01   4.4725128e-01  -1.6511459e-02   4.9594216e-01  -7.6827321e-02   5.2244943e-01   3.9275820e-01   6.0355320e-01   3.4144060e-02
  -6.3947652e-01   3.4482030e-01   4.9288835e-01  -8.2831108e-02   4.0495097e-01  -3.3767448e-02   5.8999077e-01   3.7826388e-02   6.6079390e-01   1.2122762e-01   4.5475496e-01   8.3990593e-02   4.9429228e-01   5.2150262e-02   6.1531685e-01   3.7891201e-01   6.1392340e-01   7.8377507e-02
  -5.2188056e-01   4.2269133e-01   4.8344643e-01  -2.2373367e-02   4.0655567e-01   4.4110603e-02   5.9896941e-01   8.0142544e-02   6.8017657e-01   9.9610713e-02   4.7850184e-01   1.4108414e-01   5.1134613e-01   1.3907957e-01   6.9449769e-01   2.8011094e-01   6.2964084e-01   9.3244584e-02
  -4.0207954e-01   3.6167918e-01   4.8308068e-01   1.4635814e-02   4.2170028e-01   9.2053495e-02   6.1090191e-01   7.9549580e-02   6.9293730e-01   4.5165661e-02   5.0903497e-01   1.5100419e-01   5.3886330e-01   1.7412172e-01   7.4301669e-01   1.2464980e-01   6.4522214e-01   7.7360938e-02
  -3.1734669e-01   1.9636763e-01   4.8775540e-01   3.3286426e-02   4.4391058e-01   1.1111954e-01   6.2021507e-01   4.6702950e-02   6.9453459e-01  -2.7855664e-02   5.3744672e-01   1.2301014e-01   5.6818569e-01   1.6252292e-01   7.5193885e-01  -4.8219175e-02   6.5577015e-01   3.8789109e-02
  -2.8955455e-01  -1.0073840e-02   4.9495892e-01   4.3507039e-02   4.6776726e-01   1.0900989e-01   6.2368438e-01   1.5890300e-03   6.8349171e-01  -9.9465877e-02   5.5777670e-01   7.4937279e-02   5.9267286e-01   1.2078011e-01   7.2209617e-01  -1.9767138e-01   6.5848682e-01  -8.2532379e-03
  -3.2050500e-01  -1.8827659e-01   5.0409067e-01   5.5406758e-02   4.8984748e-01   9.6296490e-02   6.2111102e-01  -3.4428418e-02   6.6176934e-01  -1.5008166e-01   5.6797843e-01   2.6691194e-02   6.0894712e-01   6.9846069e-02   6.6315912e-01  -2.9051608e-01   6.5325086e-01  -4.8398935e-02
  -3.9325980e-01  -2.8477982e-01   5.1612957e-01   7.5259325e-02   5.0894879e-01   8.2518436e-02   6.1499264e-01  -4.6180207e-02   6.3420657e-01  -1.6641760e-01   5.6972135e-01  -6.1067053e-03   6.1707792e-01   2.7981094e-02   5.9093373e-01  -3.0888843e-01   6.4240030e-01  -7.0057861e-02
  -4.7932393e-01  -2.7714643e-01   5.3266775e-01   1.0308505e-01   5.2552210e-01   7.3161111e-02   6.0924923e-01  -2.9558926e-02   6.0709307e-01  -1.4520577e-01   5.6703998e-01  -1.6394757e-02   6.1962864e-01   5.4029327e-03   5.2323431e-01  -2.5398226e-01   6.2973710e-01  -6.8749472e-02
  -5.4880536e-01  -1.7799161e-01   5.5468373e-01   1.3248140e-01   5.4062698e-01   6.8400192e-02   6.0752468e-01   7.7655334e-03   5.8635980e-01  -9.3675610e-02   5.6441431e-01  -6.7219450e-03   6.2005099e-01   2.2965650e-03   4.7541357e-01  -1.4475100e-01   6.1914755e-01  -4.7880179e-02
  -5.7994429e-01  -2.7234373e-02   5.8151895e-01   1.5285137e-01   5.5485461e-01   6.4026049e-02   6.1171165e-01   4.9940961e-02   5.7598602e-01  -2.6745875e-02   5.6499640e-01   1.3068166e-02   6.2107513e-01   1.0644756e-02   4.5681485e-01  -1.1854378e-02   6.1333733e-01  -1.6806180e-02
  -5.6505770e-01   1.2298468e-01   6.1043853e-01   1.5319650e-01   5.6764452e-01   5.3975192e-02   6.2120772e-01   7.9061492e-02   5.7708213e-01   3.7724810e-02   5.6955598e-01   3.0208695e-02   6.2366460e-01   1.8593120e-02   4.6901155e-01   1.1092524e-01   6.1308578e-01   1.2777958e-02
  -5.1166961e-01   2.2518583e-01   6.3694623e-01   1.2628869e-01   5.7721757e-01   3.3442570e-02   6.3308774e-01   8.1619821e-02   5.8782503e-01   8.4054077e-02   5.7637550e-01   3.3820804e-02   6.2679456e-01   1.5558390e-02   5.0609777e-01   1.9529623e-01   6.1718338e-01   3.0806692e-02
  -4.3894481e-01   2.5033866e-01   6.5581069e-01   7.1852232e-02   5.8113657e-01   1.4038642e-03   6.4310540e-01   5.3245753e-02   6.0420247e-01   1.0281930e-01   5.8204859e-01   1.8686884e-02   6.2804833e-01  -3.6284148e-03   5.5680640e-01   2.2490541e-01   6.2301845e-01   3.1954484e-02
  -3.7092185e-01   1.9519733e-01   6.6250152e-01  -2.3700602e-03   5.7725861e-01  -3.8358464e-02   6.4716372e-01   3.4951786e-04   6.2129397e-01   9.2938621e-02   5.8284998e-01  -1.3037335e-02   6.2474807e-01  -3.6761206e-02   6.0775019e-01   1.9826372e-01   6.2757540e-01   1.7059297e-02
  -3.2874790e-01   8.1440156e-02   6.5458217e-01  -8.2177959e-02   5.6471000e-01  -7.8088328e-02   6.4276363e-01  -6.1855673e-02   6.3469978e-01   6.1257971e-02   5.7620252e-01  -5.2625878e-02   6.1519191e-01  -7.5024483e-02   6.4688572e-01   1.2765797e-01   6.2850723e-01  -7.4998754e-03
  -3.2454056e-01  -5.2569973e-02   6.3256798e-01  -1.5054019e-01   5.4448960e-01  -1.0833405e-01   6.2991288e-01  -1.1414360e-01   6.4166258e-01   1.9934349e-02   5.6171221e-01  -8.7688712e-02   5.9951846e-01  -1.0603641e-01   6.6621803e-01   3.4764535e-02   6.2490712e-01  -3.2125805e-02
  -3.5787261e-01  -1.6499311e-01   6.0009252e-01  -1.9232266e-01   5.1956638e-01  -1.2095280e-01   6.1133472e-01  -1.3957510e-01   6.4171695e-01  -1.7640972e-02   5.4158136e-01  -1.0635414e-01   5.8002091e-01  -1.1822387e-01   6.6345749e-01  -5.5812240e-02   6.1765011e-01  -4.7348608e-02
  -4.1719985e-01  -2.2348903e-01   5.6308621e-01  -1.9822013e-01   4.9425988e-01  -1.1159568e-01   5.9166111e-01  -1.2866474e-01   6.3646813e-01  -4.0800579e-02   5.2001376e-01  -1.0103422e-01   5.6058449e-01  -1.0472033e-01   6.4175959e-01  -1.2280630e-01   6.0902639e-01  -4.6843601e-02
  -4.8393642e-01  -2.1424402e-01   5.2847725e-01  -1.6709917e-01   4.7328201e-01  -8.1090043e-02   5.7616467e-01  -8.2252572e-02   6.2890627e-01  -4.4377836e-02   5.0211097e-01  -7.0792341e-02   5.4568808e-01  -6.5718493e-02   6.0842976e-01  -1.5301659e-01   6.0202177e-01  -2.9340096e-02
  -5.3847494e-01  -1.4450991e-01   5.0263743e-01  -1.0608452e-01   4.6062347e-01  -3.5326552e-02   5.6927701e-01  -1.1176253e-02   6.2237020e-01  -2.9566174e-02   4.9246341e-01  -2.1611768e-02   5.3916504e-01  -8.5824414e-03   5.7272021e-01  -1.4346553e-01   5.9937905e-01   1.1277058e-03
  -5.6621419e-01  -3.8779292e-02   4.8994422e-01  -2.8627639e-02   4.5856602e-01   1.6183290e-02   5.7330057e-01   6.6850398e-02   6.1948908e-01  -2.9419503e-03   4.9383576e-01   3.5281670e-02   5.4307683e-01   5.4097323e-02   5.4335278e-01  -1.0100342e-01   6.0271863e-01   3.6507729e-02
  -5.6121472e-01   7.0202057e-02   4.9196354e-01   4.8937483e-02   4.6719490e-01   6.2698605e-02   5.8782683e-01   1.3224059e-01   6.2149738e-01   2.6030940e-02   5.0645624e-01   8.6572783e-02   5.5714875e-01   1.0795830e-01   5.2657380e-01  -3.9404806e-02   6.1206715e-01   6.7184534e-02
  -5.2728134e-01   1.5132312e-01   5.0723121e-01   1.1110324e-01   4.8438291e-01   9.4746365e-02   6.0980382e-01   1.6858957e-01   6.2796628e-01   4.7826652e-02   5.2790998e-01   1.2023256e-01   5.7875452e-01   1.4049016e-01   5.2494152e-01   2.4500194e-02   6.2579567e-01   8.4598207e-02
  -4.7609447e-01   1.8422688e-01   5.3173816e-01   1.4669042e-01   5.0631289e-01   1.0638034e-01   6.3432154e-01   1.6702068e-01   6.3702802e-01   5.5618720e-02   5.5372698e-01   1.2863306e-01   6.0352300e-01   1.4430408e-01   5.3709404e-01   7.5253704e-02   6.4102646e-01   8.3637824e-02
  -4.2308862e-01   1.6399102e-01   5.5998389e-01   1.5095808e-01   5.2839917e-01   9.6382669e-02   6.5588248e-01   1.2815815e-01   6.4601730e-01   4.6942497e-02   5.7850204e-01   1.1024702e-01   6.2640107e-01   1.1880904e-01   5.5856457e-01   1.0224719e-01   6.5439065e-01   6.3888500e-02
  -3.8285972e-01   1.0120123e-01   5.8622847e-01   1.2618243e-01   5.4630721e-01   6.8344810e-02   6.6973265e-01   6.1729623e-02   6.5225040e-01   2.4106988e-02   5.9715420e-01   6.9826396e-02   6.4281348e-01   7.0209363e-02   5.8316029e-01   1.0172695e-01   6.6286404e-01   2.9661346e-02
  -3.6497823e-01   1.7719720e-02   6.0575425e-01   8.0651825e-02   5.5691341e-01   2.9623980e-02   6.7303321e-01  -1.6116706e-02   6.5379951e-01  -6.6667568e-03   6.0612108e-01   1.7057708e-02   6.4973102e-01   9.8347366e-03   6.0465811e-01   7.7085706e-02   6.6453865e-01  -1.1180254e-02
  -3.7187423e-01  -6.1047454e-02   6.1573936e-01   2.6085253e-02   5.5887641e-01  -1.0723710e-02   6.6542566e-01  -8.7363188e-02   6.4997694e-01  -3.7323405e-02   6.0406872e-01  -3.6180753e-02   6.4625898e-01  -4.9000310e-02   6.1830507e-01   3.7045378e-02   6.5904148e-01  -4.9455546e-02
  -3.9868143e-01  -1.1368186e-01   6.1567605e-01  -2.5277166e-02   5.5281305e-01  -4.4118683e-02   6.4904296e-01  -1.3661492e-01   6.4149283e-01  -6.0211249e-02   5.9210016e-01  -7.8711059e-02   6.3375502e-01  -9.4220838e-02   6.2181247e-01  -6.9685936e-03   6.4760486e-01  -7.6960240e-02
  -4.3569418e-01  -1.2881301e-01   6.0712579e-01  -6.3630931e-02   5.4091464e-01  -6.4476537e-02   6.2776262e-01  -1.5483511e-01   6.3015388e-01  -7.0183009e-02   5.7325650e-01  -1.0273673e-01   6.1529064e-01  -1.1785208e-01   6.1555675e-01  -4.4157440e-02   6.3265150e-01  -8.8495712e-02
  -4.7155020e-01  -1.0688734e-01   5.9311200e-01  -8.3300041e-02   5.2631537e-01  -6.9203954e-02   6.0621585e-01  -1.4074083e-01   6.1835890e-01  -6.5565433e-02   5.5170764e-01  -1.0514006e-01   5.9485645e-01  -1.1727988e-01   6.0214077e-01  -6.6681301e-02   6.1719343e-01  -8.2741340e-02
  -4.9661094e-01  -5.8890867e-02   5.7728236e-01  -8.3432861e-02   5.1231608e-01  -5.9406098e-02   5.8868681e-01  -1.0044547e-01   6.0848950e-01  -4.8283001e-02   5.3176569e-01  -8.7728001e-02   5.7643150e-01  -9.5306290e-02   5.8552810e-01  -7.1160205e-02   6.0413567e-01  -6.2251826e-02
