   1.2759639e-01   5.4632264e-02   3.2252344e-02   6.1432214e-01   5.3614923e-02   6.3110857e-01   2.4315487e-02   7.0794648e-01   2.1108621e-02   2.5950893e-01   5.4015416e-02   7.5162171e-01   1.3460630e-01   6.1355523e-01   1.7788390e-01   2.3311610e-01   6.9237978e-03   4.0560624e-01
   3.1185342e-02  -6.2933495e-01   1.9375889e-01   8.8999165e-01   2.1016951e-01   8.9558916e-01   1.7232922e-01   9.2073801e-01   9.4369068e-02   5.9083898e-01   2.2272580e-01   9.4783468e-01   2.5461390e-01   8.2621856e-01   2.6853084e-01   6.9126423e-01   1.0994590e-01   7.2988349e-01
  -2.3482665e-01  -9.9256218e-01   3.9615881e-01   1.0000000e+00   4.0402835e-01   1.0000000e+00   3.4613163e-01   1.0000000e+00   2.1639789e-01   8.3229062e-01   4.1544951e-01   1.0000000e+00   4.0132602e-01   9.3899283e-01   4.2920861e-01   9.5743432e-01   2.5975948e-01   9.2870780e-01
  -5.4963616e-01  -9.3693617e-01   6.0452637e-01   9.5025271e-01   6.0328925e-01   9.5291664e-01   5.2416904e-01   9.7279577e-01   3.7082948e-01   9.7127946e-01   6.0606854e-01   9.3082201e-01   5.5885281e-01   9.5844749e-01   6.1935209e-01   1.0000000e+00   4.3357485e-01   1.0000000e+00
  -7.8828203e-01  -5.3415650e-01   7.8821822e-01   7.7258185e-01   7.8022767e-01   7.8451340e-01   6.8977252e-01   8.6470713e-01   5.3954805e-01   1.0000000e+00   7.7351945e-01   7.6756880e-01   7.1215400e-01   8.8778912e-01   7.9780010e-01   8.4249915e-01   6.0947834e-01   9.5467580e-01
  -8.6928629e-01   2.9982619e-02   9.2434642e-01   5.0559207e-01   9.1392462e-01   5.2954482e-01   8.3008357e-01   6.9242919e-01   7.0368620e-01   9.1794964e-01   9.0187872e-01   5.3503718e-01   8.4639883e-01   7.2719484e-01   9.3161049e-01   5.4260851e-01   7.6818092e-01   8.1027212e-01
  -7.7361317e-01   5.5565638e-01   9.9771903e-01   1.8310120e-01   9.9002718e-01   2.1800511e-01   9.3447616e-01   4.6448275e-01   8.4507603e-01   7.3385882e-01   9.7976356e-01   2.5499901e-01   9.4690610e-01   4.7893587e-01   1.0000000e+00   1.6791740e-01   8.9373414e-01   5.8614170e-01
  -5.3999401e-01   8.8395527e-01   1.0000000e+00  -1.6224611e-01   1.0000000e+00  -1.2090883e-01   9.9356275e-01   1.8819891e-01   9.4781505e-01   4.6599345e-01   1.0000000e+00  -5.0221189e-02   1.0000000e+00   1.5482944e-01   9.9521710e-01  -2.1342748e-01   9.7373898e-01   3.0328760e-01
  -2.4793538e-01   9.1666375e-01   9.3048892e-01  -4.8939128e-01   9.4193002e-01  -4.4934949e-01   1.0000000e+00  -1.1910415e-01   1.0000000e+00   1.4354400e-01   9.6033492e-01  -3.5167082e-01   9.9535602e-01  -2.1507397e-01   9.2253185e-01  -5.3294271e-01   1.0000000e+00  -1.1248512e-02
   4.7787766e-03   6.4027749e-01   7.9835491e-01  -7.4667011e-01   8.2279483e-01  -7.1751825e-01   9.5117130e-01  -4.2130072e-01   9.9578399e-01  -1.9111282e-01   8.6522644e-01  -6.0957175e-01   9.2953742e-01  -5.7714388e-01   7.9993629e-01  -7.2760923e-01   9.7007688e-01  -3.1955437e-01
   1.3209420e-01   1.4337872e-01   6.2383929e-01  -8.8377568e-01   6.6007119e-01  -8.7379790e-01   8.5250815e-01  -6.6628654e-01   9.3747757e-01  -4.8527163e-01   7.2768451e-01  -7.7794518e-01   8.0951280e-01  -8.6099475e-01   6.5563608e-01  -7.5664128e-01   8.8918935e-01  -5.7470139e-01
   8.9321134e-02  -4.0829113e-01   4.3599436e-01  -8.7040726e-01   4.8028808e-01  -8.8309089e-01   7.1907144e-01  -8.0198457e-01   8.3644361e-01  -6.8734589e-01   5.6920757e-01  -8.1877382e-01   6.5387585e-01  -1.0000000e+00   5.2212105e-01  -6.1772738e-01   7.7096663e-01  -7.3166763e-01
  -1.1177550e-01  -8.3380317e-01   2.6702594e-01  -7.0788827e-01   3.1415708e-01  -7.4037491e-01   5.7378283e-01  -7.9557208e-01   7.1163189e-01  -7.6181319e-01   4.1668204e-01  -7.1707959e-01   4.9024594e-01  -9.5467951e-01   4.2831299e-01  -3.4962478e-01   6.3584276e-01  -7.6132920e-01
  -4.0851223e-01  -1.0000000e+00   1.4543923e-01  -4.2931428e-01   1.9006667e-01  -4.7345539e-01   4.4270633e-01  -6.4623568e-01   5.8582939e-01  -7.0033166e-01   2.9694594e-01  -4.8905963e-01   3.4940166e-01  -7.2785356e-01   3.9267642e-01  -2.0648254e-02   5.0724549e-01  -6.6048336e-01
  -7.0988099e-01  -8.6409411e-01   9.0057821e-02  -9.0742416e-02   1.2794529e-01  -1.3601017e-01   3.4887067e-01  -3.8753207e-01   4.8059885e-01  -5.2489273e-01   2.3061452e-01  -1.8043182e-01   2.5787375e-01  -3.6659492e-01   4.1932720e-01   2.9126421e-01   4.0656018e-01  -4.5442015e-01
  -9.2686088e-01  -4.8080544e-01   1.0680874e-01   2.4351688e-01   1.3553461e-01   2.0665241e-01   3.0695924e-01  -7.7435935e-02   4.1170678e-01  -2.8070183e-01   2.2746694e-01   1.4554335e-01   2.3171509e-01   5.1042917e-02   4.9835053e-01   5.1893000e-01   3.4863736e-01  -1.9004643e-01
  -1.0000000e+00   2.3358712e-02   1.8844486e-01   5.1563348e-01   2.0750708e-01   4.9318345e-01   3.2027295e-01   2.1827012e-01   3.8617713e-01  -2.2905358e-02   2.8449064e-01   4.2465557e-01   2.7297398e-01   4.3747338e-01   6.0909396e-01   6.1915765e-01   3.3893414e-01   7.6905730e-02
  -9.1513400e-01   4.9889770e-01   3.1709237e-01   6.8361825e-01   3.2755339e-01   6.7729450e-01   3.8082842e-01   4.4196807e-01   4.0179598e-01   1.9711124e-01   3.8722039e-01   6.0601036e-01   3.6993128e-01   7.1659541e-01   7.2537228e-01   5.7651893e-01   3.7317167e-01   2.9532225e-01
  -7.0257790e-01   8.1479322e-01   4.6799273e-01   7.2437974e-01   4.7197212e-01   7.3218969e-01   4.7184003e-01   5.5337108e-01   4.4864764e-01   3.4021413e-01   5.1319392e-01   6.5909290e-01   5.0026547e-01   8.3643212e-01   8.2056874e-01   4.0232576e-01   4.3909561e-01   4.2732454e-01
  -4.2714824e-01   8.9066095e-01   6.1377202e-01   6.3717999e-01   6.1392365e-01   6.5461984e-01   5.7136753e-01   5.3714655e-01   5.1165928e-01   3.8646477e-01   6.3636436e-01   5.7913638e-01   6.3570658e-01   7.7916033e-01   8.7290493e-01   1.3615407e-01   5.1934835e-01   4.5520137e-01
  -1.6762145e-01   7.1816661e-01   7.2954679e-01   4.4554362e-01   7.2857976e-01   4.6693336e-01   6.5744877e-01   4.0772688e-01   5.7442640e-01   3.3971773e-01   7.3261499e-01   3.8970705e-01   7.4838796e-01   5.6647853e-01   8.7070219e-01  -1.5798874e-01   5.9561364e-01   3.8542203e-01
   5.8405648e-03   3.6156999e-01   7.9755218e-01   1.9356258e-01   7.9780820e-01   2.1337402e-01   7.1308840e-01   2.0641786e-01   6.2307606e-01   2.2636321e-01   7.8479439e-01   1.3864437e-01   8.1688951e-01   2.5531836e-01   8.1562281e-01  -4.0568356e-01   6.5268591e-01   2.4667780e-01
   5.2899761e-02  -6.3364286e-02   8.1078021e-01  -6.4757726e-02   8.1392365e-01  -5.0633853e-02   7.3044015e-01  -1.0382640e-02   6.4970964e-01   8.7106430e-02   7.8674097e-01  -1.1397540e-01   8.3131004e-01  -7.7086489e-02   7.2292679e-01  -5.4459780e-01   6.8199312e-01   8.1336515e-02
  -2.7911560e-02  -4.3033511e-01   7.7332609e-01  -2.7938064e-01   7.8022543e-01  -2.7284063e-01   7.1171408e-01  -1.8840927e-01   6.5352652e-01  -3.6388995e-02   7.4376310e-01  -3.1251030e-01   7.9451424e-01  -3.5508386e-01   6.1691096e-01  -5.4329173e-01   6.8269130e-01  -6.7579056e-02
  -2.0159956e-01  -6.4056565e-01   6.9845534e-01  -4.1521114e-01   7.0924805e-01  -4.1581230e-01   6.6758325e-01  -2.8972329e-01   6.4003987e-01  -1.1325132e-01   6.7049672e-01  -4.1946000e-01   7.2041358e-01  -5.2328580e-01   5.2426717e-01  -4.0876902e-01   6.6083391e-01  -1.6757235e-01
  -4.1031739e-01  -6.5070557e-01   6.0463354e-01  -4.5851328e-01   6.1892392e-01  -4.6399426e-01   6.1333414e-01  -3.0141250e-01   6.1849226e-01  -1.3102663e-01   5.8640785e-01  -4.2347239e-01   6.2946419e-01  -5.5867255e-01   4.6690702e-01  -1.8216882e-01   6.2674118e-01  -2.0393701e-01
  -5.9260737e-01  -4.8048990e-01   5.1089974e-01  -4.1712568e-01   5.2801379e-01  -4.2428928e-01   5.6422873e-01  -2.3605025e-01   5.9856169e-01  -9.6615625e-02   5.1057784e-01  -3.3915104e-01   5.4304896e-01  -4.7243707e-01   4.5670368e-01   7.4878736e-02   5.9163668e-01  -1.8091267e-01
  -7.0139273e-01  -1.9996164e-01   4.3286901e-01  -3.1499842e-01   4.5210051e-01  -3.2068429e-01   5.3155044e-01  -1.2459195e-01   5.8749418e-01  -3.1155237e-02   4.5732502e-01  -1.9967383e-01   4.7844658e-01  -3.0237106e-01   4.9327911e-01   2.9797218e-01   5.6464550e-01  -1.1727994e-01
  -7.1669991e-01   9.7996495e-02   3.8005806e-01  -1.8313198e-01   4.0083427e-01  -1.8507831e-01   5.2012775e-01  -4.5370867e-03   5.8825814e-01   3.8757410e-02   4.3345204e-01  -4.5123187e-02   4.4528118e-01  -9.9044629e-02   5.6498269e-01   4.3697678e-01   5.5072628e-01  -3.8413186e-02
  -6.4698960e-01   3.2693101e-01   3.5555613e-01  -5.1300016e-02   3.7748590e-01  -4.8688115e-02   5.2843767e-01   9.0971990e-02   5.9952801e-01   8.9295914e-02   4.3825679e-01   8.8108084e-02   4.4490134e-01   8.8003727e-02   6.5284149e-01   4.6516864e-01   5.5039738e-01   3.1460122e-02
  -5.2405536e-01   4.2973768e-01   3.5678385e-01   5.7707634e-02   3.7959535e-01   6.4137389e-02   5.4996769e-01   1.4087174e-01   6.1657619e-01   1.0534688e-01   4.6487632e-01   1.7494741e-01   4.7128727e-01   2.2108710e-01   7.3533990e-01   3.8308154e-01   5.6037020e-01   7.5050045e-02
  -3.9113606e-01   3.9186310e-01   3.7737987e-01   1.3104663e-01   4.0080442e-01   1.3936746e-01   5.7583141e-01   1.3992613e-01   6.3310063e-01   8.3675704e-02   5.0301340e-01   2.0564495e-01   5.1369595e-01   2.8118747e-01   7.9352119e-01   2.1633217e-01   5.7516306e-01   8.5312000e-02
  -2.8889279e-01   2.4213373e-01   4.0941820e-01   1.6638969e-01   4.3309086e-01   1.7421455e-01   5.9766078e-01   9.8306159e-02   6.4331335e-01   3.2988656e-02   5.4205405e-01   1.8602196e-01   5.6000762e-01   2.7004562e-01   8.1527669e-01   8.9265266e-03   5.8903691e-01   6.5977727e-02
  -2.4412612e-01   3.9939462e-02   4.4536154e-01   1.6998789e-01   4.6878702e-01   1.7524086e-01   6.0984349e-01   3.6721013e-02   6.4360998e-01  -2.9573518e-02   5.7363956e-01   1.3351472e-01   5.9976422e-01   2.0644974e-01   7.9763670e-01  -1.8740445e-01   5.9763225e-01   2.8914324e-02
  -2.6204654e-01  -1.4550587e-01   4.7971101e-01   1.5319702e-01   5.0230394e-01   1.5468003e-01   6.1102271e-01  -2.1092720e-02   6.3371792e-01  -8.4247375e-02   5.9359070e-01   7.0557335e-02   6.2667068e-01   1.1869251e-01   7.4744162e-01  -3.2633336e-01   5.9919772e-01  -1.0483952e-02
  -3.2810014e-01  -2.5841746e-01   5.0942932e-01   1.2791239e-01   5.3060098e-01   1.2545425e-01   6.0364729e-01  -5.6455604e-02   6.1639230e-01  -1.1522830e-01   6.0187032e-01   1.6936854e-02   6.3908040e-01   3.4578029e-02   6.7876174e-01  -3.7817813e-01   5.9456062e-01  -3.8822229e-02
  -4.1432853e-01  -2.7194064e-01   5.3373180e-01   1.0293347e-01   5.5298358e-01   9.7201478e-02   5.9266005e-01  -6.1031263e-02   5.9641218e-01  -1.1515372e-01   6.0161343e-01  -1.5586402e-02   6.3936197e-01  -2.6247299e-02   6.0918920e-01  -3.3667077e-01   5.8646769e-01  -4.8606146e-02
  -4.8970763e-01  -1.9338718e-01   5.5315362e-01   8.1787661e-02   5.7015164e-01   7.3919060e-02   5.8342644e-01  -3.8355305e-02   5.7896046e-01  -8.6599493e-02   5.9726470e-01  -2.5433146e-02   6.3213432e-01  -5.6394821e-02   5.5521584e-01  -2.1917383e-01   5.7833551e-01  -3.9860747e-02
  -5.3017468e-01  -5.8088989e-02   5.6841120e-01   6.2805234e-02   5.8303598e-01   5.4050140e-02   5.7978788e-01  -1.2960467e-03   5.6805378e-01  -4.0296804e-02   5.9268913e-01  -1.9678934e-02   6.2224186e-01  -6.0200128e-02   5.2822797e-01  -6.0559225e-02   5.7297450e-01  -1.9049137e-02
  -5.2549214e-01   8.4825878e-02   5.7948881e-01   4.1323899e-02   5.9186353e-01   3.2804645e-02   5.8282010e-01   3.3365557e-02   5.6546579e-01   8.9911707e-03   5.8983618e-01  -9.8223799e-03   6.1310671e-01  -4.9477717e-02   5.3206923e-01   9.7231971e-02   5.7167923e-01   4.0400602e-03
  -4.8085698e-01   1.8882738e-01   5.8536171e-01   1.2944506e-02   5.9585782e-01   5.5397986e-03   5.9071167e-01   5.1008327e-02   5.7047267e-01   4.7251653e-02   5.8839525e-01  -6.7550307e-03   6.0599470e-01  -3.7707058e-02   5.6282895e-01   2.1634071e-01   5.7398979e-01   2.0062090e-02
  -4.1387876e-01   2.2347480e-01   5.8436656e-01  -2.3608834e-02   5.9357902e-01  -2.9291636e-02   5.9959656e-01   4.3924678e-02   5.8032855e-01   6.5186378e-02   5.8633037e-01  -1.6691849e-02   6.0018108e-01  -3.4867971e-02   6.1050244e-01   2.7191259e-01   5.7806047e-01   2.3235643e-02
  -3.4807609e-01   1.8237497e-01   5.7504492e-01  -6.5049924e-02   5.8373125e-01  -6.8636988e-02   6.0504668e-01   1.3662324e-02   5.9129211e-01   6.0551274e-02   5.8104378e-01  -3.9021699e-02   5.9382933e-01  -4.4154804e-02   6.6202621e-01   2.5711867e-01   5.8147588e-01   1.3082519e-02
  -3.0508572e-01   8.3349873e-02   5.5707666e-01  -1.0410531e-01   5.6606663e-01  -1.0538188e-01   6.0369768e-01  -2.9784435e-02   5.9985654e-01   3.8204760e-02   5.7070635e-01  -6.6742938e-02   5.8518454e-01  -6.1515150e-02   7.0478019e-01   1.8309236e-01   5.8220714e-01  -5.7426316e-03
  -2.9799563e-01  -3.8708764e-02   5.3191195e-01  -1.3171957e-01   5.4200402e-01  -1.3056461e-01   5.9448203e-01  -7.1480191e-02   6.0380263e-01   8.0203455e-03   5.5527644e-01  -8.9143685e-02   5.7361857e-01  -7.7811925e-02   7.2963563e-01   7.4346179e-02   5.7938194e-01  -2.5319483e-02
  -3.2772766e-01  -1.4416742e-01   5.0284398e-01  -1.4005891e-01   5.1470668e-01  -1.3644114e-01   5.7908432e-01  -9.6674562e-02   6.0277310e-01  -1.8699823e-02   5.3685601e-01  -9.5851202e-02   5.6017194e-01  -8.2794015e-02   7.3284171e-01  -3.8946958e-02   5.7362362e-01  -3.7415277e-02
  -3.8371825e-01  -2.0138630e-01   4.7444689e-01  -1.2510780e-01   4.8853776e-01  -1.1915612e-01   5.6143700e-01  -9.5585463e-02   5.9817550e-01  -3.2915626e-02   5.1921620e-01  -8.0622874e-02   5.4737023e-01  -6.9208764e-02   7.1626606e-01  -1.2912952e-01   5.6682732e-01  -3.6350216e-02
  -4.4796906e-01  -1.9579031e-01   4.5160052e-01  -8.8093687e-02   4.6810950e-01  -8.0203800e-02   5.4653706e-01  -6.6382380e-02   5.9256107e-01  -3.0459722e-02   5.0674008e-01  -4.3645096e-02   5.3847731e-01  -3.5638320e-02   6.8627280e-01  -1.7749997e-01   5.6152384e-01  -2.0853878e-02
  -5.0101616e-01  -1.3286525e-01   4.3837377e-01  -3.5416413e-02   4.5719689e-01  -2.6326588e-02   5.3895719e-01  -1.5607114e-02   5.8870737e-01  -1.2888590e-02   5.0312294e-01   8.2881155e-03   5.3644972e-01   1.2736846e-02   6.5165498e-01  -1.7768361e-01   5.6004561e-01   5.5814112e-03
  -5.2796802e-01  -3.4939359e-02   4.3704635e-01   2.2778972e-02   4.5779514e-01   3.2001395e-02   5.4147265e-01   4.3832228e-02   5.8869096e-01   1.3424440e-02   5.1020867e-01   6.3580681e-02   5.4291942e-01   6.5469951e-02   6.2121110e-01  -1.3568823e-01   5.6374439e-01   3.5800593e-02
  -5.2259014e-01   6.7215006e-02   4.4756984e-01   7.5061244e-02   4.6961956e-01   8.3149362e-02   5.5425355e-01   9.6544070e-02   5.9325431e-01   3.9641027e-02   5.2736120e-01   1.0912949e-01   5.5756277e-01   1.0992448e-01   6.0162583e-01  -6.6746826e-02   5.7252824e-01   6.1231978e-02
  -4.8832919e-01   1.4386601e-01   4.6758976e-01   1.1128562e-01   4.9016223e-01   1.1699123e-01   5.7482112e-01   1.2877419e-01   6.0163641e-01   5.7135436e-02   5.5153152e-01   1.3373764e-01   5.7804752e-01   1.3472084e-01   5.9620488e-01   9.3306353e-03   5.8484254e-01   7.4298821e-02
  -4.3675219e-01   1.7506207e-01   4.9294392e-01   1.2495533e-01   5.1521759e-01   1.2731138e-01   5.9864449e-01   1.3213665e-01   6.1180000e-01   6.0033357e-02   5.7790233e-01   1.3114149e-01   6.0048067e-01   1.3297217e-01   6.0441870e-01   7.3427676e-02   5.9802482e-01   7.0608034e-02
  -3.8339442e-01   1.5557790e-01   5.1862789e-01   1.1459822e-01   5.3985668e-01   1.1314905e-01   6.2035721e-01   1.0567860e-01   6.2107498e-01   4.6781418e-02   6.0107189e-01   1.0159777e-01   6.2036055e-01   1.0419288e-01   6.2255031e-01   1.1164759e-01   6.0902087e-01   5.0150018e-02
  -3.4301036e-01   9.5168038e-02   5.3988376e-01   8.3913442e-02   5.5950471e-01   7.8848799e-02   6.3510927e-01   5.5916626e-02   6.2692544e-01   2.0420662e-02   6.1633325e-01   5.1758110e-02   6.3365842e-01   5.4446822e-02   6.4497229e-01   1.1804094e-01   6.1517533e-01   1.7279094e-02
  -3.2556191e-01   1.4606116e-02   5.5315923e-01   4.0709660e-02   5.7087041e-01   3.2862500e-02   6.3971321e-01  -5.0326436e-03   6.2763153e-01  -1.2403478e-02   6.2073372e-01  -7.0530387e-03   6.3774966e-01  -5.2145372e-03   6.6568992e-01   9.5123002e-02   6.1489224e-01  -2.0449811e-02
  -3.3336576e-01  -6.1569066e-02   5.5687059e-01  -5.1946768e-03   5.7266159e-01  -1.4510619e-02   6.3348453e-01  -6.2904901e-02   6.2281356e-01  -4.3494354e-02   6.1382707e-01  -6.1898443e-02   6.3210681e-01  -6.1763660e-02   6.7997841e-01   5.2352108e-02   6.0810332e-01  -5.4397196e-02
  -3.6166413e-01  -1.1243505e-01   5.5144892e-01  -4.4332252e-02   5.6558198e-01  -5.3584260e-02   6.1813620e-01  -1.0493475e-01   6.1340556e-01  -6.5398140e-02   5.9752575e-01  -1.0138732e-01   6.1822416e-01  -1.0346425e-01   6.8522012e-01   2.6923122e-03   5.9616833e-01  -7.7045751e-02
  -4.0034707e-01  -1.2672474e-01   5.3912728e-01  -6.9767554e-02   5.5207031e-01  -7.7519768e-02   5.9733193e-01  -1.2305131e-01   6.0142346e-01  -7.3410460e-02   5.7562802e-01  -1.1843827e-01   5.9925595e-01  -1.2275395e-01   6.8138090e-01  -4.1022354e-02   5.8156638e-01  -8.3915685e-02
  -4.3767662e-01  -1.0480596e-01   5.2319962e-01  -7.8300720e-02   5.3553071e-01  -8.3482884e-02   5.7561446e-01  -1.1531495e-01   5.8935911e-01  -6.6500497e-02   5.5276163e-01  -1.1147878e-01   5.7913414e-01  -1.1758708e-01   6.7056703e-01  -6.9264411e-02   5.6722092e-01  -7.4376891e-02
  -4.6367436e-01  -5.7281457e-02   5.0722270e-01  -7.0681752e-02   5.1952595e-01  -7.2762397e-02   5.5733841e-01  -8.5754593e-02   5.7957548e-01  -4.7208914e-02   5.3334002e-01  -8.4257684e-02   5.6168097e-01  -9.1339368e-02   6.5624355e-01  -7.7563032e-02   5.5583850e-01  -5.1473581e-02
