   1.0170986e-01   6.0134540e-01   1.0336864e-01   7.3396185e-02   1.1705704e-01   4.5192833e-01   2.9264068e-02   8.0220835e-01   6.0488813e-02   6.5915511e-02   1.6258151e-01   8.9131886e-01   8.7617394e-03   5.1890710e-01   1.8422709e-01   3.7447117e-01   7.6317329e-02   3.3231651e-01
   1.8412283e-01  -1.4479868e-01   1.6022605e-01   5.4471909e-01   2.3119966e-01   8.1269786e-01   2.0496313e-01   9.9199665e-01   9.9637120e-02   4.3579741e-01   3.3151624e-01   1.0000000e+00   1.4092530e-01   8.3290327e-01   3.0004053e-01   7.9720328e-01   1.5810576e-01   6.9005376e-01
   1.4625460e-02  -7.4166991e-01   2.8780369e-01   8.6184643e-01   3.9329076e-01   9.9328433e-01   3.9881539e-01   1.0000000e+00   1.8835664e-01   7.1774537e-01   5.0549631e-01   9.5876191e-01   3.1850717e-01   9.9112936e-01   4.7671259e-01   1.0000000e+00   2.8514469e-01   9.1019831e-01
  -3.1461986e-01  -1.0000000e+00   4.5591446e-01   1.0000000e+00   5.7155934e-01   1.0000000e+00   5.8149985e-01   8.8677005e-01   3.1287088e-01   9.0681366e-01   6.6353755e-01   8.2873129e-01   5.1183417e-01   1.0000000e+00   6.6976833e-01   9.7080177e-01   4.3624005e-01   1.0000000e+00
  -6.6580872e-01  -8.6675911e-01   6.3336665e-01   9.7150358e-01   7.3817813e-01   8.6872410e-01   7.3589274e-01   7.1483465e-01   4.5885360e-01   1.0000000e+00   7.9483569e-01   6.6138985e-01   6.9449037e-01   8.8508215e-01   8.3814638e-01   7.5446645e-01   5.9245055e-01   9.7928274e-01
  -9.1032295e-01  -4.3992482e-01   7.9347083e-01   8.1136531e-01   8.7281299e-01   6.4483431e-01   8.5529643e-01   5.2775977e-01   6.1149127e-01   9.9407530e-01   8.9559162e-01   4.8378645e-01   8.4574296e-01   6.7800862e-01   9.5290803e-01   4.2662483e-01   7.3819538e-01   8.6962326e-01
  -9.7259505e-01   1.0111596e-01   9.1623374e-01   5.5711378e-01   9.6256382e-01   3.6521081e-01   9.3890942e-01   3.4325038e-01   7.5565232e-01   8.8867448e-01   9.6460358e-01   2.9937968e-01   9.5076332e-01   4.0790399e-01   1.0000000e+00   6.2574968e-02   8.6095554e-01   6.8794147e-01
  -8.4466382e-01   5.7653248e-01   9.8782498e-01   2.4059508e-01   1.0000000e+00   5.5918085e-02   9.8731223e-01   1.5991110e-01   8.7661438e-01   6.9023187e-01   1.0000000e+00   9.9661670e-02   1.0000000e+00   1.0118836e-01   9.7864257e-01  -2.7578563e-01   9.5049104e-01   4.4711733e-01
  -5.7753306e-01   8.4663973e-01   1.0000000e+00  -1.0531332e-01   9.8204360e-01  -2.5754379e-01   1.0000000e+00  -2.9180118e-02   9.6132344e-01   4.1463792e-01   9.9839127e-01  -1.2148845e-01   9.8908512e-01  -2.1358372e-01   8.9882593e-01  -5.3731630e-01   9.9860741e-01   1.6173221e-01
  -2.6274012e-01   8.3106680e-01   9.5121852e-01  -4.3679701e-01   9.1088514e-01  -5.3993675e-01   9.7575443e-01  -2.2311167e-01   1.0000000e+00   8.9639370e-02   9.5645274e-01  -3.5596663e-01   9.1976047e-01  -5.0060382e-01   7.7959213e-01  -6.7946793e-01   1.0000000e+00  -1.4485799e-01
  -6.2052726e-03   5.3730655e-01   8.4884832e-01  -6.9872395e-01   7.9593938e-01  -7.4574418e-01   9.1505613e-01  -4.0401350e-01   9.8815959e-01  -2.4248871e-01   8.7410984e-01  -5.7415417e-01   8.0148277e-01  -7.1587390e-01   6.4675572e-01  -6.7689629e-01   9.5407002e-01  -4.3544410e-01
   1.0708005e-01   6.7804402e-02   7.1006464e-01  -8.3927975e-01   6.5466173e-01  -8.3246225e-01   8.2335238e-01  -5.4003504e-01   9.2865566e-01  -5.2934775e-01   7.5813024e-01  -7.3047449e-01   6.5227763e-01  -8.1669599e-01   5.2824319e-01  -5.3405441e-01   8.6694057e-01  -6.6337975e-01
   4.1289142e-02  -4.1739305e-01   5.5951388e-01  -8.2871547e-01   5.1043633e-01  -7.7774541e-01   7.1249640e-01  -5.9865193e-01   8.3226763e-01  -7.2106766e-01   6.2347012e-01  -7.8022216e-01   4.9696566e-01  -7.7738952e-01   4.4794077e-01  -2.8819783e-01   7.5191640e-01  -7.8579562e-01
  -1.7952467e-01  -7.6005367e-01   4.2434890e-01  -6.6928972e-01   3.8806405e-01  -5.8853664e-01   5.9952544e-01  -5.6047682e-01   7.1623002e-01  -7.8475969e-01   4.9153788e-01  -6.9743958e-01   3.6265932e-01  -6.0101783e-01   4.2014779e-01   8.9859508e-04   6.2778464e-01  -7.7762799e-01
  -4.8233734e-01  -8.5677363e-01   3.2845169e-01  -3.9457728e-01   3.0851581e-01  -3.0036042e-01   5.0315959e-01  -4.2825870e-01   6.0078519e-01  -7.1471758e-01   3.8570668e-01  -4.8690573e-01   2.7284263e-01  -3.2175138e-01   4.4685002e-01   2.6808457e-01   5.1520780e-01  -6.4083696e-01
  -7.7146954e-01  -6.8950520e-01   2.8758033e-01  -6.0874634e-02   2.8456903e-01   3.0986972e-02   4.3929948e-01  -2.2830451e-01   5.0480591e-01  -5.3453870e-01   3.2561226e-01  -1.8596010e-01   2.4201947e-01   2.5592774e-03   5.1837441e-01   4.5937419e-01   4.3230499e-01  -4.0572230e-01
  -9.6067117e-01  -3.2616892e-01   3.0644338e-01   2.6662305e-01   3.1830116e-01   3.4279431e-01   4.1702286e-01  -3.5245320e-03   4.4175083e-01  -2.9005331e-01   3.2206964e-01   1.4479946e-01   2.7244236e-01   3.0536092e-01   6.1659798e-01   5.4229984e-01   3.9067125e-01  -1.2332924e-01
  -1.0000000e+00   1.1234704e-01   3.7845873e-01   5.2859594e-01   4.0114825e-01   5.7956463e-01   4.3653049e-01   1.9941331e-01   4.1723722e-01  -3.5460741e-02   3.7435575e-01   4.3856858e-01   3.5413579e-01   5.2866033e-01   7.1945081e-01   5.0753724e-01   3.9315090e-01   1.4883747e-01
  -8.8571690e-01   4.9496604e-01   4.8779786e-01   6.8064125e-01   5.1610390e-01   7.0145109e-01   4.8968744e-01   3.4080723e-01   4.2892943e-01   1.7901657e-01   4.7070283e-01   6.3712927e-01   4.6779145e-01   6.3378605e-01   8.0493276e-01   3.6520192e-01   4.3403343e-01   3.5954192e-01
  -6.5897001e-01   7.1657205e-01   6.1251315e-01   6.9999193e-01   6.4091177e-01   6.9030885e-01   5.6194360e-01   3.9574541e-01   4.6769278e-01   3.1675166e-01   5.9060057e-01   7.0244296e-01   5.8898992e-01   6.0733681e-01   8.5488047e-01   1.4450367e-01   5.0065938e-01   4.7383141e-01
  -3.8993469e-01   7.2300853e-01   7.2890827e-01   5.8961000e-01   7.5235216e-01   5.5319139e-01   6.3589045e-01   3.5930636e-01   5.2035768e-01   3.6118255e-01   7.0933442e-01   6.2474795e-01   6.9333487e-01   4.6232722e-01   8.5851231e-01  -1.0732546e-01   5.7666670e-01   4.7928421e-01
  -1.5717118e-01   5.2471805e-01   8.1618689e-01   3.7955917e-01   8.3072842e-01   3.2330507e-01   6.9528156e-01   2.4901740e-01   5.7298734e-01   3.1949630e-01   8.0325919e-01   4.2680615e-01   7.6131466e-01   2.3671009e-01   8.1540035e-01  -3.3105087e-01   6.4569059e-01   3.8887182e-01
  -2.3911296e-02   1.9376837e-01   8.6092037e-01   1.2074703e-01   8.6412300e-01   5.3637639e-02   7.2914443e-01   1.0091310e-01   6.1443194e-01   2.2026362e-01   8.5535977e-01   1.5976419e-01   7.8256663e-01  -1.4288138e-02   7.3656433e-01  -4.7079966e-01   6.9519886e-01   2.3737272e-01
  -1.9217144e-02  -1.6300864e-01   8.5961207e-01  -1.2951830e-01   8.5075201e-01  -1.9749670e-01   7.3437144e-01  -4.2301536e-02   6.3893857e-01   1.0288516e-01   8.5916518e-01  -1.1189169e-01   7.5789972e-01  -2.3296192e-01   6.4188655e-01  -4.9259953e-01   7.1915895e-01   6.9839495e-02
  -1.3278147e-01  -4.3939419e-01   8.1833467e-01  -3.2206366e-01   7.9841233e-01  -3.8110781e-01   7.1557763e-01  -1.4403726e-01   6.4667488e-01   4.8750460e-03   8.1929844e-01  -3.2802076e-01   6.9815841e-01  -3.7374806e-01   5.5479504e-01  -3.9441840e-01   7.1845175e-01  -7.1567342e-02
  -3.2057807e-01  -5.6254149e-01   7.5035605e-01  -4.2698419e-01   7.2189881e-01  -4.6876880e-01   6.8301579e-01  -1.8391417e-01   6.4266786e-01  -4.9232148e-02   7.4946650e-01  -4.4818201e-01   6.2087308e-01  -4.1433397e-01   4.9597874e-01  -2.0584672e-01   6.9961549e-01  -1.5867628e-01
  -5.2143363e-01  -5.1262901e-01   6.7213020e-01  -4.3841562e-01   6.3880667e-01  -4.5719564e-01   6.4889351e-01  -1.6198896e-01   6.3427769e-01  -5.3491915e-02   6.6807701e-01  -4.5983340e-01   5.4525575e-01  -3.5929641e-01   4.7814095e-01   2.2082285e-02   6.7208904e-01  -1.8285969e-01
  -6.7708369e-01  -3.2352381e-01   5.9911934e-01  -3.7229205e-01   5.6522463e-01  -3.6557097e-01   6.2358195e-01  -9.6223970e-02   6.2838087e-01  -1.9348848e-02   5.9326530e-01  -3.7757585e-01   4.8732888e-01  -2.3581394e-01   5.0330471e-01   2.3213042e-01   6.4514930e-01  -1.5398546e-01
  -7.4881100e-01  -6.5884870e-02   5.4262858e-01  -2.5824131e-01   5.1251254e-01  -2.2704311e-01   6.1293050e-01  -1.4545202e-02   6.2922644e-01   3.1049636e-02   5.3882919e-01  -2.3486149e-01   4.5656730e-01  -8.3471842e-02   5.6315705e-01   3.7579329e-01   6.2550628e-01  -9.4002394e-02
  -7.2676441e-01   1.7796462e-01   5.0819330e-01  -1.2942165e-01   4.8567376e-01  -7.8285593e-02   6.1719525e-01   5.4789286e-02   6.3740086e-01   7.3416487e-02   5.1180454e-01  -7.2719745e-02   4.5455164e-01   5.7550399e-02   6.4172153e-01   4.2389866e-01   6.1600577e-01  -2.8543190e-02
  -6.2925188e-01   3.3927136e-01   4.9583009e-01  -1.3718696e-02   4.8363553e-01   4.9654528e-02   6.3187248e-01   9.1441933e-02   6.5015236e-01   8.9026989e-02   5.1216736e-01   7.1116974e-02   4.7594334e-01   1.5648474e-01   7.1971854e-01   3.7098451e-01   6.1572099e-01   2.0842190e-02
  -4.9435496e-01   3.8003106e-01   5.0147113e-01   7.1220157e-02   5.0078232e-01   1.3688237e-01   6.4971531e-01   8.7595887e-02   6.6263322e-01   6.9458662e-02   5.3414509e-01   1.6984808e-01   5.1090200e-01   1.9772374e-01   7.7905379e-01   2.3448661e-01   6.2102020e-01   4.1634535e-02
  -3.6692210e-01   3.0150132e-01   5.1898128e-01   1.1978354e-01   5.2918025e-01   1.7712256e-01   6.6331299e-01   4.9204342e-02   6.6965045e-01   1.8609353e-02   5.6858738e-01   2.1229150e-01   5.4824042e-01   1.8275839e-01   8.0686827e-01   5.0228254e-02   6.2719282e-01   3.2664941e-02
  -2.8473629e-01   1.4081641e-01   5.4217849e-01   1.3692675e-01   5.6090032e-01   1.7664744e-01   6.6748713e-01  -6.8081033e-03   6.6743167e-01  -4.8892812e-02   6.0577138e-01   2.0324958e-01   5.7848139e-01   1.2765064e-01   7.9826204e-01  -1.3591009e-01   6.3015857e-01   3.0384191e-03
  -2.6721118e-01  -4.3157030e-02   5.6647048e-01   1.3423513e-01   5.8999863e-01   1.5018657e-01   6.6095192e-01  -5.8747381e-02   6.5498775e-01  -1.1264765e-01   6.3802318e-01   1.5955750e-01   5.9622218e-01   5.6723173e-02   7.5732577e-01  -2.7933681e-01   6.2785536e-01  -3.1971509e-02
  -3.1167805e-01  -1.9052003e-01   5.8949010e-01   1.2459190e-01   6.1340281e-01   1.1485585e-01   6.4639361e-01  -8.7784377e-02   6.3440047e-01  -1.5341698e-01   6.6112262e-01   1.0271708e-01   6.0081309e-01  -5.7359630e-03   6.9563867e-01  -3.4780479e-01   6.2068309e-01  -5.6883184e-02
  -3.9633752e-01  -2.5897909e-01   6.1092178e-01   1.1746463e-01   6.3084970e-01   8.4465206e-02   6.2933561e-01  -8.4072950e-02   6.1018844e-01  -1.5924190e-01   6.7449330e-01   5.1467115e-02   5.9567473e-01  -4.2686890e-02   6.2913428e-01  -3.2927729e-01   6.1112780e-01  -6.1325830e-02
  -4.8910022e-01  -2.3537123e-01   6.3158507e-01   1.1586960e-01   6.4391302e-01   6.5615880e-02   6.1607176e-01  -4.9566204e-02   5.8789131e-01  -1.2889447e-01   6.8018987e-01   1.6418467e-02   5.8643435e-01  -4.8526177e-02   5.7389376e-01  -2.3412359e-01   6.0267157e-01  -4.3208726e-02
  -5.5863738e-01  -1.3679890e-01   6.5222003e-01   1.1593185e-01   6.5461449e-01   5.6756831e-02   6.1147219e-01   3.2366951e-03   5.7242393e-01  -7.1650642e-02   6.8128441e-01  -1.5588081e-03   5.7867425e-01  -2.9179727e-02   5.4214567e-01  -9.1170761e-02   5.9846099e-01  -8.7924103e-03
  -5.8431468e-01  -1.9673547e-03   6.7240086e-01   1.0922243e-01   6.6410255e-01   5.0367906e-02   6.1731980e-01   5.6018431e-02   5.6668120e-01  -3.7526216e-03   6.8026027e-01  -9.1482381e-03   5.7596980e-01   1.5355282e-03   5.3942801e-01   6.1160213e-02   6.0015898e-01   3.0118783e-02
  -5.6127713e-01   1.2315133e-01   6.9011678e-01   8.6937664e-02   6.7199254e-01   3.7211405e-02   6.3184000e-01   9.0868345e-02   5.7091031e-01   5.6860776e-02   6.7810720e-01  -1.5992417e-02   5.7895841e-01   2.7584146e-02   5.6384966e-01   1.8533071e-01   6.0744347e-01   6.0561345e-02
  -5.0055401e-01   1.9968677e-01   7.0208401e-01   4.4253931e-02   6.7644758e-01   1.0792349e-02   6.5031199e-01   9.5893741e-02   5.8283163e-01   9.5670007e-02   6.7420921e-01  -2.9934615e-02   5.8543357e-01   3.6267545e-02   6.0713406e-01   2.5390660e-01   6.1815316e-01   7.2683800e-02
  -4.2430036e-01   2.0685281e-01   7.0475174e-01  -1.6682569e-02   6.7497504e-01  -2.9457464e-02   6.6661302e-01   6.8786724e-02   5.9847063e-01   1.0534499e-01   6.6700093e-01  -5.3506018e-02   5.9140977e-01   2.2241196e-02   6.5720110e-01   2.5545542e-01   6.2903771e-01   6.2792432e-02
  -3.5804807e-01   1.4693164e-01   6.9563126e-01  -8.6314089e-02   6.6559056e-01  -7.7365501e-02   6.7518305e-01   1.7435863e-02   6.1340591e-01   8.7290181e-02   6.5505209e-01  -8.2719735e-02   5.9272909e-01  -1.1030594e-02   7.0148516e-01   1.9604813e-01   6.3683715e-01   3.4363087e-02
  -3.2261839e-01   4.2830548e-02   6.7441961e-01  -1.5006293e-01   6.4786604e-01  -1.2184752e-01   6.7275529e-01  -4.2663061e-02   6.2402697e-01   5.0513419e-02   6.3810670e-01  -1.0854461e-01   5.8663123e-01  -5.2792676e-02   7.3002733e-01   9.6123420e-02   6.3931394e-01  -3.3052247e-03
  -3.2793745e-01  -7.0159738e-02   6.4355433e-01  -1.9248873e-01   6.2351367e-01  -1.5042729e-01   6.5940466e-01  -9.3153255e-02   6.2847421e-01   8.4508030e-03   6.1770630e-01  -1.2022961e-01   5.7283716e-01  -8.8667048e-02   7.3769069e-01  -1.5819238e-02   6.3595066e-01  -3.8130137e-02
  -3.7052428e-01  -1.5668517e-01   6.0794551e-01  -2.0209553e-01   5.9626788e-01  -1.5349819e-01   6.3856085e-01  -1.1867281e-01   6.2699947e-01  -2.5587038e-02   5.9713290e-01  -1.0960431e-01   5.5380197e-01  -1.0565567e-01   7.2498676e-01  -1.1145126e-01   6.2809112e-01  -5.9299820e-02
  -4.3580986e-01  -1.9193251e-01   5.7392456e-01  -1.7461534e-01   5.7105610e-01  -1.2735303e-01   6.1592954e-01  -1.1117724e-01   6.2159415e-01  -4.2247922e-02   5.8062021e-01  -7.4217590e-02   5.3398300e-01  -9.6169239e-02   6.9724937e-01  -1.6941194e-01   6.1843902e-01  -6.0462229e-02
  -5.0320075e-01  -1.6852435e-01   5.4781889e-01  -1.1442870e-01   5.5282323e-01  -7.5594291e-02   5.9786269e-01  -7.2178990e-02   6.1520739e-01  -3.8571956e-02   5.7221302e-01  -1.8754323e-02   5.1857195e-01  -6.0410987e-02   6.6286665e-01  -1.7993924e-01   6.1021616e-01  -4.1540578e-02
  -5.5272649e-01  -9.7244293e-02   5.3448449e-01  -3.3532871e-02   5.4528936e-01  -8.3504462e-03   5.8956108e-01  -1.1991017e-02   6.1073699e-01  -1.8181009e-02   5.7457156e-01   4.5915994e-02   5.1198235e-01  -6.2198759e-03   6.3090073e-01  -1.4592225e-01   6.0617956e-01  -8.4761018e-03
  -5.7117216e-01  -2.2312510e-03   5.3613977e-01   5.1453907e-02   5.4995706e-01   6.0305473e-02   5.9359160e-01   5.3478360e-02   6.1010501e-01   1.0468553e-02   5.8806775e-01   1.0560257e-01   5.1652392e-01   5.3289463e-02   6.0872647e-01  -8.0764310e-02   6.0778102e-01   2.8786164e-02
  -5.5503874e-01   8.7291271e-02   5.5198390e-01   1.2320253e-01   5.6579851e-01   1.1581183e-01   6.0935009e-01   1.0715514e-01   6.1380666e-01   3.7017153e-02   6.1060269e-01   1.4647396e-01   5.3183342e-01   1.0339078e-01   6.0057899e-01  -3.8857956e-03   6.1483415e-01   5.9273723e-02
  -5.1129782e-01   1.4609618e-01   5.7832500e-01   1.6780756e-01   5.8939488e-01   1.4677910e-01   6.3314595e-01   1.3547234e-01   6.2078136e-01   5.2415566e-02   6.3790793e-01   1.5881237e-01   5.5482614e-01   1.3176748e-01   6.0670556e-01   6.4671075e-02   6.2552364e-01   7.4171298e-02
  -4.5411231e-01   1.5983076e-01   6.0956949e-01   1.7774453e-01   6.1582898e-01   1.4758304e-01   6.5934146e-01   1.3166751e-01   6.2888582e-01   5.1429380e-02   6.6458905e-01   1.3944949e-01   5.8058204e-01   1.3160339e-01   6.2390433e-01   1.0917594e-01   6.3700665e-01   6.9127826e-02
  -4.0035627e-01   1.2825473e-01   6.3947205e-01   1.5333425e-01   6.3979731e-01   1.1956507e-01   6.8178575e-01   9.7281985e-02   6.3555978e-01   3.3929541e-02   6.8534370e-01   9.2628304e-02   6.0353924e-01   1.0318274e-01   6.4664177e-01   1.2155755e-01   6.4618454e-01   4.5311117e-02
  -3.6463970e-01   6.4251081e-02   6.6248879e-01   1.0230096e-01   6.5679017e-01   7.0485275e-02   6.9534415e-01   4.1469389e-02   6.3858848e-01   4.7015765e-03   6.9617279e-01   2.8966299e-02   6.1883186e-01   5.3625452e-02   6.6864350e-01   1.0258507e-01   6.5053142e-01   8.9467104e-03
  -3.5495166e-01  -1.1044826e-02   6.7501147e-01   3.7516435e-02   6.6413623e-01   1.2325649e-02   6.9723676e-01  -2.1738454e-02   6.3679630e-01  -2.8177805e-02   6.9536689e-01  -3.7352476e-02   6.2352346e-01  -5.1803493e-03   6.8463051e-01   6.0807414e-02   6.4881464e-01  -3.0566354e-02
  -3.7132978e-01  -7.5361126e-02   6.7587826e-01  -2.6449909e-02   6.6137690e-01  -4.1914286e-02   6.8748137e-01  -7.7376247e-02   6.3029632e-01  -5.5908703e-02   6.8371172e-01  -9.2250252e-02   6.1711003e-01  -5.9889362e-02   6.9141446e-01   9.2889252e-03   6.4131537e-01  -6.3380193e-02
  -4.0644248e-01  -1.1180700e-01   6.6642463e-01  -7.6776207e-02   6.5021879e-01  -8.1334609e-02   6.6877130e-01  -1.1332340e-01   6.2044239e-01  -7.1441045e-02   6.6422019e-01  -1.2514653e-01   6.0153699e-01  -9.9000363e-02   6.8847336e-01  -3.8109092e-02   6.2972970e-01  -8.1782105e-02
  -4.4851122e-01  -1.1333655e-01   6.4989686e-01  -1.0515169e-01   6.3392331e-01  -9.9519082e-02   6.4561879e-01  -1.2310986e-01   6.0940297e-01  -7.1313272e-02   6.4127794e-01  -1.3125659e-01   5.8056046e-01  -1.1549718e-01   6.7773255e-01  -7.0367495e-02   6.1666425e-01  -8.2070887e-02
  -4.8519508e-01  -8.3663317e-02   6.3050586e-01  -1.0905811e-01   6.1640306e-01  -9.5489320e-02   6.2313586e-01  -1.0691107e-01   5.9955066e-01  -5.6252029e-02   6.1954532e-01  -1.1212858e-01   5.5874076e-01  -1.0802958e-01   6.6275777e-01  -8.1648963e-02   6.0494086e-01  -6.5143324e-02
