   8.5634551e-02   3.4796687e-01   1.3238904e-01   3.2661138e-01   2.3797737e-02   2.6279495e-01   6.0775885e-02   1.5631889e-01   2.4410755e-02   3.8287495e-01   8.1821172e-03   3.6484625e-01   1.2527415e-01   8.4295608e-01   1.1698052e-01   4.2438183e-01   9.4039479e-02   2.3744036e-01
   7.7396908e-02  -3.7830372e-01   2.2802343e-01   7.2351703e-01   1.1674525e-01   6.6754604e-01   1.0951662e-01   4.5896232e-01   1.1560896e-01   7.0964011e-01   1.0730458e-01   7.0032465e-01   2.9745301e-01   1.0000000e+00   2.5341609e-01   8.2308792e-01   1.6204198e-01   6.1271031e-01
  -1.4409337e-01  -8.7950913e-01   3.7958208e-01   9.5088686e-01   2.7410115e-01   9.1796182e-01   2.0118922e-01   7.0542857e-01   2.5024327e-01   9.1313214e-01   2.5686652e-01   9.1420667e-01   4.8215634e-01   9.8794189e-01   4.5186623e-01   1.0000000e+00   2.7936618e-01   8.6583097e-01
  -4.7291090e-01  -1.0000000e+00   5.5556748e-01   1.0000000e+00   4.6382344e-01   1.0000000e+00   3.2651306e-01   8.8818918e-01   4.0851495e-01   1.0000000e+00   4.3382182e-01   1.0000000e+00   6.5343165e-01   8.6368436e-01   6.6319906e-01   9.4801013e-01   4.2634823e-01   9.9233374e-01
  -7.7555547e-01  -7.3750045e-01   7.2608284e-01   8.9531041e-01   6.5432468e-01   9.3068220e-01   4.7450582e-01   9.9284237e-01   5.7232881e-01   9.8304259e-01   6.1508364e-01   9.6284982e-01   7.9583806e-01   6.8130271e-01   8.4293537e-01   7.1454247e-01   5.8367404e-01   1.0000000e+00
  -9.4327925e-01  -2.3070416e-01   8.6721184e-01   6.7626498e-01   8.1921314e-01   7.4335619e-01   6.3147990e-01   1.0000000e+00   7.2577627e-01   8.7574003e-01   7.7918837e-01   8.1479496e-01   9.0232525e-01   4.7683402e-01   9.6013917e-01   3.7398003e-01   7.3375844e-01   9.0223987e-01
  -9.2582484e-01   3.2557083e-01   9.6205786e-01   3.8052759e-01   9.3886487e-01   4.7218829e-01   7.8077508e-01   8.9178007e-01   8.5515823e-01   6.9154638e-01   9.0733275e-01   5.7271365e-01   9.7061942e-01   2.6633426e-01   1.0000000e+00   4.4187203e-04   8.6127399e-01   7.1393376e-01
  -7.3779018e-01   7.5484413e-01   1.0000000e+00   4.2010719e-02   1.0000000e+00   1.4864281e-01   9.0357362e-01   6.6092879e-01   9.4906159e-01   4.4559435e-01   9.8430987e-01   2.5976259e-01   1.0000000e+00   5.3175494e-02   9.6257613e-01  -3.4141552e-01   9.5330867e-01   4.5186479e-01
  -4.4492273e-01   9.3080581e-01   9.7673100e-01  -3.0063826e-01   9.9572456e-01  -1.9187263e-01   9.8142756e-01   3.2033773e-01   9.9890408e-01   1.5769600e-01   1.0000000e+00  -9.1139270e-02   9.9008689e-01  -1.6078377e-01   8.6080714e-01  -5.9459260e-01   1.0000000e+00   1.3888799e-01
  -1.4436856e-01   7.9901246e-01   8.9575852e-01  -5.9785723e-01   9.2702020e-01  -5.0334127e-01   1.0000000e+00  -8.8795974e-02   1.0000000e+00  -1.4356661e-01   9.5146313e-01  -4.3371679e-01   9.4152714e-01  -3.6481364e-01   7.1879450e-01  -7.1296559e-01   9.9588528e-01  -1.9062823e-01
   6.4376598e-02   4.0282298e-01   7.7001599e-01  -7.9571509e-01   8.0472323e-01  -7.3267105e-01   9.5370740e-01  -4.9719033e-01   9.5324759e-01  -4.1901607e-01   8.4538329e-01  -7.1053943e-01   8.5820070e-01  -5.3430928e-01   5.6817232e-01  -6.7463836e-01   9.4193233e-01  -4.8957717e-01
   1.1261502e-01  -1.2433487e-01   6.2111812e-01  -8.5362749e-01   6.4951872e-01  -8.3494252e-01   8.4901237e-01  -8.2358977e-01   8.6645135e-01  -6.2532472e-01   6.9901620e-01  -8.6631282e-01   7.4937566e-01  -6.3720661e-01   4.4149878e-01  -4.9374654e-01   8.4695949e-01  -7.0692068e-01
  -1.4594816e-02  -6.0771691e-01   4.7551631e-01  -7.5930250e-01   4.8870320e-01  -7.8923108e-01   7.0442589e-01  -9.9886431e-01   7.5402710e-01  -7.2725531e-01   5.3814030e-01  -8.6585335e-01   6.2992767e-01  -6.4663448e-01   3.6449385e-01  -2.1867654e-01   7.2713154e-01  -8.0218163e-01
  -2.7521055e-01  -8.9400113e-01   3.5895757e-01  -5.3276103e-01   3.5064843e-01  -6.0580765e-01   5.4690024e-01  -9.8669616e-01   6.3468701e-01  -7.0913175e-01   3.9206151e-01  -7.0717960e-01   5.1827350e-01  -5.5243492e-01   3.5014876e-01   8.2458951e-02   6.0325758e-01  -7.5811012e-01
  -5.8639002e-01  -9.0101321e-01   2.9111594e-01  -2.2092867e-01   2.5881667e-01  -3.2378861e-01   4.0572427e-01  -7.9434486e-01   5.2765855e-01  -5.8076585e-01   2.8709838e-01  -4.2466658e-01   4.3262471e-01  -3.6752218e-01   3.9659279e-01   3.4140814e-01   4.9656526e-01  -5.8709151e-01
  -8.5319757e-01  -6.4145680e-01   2.8176233e-01   1.1412160e-01   2.2699019e-01  -1.1259149e-03   3.0571755e-01  -4.7052499e-01   4.4856664e-01  -3.7535992e-01   2.4050491e-01  -8.0906502e-02   3.8674028e-01  -1.2668902e-01   4.8898070e-01   5.0728142e-01   4.2411409e-01  -3.2902781e-01
  -1.0000000e+00  -2.1033450e-01   3.2937143e-01   4.1018620e-01   2.5697949e-01   3.0030804e-01   2.6174048e-01  -9.0041375e-02   4.0630317e-01  -1.3934259e-01   2.5676671e-01   2.5092068e-01   3.8662521e-01   1.2282905e-01   6.0436355e-01   5.5527532e-01   3.9521598e-01  -4.0172274e-02
  -9.9125570e-01   2.5627277e-01   4.2231369e-01   6.1679404e-01   3.3930540e-01   5.2783125e-01   2.7634382e-01   2.6675419e-01   4.0198262e-01   8.0255538e-02   3.2753242e-01   5.0554650e-01   4.2946133e-01   3.3361714e-01   7.1717857e-01   4.8464905e-01   4.1011106e-01   2.2154424e-01
  -8.3818489e-01   6.2408360e-01   5.4146873e-01   7.0149472e-01   4.5570418e-01   6.4547500e-01   3.4017230e-01   5.3047227e-01   4.2959121e-01   2.4499683e-01   4.3415549e-01   6.3782763e-01   5.0439788e-01   4.6711926e-01   8.0374074e-01   3.1370138e-01   4.6060142e-01   4.0819340e-01
  -5.9202216e-01   7.9659557e-01   6.6394420e-01   6.5447050e-01   5.8297306e-01   6.3874387e-01   4.3477489e-01   6.5598935e-01   4.7798618e-01   3.3153218e-01   5.5221554e-01   6.3008435e-01   5.9488305e-01   5.0086759e-01   8.4621028e-01   7.7882987e-02   5.3238355e-01   4.9078856e-01
  -3.2671879e-01   7.3631421e-01   7.6732889e-01   4.9125229e-01   6.9738181e-01   5.1693409e-01   5.3716319e-01   6.3078013e-01   5.3371745e-01   3.3523741e-01   6.5678271e-01   4.9444494e-01   6.8214896e-01   4.3357290e-01   8.3594295e-01  -1.7192241e-01   6.0847025e-01   4.6427827e-01
  -1.1779934e-01   4.7507438e-01   8.3411544e-01   2.5198402e-01   7.7923661e-01   3.1276273e-01   6.2509726e-01   4.7856309e-01   5.8415178e-01   2.7154943e-01   7.2767955e-01   2.7142879e-01   7.4925875e-01   2.8750645e-01   7.7614949e-01  -3.7681751e-01   6.7299906e-01   3.4903233e-01
  -1.8576732e-02   1.0360727e-01   8.5568339e-01  -8.1431638e-03   8.1715368e-01   7.4677452e-02   6.8270495e-01   2.5207409e-01   6.2068541e-01   1.7106550e-01   7.5427452e-01   1.9832932e-02   7.8536686e-01   1.0315531e-01   6.8213160e-01  -4.8666554e-01   7.1509749e-01   1.8467965e-01
  -4.7093467e-02  -2.6149904e-01   8.3327950e-01  -2.3394995e-01   8.0951496e-01  -1.4608707e-01   7.0332083e-01   1.5794874e-02   6.4015181e-01   6.9127613e-02   7.3692003e-01  -1.9961013e-01   7.8764674e-01  -7.3234660e-02   5.7738131e-01  -4.7588548e-01   7.3064721e-01   1.7401989e-02
  -1.8246549e-01  -5.1503247e-01   7.7698786e-01  -3.8422307e-01   7.6400067e-01  -3.0826990e-01   6.9014510e-01  -1.7273054e-01   6.4486738e-01  -5.1969316e-03   6.8609768e-01  -3.4045476e-01   7.6135507e-01  -2.0285817e-01   4.8743288e-01  -3.5174539e-01   7.2246763e-01  -1.1330909e-01
  -3.7502392e-01  -5.9483447e-01   7.0226988e-01  -4.4021586e-01   6.9458522e-01  -3.8926107e-01   6.5378013e-01  -2.7761761e-01   6.4079961e-01  -3.7048102e-02   6.1855663e-01  -3.8137013e-01   7.1736745e-01  -2.6417078e-01   4.3298949e-01  -1.5069221e-01   6.9833449e-01  -1.8441786e-01
  -5.6383588e-01  -4.9692184e-01   6.2573517e-01  -4.0731530e-01   6.1754623e-01  -3.8787344e-01   6.0824934e-01  -2.9109329e-01   6.3497180e-01  -2.8220441e-02   5.5236254e-01  -3.2886358e-01   6.6859535e-01  -2.5645120e-01   4.2487391e-01   7.3606564e-02   6.6805598e-01  -1.9291661e-01
  -6.9593520e-01  -2.7029136e-01   5.6124468e-01  -3.0987092e-01   5.4755456e-01  -3.2087304e-01   5.6674186e-01  -2.3057384e-01   6.3295401e-01   6.2097372e-03   5.0223938e-01  -2.1163850e-01   6.2638937e-01  -1.9648830e-01   4.6205547e-01   2.6594350e-01   6.4051089e-01  -1.5283974e-01
  -7.4090949e-01   4.1769844e-03   5.1735384e-01  -1.8162253e-01   4.9488363e-01  -2.1530610e-01   5.3838450e-01  -1.2901444e-01   6.3723880e-01   4.4934372e-02   4.7646801e-01  -6.9650241e-02   5.9801661e-01  -1.1063158e-01   5.3285625e-01   3.8356093e-01   6.2152701e-01  -8.7924603e-02
  -6.9732507e-01   2.4151299e-01   4.9652409e-01  -5.5371562e-02   4.6420741e-01  -9.9786287e-02   5.2668578e-01  -2.2911604e-02   6.4682693e-01   6.8148157e-02   4.7588280e-01   5.8015359e-02   5.8569320e-01  -2.5738912e-02   6.1863457e-01   4.0490623e-01   6.1299128e-01  -2.3069485e-02
  -5.8947882e-01   3.7684450e-01   4.9607089e-01   4.4460934e-02   4.5505442e-01   2.1469665e-03   5.2988014e-01   5.7693729e-02   6.5802118e-01   6.3264261e-02   4.9501997e-01   1.4247229e-01   5.8722991e-01   3.7711464e-02   6.9864774e-01   3.3165551e-01   6.1328202e-01   2.2431439e-02
  -4.5775252e-01   3.8177520e-01   5.1002871e-01   1.0578873e-01   4.6319817e-01   7.6014906e-02   5.4246992e-01   9.5912454e-02   6.6589078e-01   2.8148448e-02   5.2452705e-01   1.7072230e-01   5.9759580e-01   6.9727466e-02   7.5482923e-01   1.8646625e-01   6.1849021e-01   3.9154017e-02
  -3.4496948e-01   2.6959878e-01   5.3143841e-01   1.2915288e-01   4.8259989e-01   1.1757068e-01   5.5755362e-01   9.0519171e-02   6.6606083e-01  -2.8622726e-02   5.5427368e-01   1.4689536e-01   6.1099560e-01   7.1724758e-02   7.7568526e-01   6.9465300e-03   6.2411344e-01   2.8740099e-02
  -2.8363455e-01   8.7910613e-02   5.5431433e-01   1.2487825e-01   5.0724638e-01   1.3136995e-01   5.6909955e-01   5.3904503e-02   6.5622026e-01  -9.0606374e-02   5.7615792e-01   8.8962851e-02   6.2273514e-01   5.4207136e-02   7.5848191e-01  -1.6299997e-01   6.2661734e-01   1.8676358e-03
  -2.8624685e-01  -9.8777736e-02   5.7509556e-01   1.0804886e-01   5.3267711e-01   1.2737213e-01   5.7380359e-01   6.3338028e-03   6.3710699e-01  -1.3890181e-01   5.8623405e-01   2.1834300e-02   6.3060130e-01   3.1891046e-02   7.0971033e-01  -2.8387236e-01   6.2461985e-01  -2.6349322e-02
  -3.4413229e-01  -2.3121050e-01   5.9283891e-01   9.2685896e-02   5.5648455e-01   1.1636845e-01   5.7156966e-01  -3.1985669e-02   6.1228012e-01  -1.5843726e-01   5.8501899e-01  -3.1193755e-02   6.3496078e-01   1.7756608e-02   6.4286793e-01  -3.2985648e-01   6.1902650e-01  -4.2211271e-02
  -4.3203705e-01  -2.7320080e-01   6.0865826e-01   8.7163911e-02   5.7813078e-01   1.0608088e-01   5.6501563e-01  -4.7580952e-02   5.8712159e-01  -1.4273930e-01   5.7660986e-01  -5.5354287e-02   6.3804944e-01   1.8482682e-02   5.7493353e-01  -2.9487288e-01   6.1246775e-01  -3.8095211e-02
  -5.1784118e-01  -2.2076898e-01   6.2445793e-01   9.1872676e-02   5.9807272e-01   9.8797657e-02   5.5806293e-01  -3.7499134e-02   5.6721882e-01  -9.5763651e-02   5.6671905e-01  -4.7952203e-02   6.4257516e-01   3.2501073e-02   5.2196994e-01  -1.9318601e-01   6.0812218e-01  -1.4716472e-02
  -5.7332319e-01  -9.9942785e-02   6.4153558e-01   9.9902408e-02   6.1666940e-01   9.1391438e-02   5.5427378e-01  -8.9767244e-03   5.5675324e-01  -3.0248365e-02   5.6048472e-01  -1.7570832e-02   6.5028444e-01   5.1317007e-02   4.9524234e-01  -5.4486010e-02   6.0844581e-01   1.9734295e-02
  -5.8263953e-01   4.4516091e-02   6.5953914e-01   1.0037602e-01   6.3330591e-01   7.7550810e-02   5.5551036e-01   2.4331260e-02   5.5737143e-01   3.6501886e-02   5.6074466e-01   2.0180775e-02   6.6100216e-01   6.3311169e-02   4.9878620e-01   8.4805237e-02   6.1423153e-01   5.2927032e-02
  -5.4602594e-01   1.6478293e-01   6.7618061e-01   8.3226352e-02   6.4610940e-01   5.1317213e-02   5.6135916e-01   4.7894858e-02   5.6786691e-01   8.7834393e-02   5.6729104e-01   4.8626331e-02   6.7249799e-01   5.8498981e-02   5.2902762e-01   1.9122974e-01   6.2430979e-01   7.2862011e-02
  -4.7827685e-01   2.2456430e-01   6.8779246e-01   4.3625859e-02   6.5236204e-01   1.0461675e-02   5.6941719e-01   5.1519217e-02   5.8467877e-01   1.1230945e-01   5.7720393e-01   5.5596154e-02   6.8117552e-01   3.2512380e-02   5.7631480e-01   2.4227845e-01   6.3592937e-01   7.1888317e-02
  -4.0298727e-01   2.0897794e-01   6.9052757e-01  -1.5457673e-02   6.4945311e-01  -4.1571102e-02   5.7626780e-01   3.2713056e-02   6.0300985e-01   1.0651269e-01   5.8605727e-01   3.7136385e-02   6.8332923e-01  -1.1389136e-02   6.2781668e-01   2.3095007e-01   6.4565894e-01   4.9154955e-02
  -3.4466255e-01   1.2743300e-01   6.8176037e-01  -8.3487111e-02   6.3599222e-01  -9.5911920e-02   5.7876314e-01  -2.7005308e-03   6.1820421e-01   7.5479060e-02   5.8954278e-01  -1.5795288e-03   6.7652300e-01  -6.2910663e-02   6.7092066e-01   1.6607005e-01   6.5049321e-01   1.0832840e-02
  -3.2111870e-01   9.2410671e-03   6.6120948e-01  -1.4519020e-01   6.1266737e-01  -1.4057600e-01   5.7518112e-01  -4.2716744e-02   6.2699584e-01   3.0756312e-02   5.8499192e-01  -4.8192069e-02   6.6063610e-01  -1.0770396e-01   6.9627090e-01   6.8710192e-02   6.4881859e-01  -3.1846381e-02
  -3.3821691e-01  -1.0695907e-01   6.3141664e-01  -1.8514598e-01   5.8253141e-01  -1.6412096e-01   5.6590826e-01  -7.3411011e-02   6.2831204e-01  -1.3433985e-02   5.7236503e-01  -8.7435998e-02   6.3822799e-01  -1.3197154e-01   6.9979098e-01  -3.4345563e-02   6.4096072e-01  -6.6233852e-02
  -3.8908624e-01  -1.8586076e-01   5.9731862e-01  -1.9232212e-01   5.5050824e-01  -1.5917290e-01   5.5333074e-01  -8.3622973e-02   6.2331708e-01  -4.4504672e-02   5.5427848e-01  -1.0611011e-01   6.1397872e-01  -1.2686296e-01   6.8303917e-01  -1.1781504e-01   6.2906242e-01  -8.2186968e-02
  -4.5701479e-01  -2.0593817e-01   5.6518013e-01  -1.6323070e-01   5.2236587e-01  -1.2474243e-01   5.4112195e-01  -6.8506587e-02   6.1486228e-01  -5.4932890e-02   5.3525826e-01  -9.7094184e-02   5.9351097e-01  -9.1308816e-02   6.5225713e-01  -1.6388961e-01   6.1645714e-01  -7.5030364e-02
  -5.2117048e-01  -1.6496032e-01   5.4112907e-01  -1.0297288e-01   5.0339052e-01  -6.6762555e-02   5.3311383e-01  -3.1017298e-02   6.0649375e-01  -4.3956060e-02   5.2041231e-01  -6.1379867e-02   5.8188053e-01  -3.2516917e-02   6.1636029e-01  -1.6576539e-01   6.0669480e-01  -4.6790242e-02
  -5.6337263e-01  -7.9052719e-02   5.2966083e-01  -2.3907142e-02   4.9709632e-01   3.3109292e-03   5.3208230e-01   1.9106564e-02   6.0131275e-01  -1.7134016e-02   5.1390214e-01  -7.5660157e-03   5.8215137e-01   3.6037992e-02   5.8441006e-01  -1.2807054e-01   6.0249493e-01  -5.3616560e-03
  -5.7260457e-01   2.3900720e-02   5.3276461e-01   5.7473215e-02   5.0454183e-01   7.1241222e-02   5.3903542e-01   6.8350902e-02   6.0121931e-01   1.5887276e-02   5.1793040e-01   5.0868713e-02   5.9472202e-01   9.8201780e-02   5.6364891e-01  -6.4240578e-02   6.0511657e-01   3.7957198e-02
  -5.4871369e-01   1.1307327e-01   5.4926615e-01   1.2450122e-01   5.2387486e-01   1.2339468e-01   5.5269500e-01   1.0327322e-01   6.0628150e-01   4.4311530e-02   5.3190728e-01   9.9209111e-02   6.1695070e-01   1.3943015e-01   5.5761542e-01   7.3646691e-03   6.1387988e-01   7.1619808e-02
  -5.0058036e-01   1.6428676e-01   5.7541463e-01   1.6422986e-01   5.5099676e-01   1.4984341e-01   5.7003518e-01   1.1431786e-01   6.1500829e-01   5.9404595e-02   5.5286566e-01   1.2558857e-01   6.4406387e-01   1.5035901e-01   5.6605126e-01   6.8730663e-02   6.2656654e-01   8.6991054e-02
  -4.4339668e-01   1.6617983e-01   6.0566168e-01   1.7020645e-01   5.8038139e-01   1.4651341e-01   5.8697766e-01   9.8304752e-02   6.2477203e-01   5.6688068e-02   5.7611396e-01   1.2385618e-01   6.7018628e-01   1.2903841e-01   5.8520326e-01   1.0627027e-01   6.3995076e-01   8.0459955e-02
  -3.9355541e-01   1.2255823e-01   6.3400909e-01   1.4367391e-01   6.0636826e-01   1.1592183e-01   5.9952451e-01   5.9204497e-02   6.3265231e-01   3.6969372e-02   5.9649900e-01   9.5010060e-02   6.8982360e-01   8.1232883e-02   6.0919130e-01   1.1375892e-01   6.5070836e-01   5.4219197e-02
  -3.6395164e-01   4.9830642e-02   6.5530637e-01   9.2747870e-02   6.2435490e-01   6.6225295e-02   6.0477065e-01   6.8007485e-03   6.3625678e-01   5.7453081e-03   6.0965959e-01   4.6548402e-02   6.9911317e-01   1.8668117e-02   6.3166352e-01   9.2956123e-02   6.5625552e-01   1.5366197e-02
  -3.6057533e-01  -2.8701918e-02   6.6629693e-01   3.0128067e-02   6.3171473e-01   9.0738396e-03   6.0162338e-01  -4.6058419e-02   6.3436604e-01  -2.8539284e-02   6.1304475e-01  -9.6908766e-03   6.9666901e-01  -4.4056559e-02   6.4739158e-01   5.2367633e-02   6.5537637e-01  -2.6144015e-02
  -3.8144062e-01  -9.0559522e-02   6.6614960e-01  -3.0326617e-02   6.2819942e-01  -4.3406002e-02   5.9100410e-01  -8.7118210e-02   6.2721710e-01  -5.7085850e-02   6.0642359e-01  -6.0878988e-02   6.8375909e-01  -9.3349654e-02   6.5343936e-01   4.2312737e-03   6.4845726e-01  -6.0347502e-02
  -4.1807854e-01  -1.2042244e-01   6.5634566e-01  -7.6829239e-02   6.1573474e-01  -8.1347865e-02   5.7548641e-01  -1.0778182e-01   6.1634606e-01  -7.3090634e-02   5.9174435e-01  -9.6365499e-02   6.6379344e-01  -1.1978805e-01   6.4955192e-01  -3.8959600e-02   6.3726966e-01  -7.9765115e-02
  -4.5859523e-01  -1.1377324e-01   6.4009579e-01  -1.0205289e-01   5.9778844e-01  -9.9078004e-02   5.5857458e-01  -1.0497020e-01   6.0412800e-01  -7.3333383e-02   5.7252216e-01  -1.0998592e-01   6.4138109e-01  -1.1998346e-01   6.3788458e-01  -6.7519263e-02   6.2445029e-01  -8.1036589e-02
  -4.9147007e-01  -7.7080533e-02   6.2142887e-01  -1.0421098e-01   5.7845570e-01  -9.5877736e-02   5.4379445e-01  -8.1401924e-02   5.9313092e-01  -5.8681296e-02   5.5290526e-01  -1.0105257e-01   6.2117031e-01  -9.6790632e-02   6.2217356e-01  -7.6585006e-02   6.1280292e-01  -6.5367773e-02
