   5.3322131e-03   2.8033722e-01   7.6307643e-02   9.6011441e-02   1.8019223e-01   2.1116787e-01   3.1624456e-02   5.6181105e-01   5.8454790e-02   3.6184016e-02   6.1801927e-02   5.4403708e-01   1.7047613e-01   5.0666134e-01   1.3697014e-01   1.6315206e-02   1.5391859e-02   5.1231919e-01
  -2.2656559e-02  -4.4440235e-01   1.4142699e-01   5.5873320e-01   2.5260301e-01   6.3245825e-01   1.5660466e-01   8.5339720e-01   9.6446269e-02   4.1678327e-01   1.8942200e-01   8.4171775e-01   2.6676068e-01   7.8240322e-01   1.9224091e-01   5.2105964e-01   1.3395403e-01   8.0487179e-01
  -2.3627588e-01  -9.2054375e-01   2.8207443e-01   8.7062566e-01   3.8329603e-01   9.0185176e-01   3.1865381e-01   9.9192470e-01   1.9043550e-01   7.1667269e-01   3.5753347e-01   9.9119047e-01   3.9519717e-01   9.4445403e-01   3.3349778e-01   8.6776075e-01   2.9278929e-01   9.6606810e-01
  -5.3514231e-01  -1.0000000e+00   4.6546946e-01   1.0000000e+00   5.4477603e-01   1.0000000e+00   4.9299769e-01   1.0000000e+00   3.2545216e-01   9.1542628e-01   5.3973617e-01   1.0000000e+00   5.3954555e-01   1.0000000e+00   5.2280810e-01   1.0000000e+00   4.6872287e-01   1.0000000e+00
  -7.9787152e-01  -6.9505723e-01   6.5645883e-01   9.5306355e-01   7.0894833e-01   9.3783562e-01   6.5959581e-01   9.0757601e-01   4.8376821e-01   1.0000000e+00   7.1227620e-01   8.8842418e-01   6.8468435e-01   9.5623691e-01   7.1671738e-01   9.1848719e-01   6.4066808e-01   9.2476810e-01
  -9.2908320e-01  -1.5743522e-01   8.2382795e-01   7.6167337e-01   8.5127327e-01   7.4449135e-01   8.0342986e-01   7.4114188e-01   6.4625576e-01   9.6662486e-01   8.5561635e-01   6.8169519e-01   8.1636678e-01   8.1760467e-01   8.7668240e-01   6.6857500e-01   7.9131512e-01   7.6338450e-01
  -8.8955399e-01   4.0857461e-01   9.4362559e-01   4.6678152e-01   9.5267733e-01   4.5449473e-01   9.1337481e-01   5.1893939e-01   7.9402269e-01   8.2209668e-01   9.5488580e-01   4.0580365e-01   9.2089534e-01   5.8813433e-01   9.7561885e-01   3.1586116e-01   9.0734191e-01   5.3719851e-01
  -6.9902989e-01   8.2287990e-01   1.0000000e+00   1.1144161e-01   1.0000000e+00   1.0446819e-01   9.8091786e-01   2.5422065e-01   9.1015965e-01   5.8371170e-01   1.0000000e+00   8.8157620e-02   9.8552752e-01   2.7812624e-01   1.0000000e+00  -7.0273185e-02   9.7898078e-01   2.6553519e-01
  -4.2317136e-01   9.6215358e-01   9.8583313e-01  -2.5584891e-01   9.8670861e-01  -2.6188125e-01   1.0000000e+00  -3.6599826e-02   9.8142303e-01   2.7909115e-01   9.8622566e-01  -2.3882680e-01   1.0000000e+00  -8.7788900e-02   9.5007556e-01  -4.2042715e-01   1.0000000e+00  -3.0214624e-02
  -1.5355062e-01   7.8322451e-01   9.0422060e-01  -5.7759927e-01   9.1452758e-01  -5.8924887e-01   9.6834764e-01  -3.2477587e-01   1.0000000e+00  -5.2494139e-02   9.1546245e-01  -5.3365161e-01   9.5917501e-01  -4.6332924e-01   8.3970108e-01  -6.6837375e-01   9.6854135e-01  -3.2108647e-01
   2.0678825e-02   3.4416605e-01   7.6977995e-01  -7.9447451e-01   7.9510086e-01  -8.1699969e-01   8.9000398e-01  -5.6737513e-01   9.6546328e-01  -3.6144243e-01   7.9790064e-01  -7.4784186e-01   8.6636218e-01  -7.8242661e-01   6.9457885e-01  -7.6407425e-01   8.8873438e-01  -5.6930172e-01
   4.1477576e-02  -2.0962144e-01   6.0740502e-01  -8.6201729e-01   6.4947758e-01  -8.9623642e-01   7.7695390e-01  -7.1796499e-01   8.8577614e-01  -5.9630436e-01   6.5227176e-01  -8.3773430e-01   7.3507192e-01  -9.7550775e-01   5.4734052e-01  -6.9017778e-01   7.7169947e-01  -7.3515518e-01
  -9.8331746e-02  -6.9588422e-01   4.4783280e-01  -7.6599054e-01   5.0466507e-01  -8.0695095e-01   6.4835637e-01  -7.4301983e-01   7.7659032e-01  -7.1693708e-01   5.0360108e-01  -7.7991096e-01   5.8791260e-01  -9.9245089e-01   4.3000435e-01  -4.7034549e-01   6.3491749e-01  -7.8862994e-01
  -3.5388614e-01  -9.6031125e-01   3.2112099e-01  -5.2768201e-01   3.8797585e-01  -5.6592762e-01   5.2704415e-01  -6.3532822e-01   6.5836223e-01  -7.0634301e-01   3.7845282e-01  -5.8190389e-01   4.5223254e-01  -8.2129625e-01   3.6623645e-01  -1.6292308e-01   4.9952684e-01  -7.1985927e-01
  -6.4490641e-01  -9.2728213e-01   2.5012903e-01  -1.9846327e-01   3.2097421e-01  -2.2333885e-01   4.3438235e-01  -4.1872116e-01   5.5198868e-01  -5.7611925e-01   2.9903558e-01  -2.8332891e-01   3.5379955e-01  -4.9506695e-01   3.6600842e-01   1.5634458e-01   3.8619998e-01  -5.4394785e-01
  -8.8290600e-01  -6.1961110e-01   2.4603226e-01   1.5374962e-01   3.1496861e-01   1.5023082e-01   3.8533896e-01  -1.4208976e-01   4.7437048e-01  -3.6290164e-01   2.7820227e-01   5.3558953e-02   3.1070275e-01  -8.3697956e-02   4.2433296e-01   4.1531039e-01   3.1094501e-01  -2.9793638e-01
  -1.0000000e+00  -1.4469165e-01   3.0655601e-01   4.6121676e-01   3.6887826e-01   4.8142947e-01   3.8511325e-01   1.3440547e-01   4.3499381e-01  -1.1758666e-01   3.1659838e-01   3.6019525e-01   3.2904782e-01   3.2506797e-01   5.2364679e-01   5.6272786e-01   2.8187085e-01  -3.1168036e-02
  -9.6781710e-01   3.5022176e-01   4.1756244e-01   6.6976482e-01   4.7028993e-01   7.0959987e-01   4.2868929e-01   3.5500045e-01   4.3481142e-01   1.0822145e-01   4.0321481e-01   5.7813961e-01   4.0215709e-01   6.4811890e-01   6.3901590e-01   5.7521054e-01   2.9819678e-01   2.0699070e-01
  -8.0208718e-01   7.2299281e-01   5.5635913e-01   7.4574367e-01   5.9835491e-01   7.9564230e-01   5.0257837e-01   4.7884788e-01   4.6701141e-01   2.7224390e-01   5.1818907e-01   6.6916961e-01   5.1251461e-01   8.2306615e-01   7.4355515e-01   4.5687286e-01   3.5113602e-01   3.7658488e-01
  -5.5596441e-01   8.7502000e-01   6.9613756e-01   6.8099877e-01   7.2793048e-01   7.2852322e-01   5.8803840e-01   4.8775845e-01   5.1913130e-01   3.4937160e-01   6.3705936e-01   6.2184685e-01   6.3566928e-01   8.2051767e-01   8.1389704e-01   2.3827448e-01   4.2617797e-01   4.5441065e-01
  -3.0203307e-01   7.7551361e-01   8.1122711e-01   4.9480686e-01   8.3466665e-01   5.2802718e-01   6.6551946e-01   3.9009020e-01   5.7639666e-01   3.3620739e-01   7.3598975e-01   4.5374027e-01   7.4578231e-01   6.5033838e-01   8.3510702e-01  -2.7718006e-02   5.0655794e-01   4.3797814e-01
  -1.1133648e-01   4.6760238e-01   8.8201160e-01   2.3104182e-01   8.9982389e-01   2.4187207e-01   7.1905109e-01   2.1923492e-01   6.2522126e-01   2.5125159e-01   7.9664563e-01   2.0847795e-01   8.2118412e-01   3.6007601e-01   8.0409885e-01  -2.7551118e-01   5.7684628e-01   3.4530772e-01
  -3.1964525e-02   5.4524717e-02   8.9909994e-01  -5.1837064e-02   9.1440451e-01  -6.5290583e-02   7.4014814e-01   2.4760842e-02   6.5657134e-01   1.2920281e-01   8.1037222e-01  -5.4399649e-02   8.4945797e-01   2.3332318e-02   7.3088041e-01  -4.4393711e-01   6.2633797e-01   2.0947453e-01
  -7.6527374e-02  -3.3777812e-01   8.6450763e-01  -2.9617989e-01   8.8040003e-01  -3.2925296e-01   7.2920114e-01  -1.4283709e-01   6.6762041e-01   9.2583312e-03   7.7946970e-01  -2.7580367e-01   8.2963360e-01  -2.8134439e-01   6.3554515e-01  -4.9413077e-01   6.5074466e-01   6.8099927e-02
  -2.2153008e-01  -5.9929455e-01   7.9017165e-01  -4.5832174e-01   8.0939605e-01  -5.0132713e-01   6.9440315e-01  -2.4562302e-01   6.6150984e-01  -7.6166916e-02   7.1573471e-01  -4.1163666e-01   7.7138656e-01  -4.9019546e-01   5.4280821e-01  -4.1953241e-01   6.5206369e-01  -4.6666668e-02
  -4.1689093e-01  -6.6815328e-01   6.9436897e-01  -5.1750312e-01   7.1908824e-01  -5.5869354e-01   6.4874538e-01  -2.6756031e-01   6.4553694e-01  -1.1001073e-01   6.3681000e-01  -4.4287742e-01   6.9176238e-01  -5.6914123e-01   4.7537836e-01  -2.4631935e-01   6.3693387e-01  -1.1575894e-01
  -6.0332884e-01  -5.4532616e-01   5.9693213e-01  -4.7792327e-01   6.2857918e-01  -5.0687964e-01   6.0588033e-01  -2.1657727e-01   6.2828765e-01  -9.3417548e-02   5.6126659e-01  -3.7776414e-01   6.1023471e-01  -5.1905739e-01   4.4818496e-01  -2.4061063e-02   6.1395974e-01  -1.3598443e-01
  -7.3075936e-01  -2.8722455e-01   5.1480322e-01  -3.6372869e-01   5.5399539e-01  -3.7407250e-01   5.7634222e-01  -1.1896191e-01   6.1684794e-01  -4.2332055e-02   5.0408715e-01  -2.4582873e-01   5.4381191e-01  -3.7044616e-01   4.6521720e-01   1.8954228e-01   5.9103565e-01  -1.1755412e-01
  -7.7111970e-01   1.7417415e-02   4.5916697e-01  -2.0987554e-01   5.0567098e-01  -2.0063860e-01   5.6531662e-01  -9.3736459e-03   6.1502658e-01   1.9640691e-02   4.7387261e-01  -8.7322657e-02   5.0366840e-01  -1.7138667e-01   5.1953606e-01   3.4364529e-01   5.7353289e-01  -7.8370795e-02
  -7.2475786e-01   2.7715633e-01   4.3410706e-01  -5.2036455e-02   4.8685367e-01  -2.7442635e-02   5.7193294e-01   8.0110749e-02   6.2261138e-01   6.9353546e-02   4.7171417e-01   5.8454564e-02   4.9333486e-01   2.6816982e-02   5.9571459e-01   4.0629856e-01   5.6338110e-01  -3.7360732e-02
  -6.1615945e-01   4.2359439e-01   4.3747125e-01   8.0887393e-02   4.9463821e-01   1.1296051e-01   5.9066244e-01   1.2792182e-01   6.3614342e-01   9.0397035e-02   4.9245697e-01   1.6193666e-01   5.0941307e-01   1.8167661e-01   6.7435994e-01   3.6905023e-01   5.5952466e-01  -9.1848129e-03
  -4.8477608e-01   4.2787893e-01   4.6254992e-01   1.7122574e-01   5.2174448e-01   2.0164274e-01   6.1346579e-01   1.2728757e-01   6.5028995e-01   7.6840032e-02   5.2688005e-01   2.0856511e-01   5.4340751e-01   2.6769651e-01   7.3674724e-01   2.4699723e-01   5.5892960e-01  -1.0402547e-03
  -3.7198440e-01   3.0591088e-01   5.0045263e-01   2.1407851e-01   5.5901137e-01   2.3506861e-01   6.3246412e-01   8.6546088e-02   6.5968849e-01   3.4163532e-02   5.6462264e-01   2.0022583e-01   5.8457743e-01   2.8011910e-01   7.6914201e-01   7.4057623e-02   5.5803499e-01  -1.1698009e-02
  -3.0858066e-01   1.0967056e-01   5.4247292e-01   2.1574590e-01   5.9785128e-01   2.2296036e-01   6.4227377e-01   2.5118935e-02   6.6066508e-01  -2.3166438e-02   5.9696425e-01   1.5230379e-01   6.2292504e-01   2.3299075e-01   7.6572952e-01  -1.0574709e-01   5.5414402e-01  -3.3113127e-02
  -3.0669673e-01  -9.2114422e-02   5.8189069e-01   1.8970352e-01   6.3206385e-01   1.8309273e-01   6.4133283e-01  -3.3586948e-02   6.5230913e-01  -7.6791367e-02   6.1872469e-01   8.7313279e-02   6.5150551e-01   1.5230548e-01   7.2953267e-01  -2.4921834e-01   5.4633263e-01  -5.3991204e-02
  -3.5809332e-01  -2.3648376e-01   6.1487207e-01   1.5147765e-01   6.5865234e-01   1.3482185e-01   6.3193707e-01  -6.9834330e-02   6.3663477e-01  -1.1038928e-01   6.2888481e-01   2.7374809e-02   6.6752670e-01   6.6840100e-02   6.7123053e-01  -3.2436222e-01   5.3566177e-01  -6.3968504e-02
  -4.3903828e-01  -2.8548081e-01   6.4036122e-01   1.1363528e-01   6.7754898e-01   9.2967506e-02   6.1901573e-01  -7.3622095e-02   6.1779508e-01  -1.1473075e-01   6.2987026e-01  -1.2391983e-02   6.7207312e-01  -7.5052016e-04   6.0606281e-01  -3.1792354e-01   5.2466570e-01  -5.7209117e-02
  -5.1944160e-01  -2.3499519e-01   6.5916224e-01   8.2623972e-02   6.9050701e-01   6.4202502e-02   6.0819040e-01  -4.6928393e-02   6.0069311e-01  -8.9935745e-02   6.2592641e-01  -2.7163618e-02   6.6875066e-01  -3.9286014e-02   5.4980693e-01  -2.3755131e-01   5.1636963e-01  -3.4057693e-02
  -5.7284564e-01  -1.1222951e-01   6.7266405e-01   5.8148606e-02   6.9966752e-01   4.6652694e-02   6.0380688e-01  -1.9807736e-03   5.8948820e-01  -4.4657232e-02   6.2125104e-01  -2.1984876e-02   6.6189021e-01  -4.9925248e-02   5.1489275e-01  -1.0844114e-01   5.1321619e-01  -5.2837772e-04
  -5.8425750e-01   3.6142647e-02   6.8169058e-01   3.5146006e-02   7.0631412e-01   3.2586609e-02   6.0753758e-01   4.3588511e-02   5.8644019e-01   7.2362449e-03   6.1848714e-01  -8.2197361e-03   6.5492369e-01  -4.2940279e-02   5.0761398e-01   3.4384755e-02   5.1624180e-01   3.4008263e-02
  -5.5360517e-01   1.6025817e-01   6.8591462e-01   7.4296888e-03   7.1025676e-01   1.2959715e-02   6.1796970e-01   7.2875073e-02   5.9141670e-01   5.1166839e-02   6.1802805e-01   1.5425888e-03   6.4943601e-01  -3.2122627e-02   5.2711649e-01   1.5567109e-01   5.2475801e-01   6.0013340e-02
  -4.9430200e-01   2.2242858e-01   6.8401476e-01  -2.8564852e-02   7.1000673e-01  -1.8029241e-02   6.3122780e-01   7.5129749e-02   6.0213827e-01   7.6101736e-02   6.1824886e-01  -1.7009247e-03   6.4508049e-01  -2.9026754e-02   5.6626056e-01   2.2869139e-01   5.3659766e-01   7.0770305e-02
  -4.2786840e-01   2.0728787e-01   6.7444142e-01  -7.1459319e-02   7.0359588e-01  -6.0077677e-02   6.4235705e-01   4.8882506e-02   6.1501897e-01   7.7373504e-02   6.1647032e-01  -2.0337749e-02   6.4024210e-01  -3.8936780e-02   6.1395575e-01   2.4096070e-01   5.4880684e-01   6.4280214e-02
  -3.7665661e-01   1.2477220e-01   6.5641557e-01  -1.1474492e-01   6.8965653e-01  -1.0639750e-01   6.4697965e-01   2.1402037e-03   6.2629588e-01   5.7520223e-02   6.1023781e-01  -4.9536250e-02   6.3308755e-01  -5.9462523e-02   6.5820890e-01   1.9597370e-01   5.5853185e-01   4.3658543e-02
  -3.5665329e-01   5.1554367e-03   6.3077918e-01  -1.4873685e-01   6.6837914e-01  -1.4587389e-01   6.4276706e-01  -5.0435395e-02   6.3314961e-01   2.4930170e-02   5.9851292e-01  -7.9210606e-02   6.2264104e-01  -8.2034443e-02   6.8917859e-01   1.1070070e-01   5.6385816e-01   1.5916979e-02
  -3.7327531e-01  -1.1177296e-01   6.0026619e-01  -1.6373399e-01   6.4188734e-01  -1.6675584e-01   6.3012131e-01  -9.2237571e-02   6.3437581e-01  -9.1403327e-03   5.8224346e-01  -9.7693369e-02   6.0938851e-01  -9.5529586e-02   7.0118220e-01   9.9398861e-03   5.6426080e-01  -1.0365586e-02
  -4.1990051e-01  -1.9001335e-01   5.6925212e-01  -1.5335608e-01   6.1408518e-01  -1.6069229e-01   6.1217314e-01  -1.1003706e-01   6.3064585e-01  -3.4243493e-02   5.6436730e-01  -9.5970732e-02   5.9542091e-01  -9.0679436e-02   6.9378624e-01  -8.0757653e-02   5.6070829e-01  -2.7789729e-02
  -4.8128092e-01  -2.0805890e-01   5.4280587e-01  -1.1672925e-01   5.8975130e-01  -1.2551975e-01   5.9371820e-01  -9.7781300e-02   6.2402917e-01  -4.3739629e-02   5.4892987e-01  -7.0763719e-02   5.8379745e-01  -6.3580105e-02   6.7109492e-01  -1.4137658e-01   5.5518764e-01  -3.2237098e-02
  -5.3859339e-01  -1.6411962e-01   5.2557684e-01  -5.9079218e-02   5.7343488e-01  -6.6182120e-02   5.7985806e-01  -5.8101620e-02   6.1725839e-01  -3.6324622e-02   5.3995297e-01  -2.5683593e-02   5.7765452e-01  -1.7213728e-02   6.4029308e-01  -1.6146217e-01   5.5004841e-01  -2.3818337e-02
  -5.7525769e-01  -7.5047292e-02   5.2071168e-01   9.2993754e-03   5.6834622e-01   6.3084023e-03   5.7457202e-01  -1.2891734e-03   6.1286015e-01  -1.5874441e-02   5.4026158e-01   2.9700044e-02   5.7923074e-01   3.9205790e-02   6.0960440e-01  -1.4137662e-01   5.4727745e-01  -6.5281723e-03
  -5.8199062e-01   3.0222447e-02   5.2902541e-01   7.5420016e-02   5.7548324e-01   7.7555032e-02   5.7955399e-01   5.7833656e-02   6.1237461e-01   1.0159326e-02   5.5055768e-01   8.2529629e-02   5.8906193e-01   9.2786647e-02   5.8613272e-01  -9.0960261e-02   5.4788430e-01   1.3200701e-02
  -5.5864356e-01   1.2042942e-01   5.4884093e-01   1.2663022e-01   5.9342698e-01   1.3330008e-01   5.9387749e-01   1.0413444e-01   6.1602267e-01   3.3273944e-02   5.6921702e-01   1.2020166e-01   6.0576492e-01   1.3061206e-01   5.7442512e-01  -2.5858229e-02   5.5169405e-01   2.8567987e-02
  -5.1368115e-01   1.7105886e-01   5.7629751e-01   1.5344528e-01   6.1861206e-01   1.6273371e-01   6.1424495e-01   1.2609039e-01   6.2271099e-01   4.6349654e-02   5.9259932e-01   1.3361655e-01   6.2626194e-01   1.4318216e-01   5.7568049e-01   3.6700453e-02   5.5743563e-01   3.4345577e-02
  -4.6106475e-01   1.7097045e-01   6.0618344e-01   1.5166790e-01   6.4612900e-01   1.6097929e-01   6.3588715e-01   1.1868199e-01   6.3042870e-01   4.5589586e-02   6.1591516e-01   1.1952666e-01   6.4649025e-01   1.2700350e-01   5.8786950e-01   8.2181879e-02   5.6316019e-01   2.8326522e-02
  -4.1569122e-01   1.2458983e-01   6.3308268e-01   1.2322578e-01   6.7084524e-01   1.3007912e-01   6.5383838e-01   8.4458142e-02   6.3689326e-01   3.1405353e-02   6.3440547e-01   8.1307818e-02   6.6239884e-01   8.5534979e-02   6.0663223e-01   1.0198634e-01   5.6685119e-01   1.1857455e-02
  -3.8918637e-01   4.9100488e-02   6.5247056e-01   7.5431123e-02   6.8847844e-01   7.8145167e-02   6.6413939e-01   3.2440749e-02   6.4019883e-01   7.9730477e-03   6.4442827e-01   2.7884214e-02   6.7088308e-01   2.8134134e-02   6.2659774e-01   9.4691627e-02   5.6699894e-01  -1.0716671e-02
  -3.8673387e-01  -3.1500808e-02   6.6162859e-01   1.9116993e-02   6.9648799e-01   1.7219828e-02   6.6480150e-01  -2.4437330e-02   6.3935411e-01  -1.8129684e-02   6.4431107e-01  -2.8607060e-02   6.7052429e-01  -3.2381896e-02   6.4281753e-01   6.5684205e-02   5.6304914e-01  -3.3339727e-02
  -4.0630752e-01  -9.4338659e-02   6.6004390e-01  -3.4128986e-02   6.9445505e-01  -3.9886580e-02   6.5615005e-01  -7.2985623e-02   6.3449701e-01  -4.0016254e-02   6.3462045e-01  -7.6061995e-02   6.6182981e-01  -8.3195584e-02   6.5191292e-01   2.4823799e-02   5.5553598e-01  -5.0059526e-02
  -4.4003100e-01  -1.2404565e-01   6.4929484e-01  -7.4540569e-02   6.8395569e-01  -8.2507696e-02   6.4057414e-01  -1.0298753e-01   6.2678313e-01  -5.2364738e-02   6.1788536e-01  -1.0525362e-01   6.4699724e-01  -1.1453099e-01   6.5265475e-01  -1.6540307e-02   5.4591697e-01  -5.6596515e-02
  -4.7701458e-01  -1.1639701e-01   6.3250993e-01  -9.6093881e-02   6.6801900e-01  -1.0425298e-01   6.2181220e-01  -1.0941274e-01   6.1802117e-01  -5.2694260e-02   5.9789595e-01  -1.1175099e-01   6.2931020e-01  -1.2170115e-01   6.4596810e-01  -4.8518353e-02   5.3618206e-01  -5.1363845e-02
  -5.0684530e-01  -7.8371142e-02   6.1353778e-01  -9.7380431e-02   6.5031101e-01  -1.0392024e-01   6.0395821e-01  -9.3140229e-02   6.1015861e-01  -4.1756562e-02   5.7875179e-01  -9.6508581e-02   6.1231767e-01  -1.0572241e-01   6.3441251e-01  -6.4901390e-02   5.2833773e-01  -3.5710004e-02
