   1.4209542e-01   4.7921245e-01   7.9075916e-02   4.4036514e-01   8.3450271e-02   2.0901579e-01   1.6625403e-01   7.6927941e-01   1.1313348e-02   2.4411371e-01   1.4089339e-01   1.3096981e-01   1.1701998e-01   7.2799643e-01   1.4305145e-01   1.0694357e-01   1.1009787e-01   3.2404304e-01
   1.8232169e-01  -2.5045375e-01   1.9755475e-01   7.9915594e-01   1.5879035e-01   6.2110113e-01   2.7731156e-01   9.1030375e-01   8.1650015e-02   5.9467500e-01   1.8754934e-01   4.3875307e-01   2.7376019e-01   9.5722414e-01   2.1539717e-01   5.9946680e-01   1.8665893e-01   6.7489930e-01
  -2.0160408e-02  -8.0101952e-01   3.6752268e-01   9.8672248e-01   2.9498939e-01   8.9062601e-01   3.9772095e-01   9.2550370e-01   2.0092255e-01   8.3822267e-01   2.7877474e-01   6.8314460e-01   4.5471762e-01   1.0000000e+00   3.6872924e-01   9.1172363e-01   3.0641166e-01   8.9873168e-01
  -3.6418805e-01  -1.0000000e+00   5.5604386e-01   1.0000000e+00   4.6476581e-01   1.0000000e+00   5.1584130e-01   8.8567667e-01   3.5118495e-01   9.7202781e-01   4.0357927e-01   8.5388108e-01   6.3010174e-01   9.0563349e-01   5.6198919e-01   1.0000000e+00   4.5043545e-01   1.0000000e+00
  -7.0927066e-01  -8.1470902e-01   7.3288054e-01   8.6876272e-01   6.4043055e-01   9.6103829e-01   6.2791824e-01   8.3738416e-01   5.1466429e-01   1.0000000e+00   5.4900413e-01   9.3657653e-01   7.8008978e-01   7.3021469e-01   7.5138670e-01   8.7970958e-01   6.0132392e-01   9.9285592e-01
  -9.3101659e-01  -3.5901323e-01   8.7500030e-01   6.3615823e-01   7.9809586e-01   8.0182029e-01   7.3379492e-01   7.8814436e-01   6.7449015e-01   9.2885583e-01   6.9953065e-01   9.1450624e-01   8.9414363e-01   5.1703219e-01   9.0077054e-01   6.0778805e-01   7.4396319e-01   8.9233485e-01
  -9.6326228e-01   1.8298403e-01   9.6709324e-01   3.3962785e-01   9.1907351e-01   5.5115385e-01   8.3192665e-01   7.1251624e-01   8.1510550e-01   7.6819087e-01   8.3720588e-01   7.7588512e-01   9.6786343e-01   2.9058768e-01   9.8693661e-01   2.5317374e-01   8.6525603e-01   7.1035709e-01
  -8.0718129e-01   6.3664995e-01   1.0000000e+00   8.5069320e-03   9.8943628e-01   2.3452606e-01   9.1641552e-01   5.7187153e-01   9.2287182e-01   5.3181196e-01   9.4313699e-01   5.2160870e-01   1.0000000e+00   6.2037856e-02   1.0000000e+00  -1.1914160e-01   9.5377856e-01   4.5781943e-01
  -5.2127046e-01   8.7033963e-01   9.7007454e-01  -3.2548790e-01   1.0000000e+00  -1.1812661e-01   9.7664641e-01   3.3682853e-01   9.8684598e-01   2.3923426e-01   1.0000000e+00   1.7160975e-01   9.9075970e-01  -1.6193926e-01   9.4258379e-01  -4.4761093e-01   1.0000000e+00   1.5042400e-01
  -2.0176329e-01   8.1467128e-01   8.8067283e-01  -6.1846818e-01   9.4805279e-01  -4.6240268e-01   1.0000000e+00   9.1702486e-03   1.0000000e+00  -8.0562830e-02   9.9562130e-01  -2.2910097e-01   9.4195421e-01  -3.6888157e-01   8.2935762e-01  -6.7285141e-01   9.9760151e-01  -1.8342029e-01
   4.5470560e-02   4.8913882e-01   7.4436693e-01  -8.1796108e-01   8.4015192e-01  -7.3970849e-01   9.7691675e-01  -3.6603528e-01   9.6112791e-01  -3.8599165e-01   9.2725613e-01  -6.1003628e-01   8.5873341e-01  -5.3446964e-01   6.8571994e-01  -7.4875116e-01   9.4583474e-01  -4.9836239e-01
   1.3892972e-01   4.5291250e-03   5.8302370e-01  -8.8054034e-01   6.9339421e-01  -8.9291183e-01   9.0604270e-01  -7.1087692e-01   8.7660468e-01  -6.2778765e-01   8.0465463e-01  -8.8955371e-01   7.5145152e-01  -6.2768546e-01   5.4339756e-01  -6.6043566e-01   8.5163604e-01  -7.3932875e-01
   4.9346516e-02  -4.7610038e-01   4.2433202e-01  -7.8961775e-01   5.3331844e-01  -8.8688380e-01   7.9686304e-01  -9.4201542e-01   7.6067152e-01  -7.6210380e-01   6.4995326e-01  -1.0000000e+00   6.3577648e-01  -6.2355097e-01   4.3307826e-01  -4.3333127e-01   7.2995212e-01  -8.5777945e-01
  -1.9213732e-01  -7.9770907e-01   2.9597396e-01  -5.6187615e-01   3.8873745e-01  -7.2082487e-01   6.6843098e-01  -1.0000000e+00   6.3332889e-01  -7.6475207e-01   4.9343898e-01  -9.1081919e-01   5.3044509e-01  -5.1489530e-01   3.7689731e-01  -1.2598137e-01   6.0147764e-01  -8.2794279e-01
  -5.0679041e-01  -8.6436269e-01   2.1969554e-01  -2.4287878e-01   2.8544796e-01  -4.2917295e-01   5.4485743e-01  -8.6909838e-01   5.1629752e-01  -6.4004684e-01   3.6648350e-01  -6.4026006e-01   4.5339728e-01  -3.1821288e-01   3.8351633e-01   1.8743806e-01   4.8843634e-01  -6.5636423e-01
  -7.9653707e-01  -6.6870200e-01   2.0682227e-01   1.0457851e-01   2.4055749e-01  -7.2751512e-02   4.4902499e-01  -5.8267827e-01   4.2812996e-01  -4.2086449e-01   2.9364294e-01  -2.5189915e-01   4.1742954e-01  -7.2022416e-02   4.4702360e-01   4.3791182e-01   4.0953022e-01  -3.8189448e-01
  -9.7660357e-01  -2.8642352e-01   2.5657051e-01   4.1607361e-01   2.5928502e-01   2.7754117e-01   3.9692420e-01  -2.1019241e-01   3.8029403e-01  -1.5851287e-01   2.8685565e-01   1.6465469e-01   4.2706382e-01   1.7340261e-01   5.4977925e-01   5.7747613e-01   3.7587151e-01  -6.4526229e-02
  -1.0000000e+00   1.5727326e-01   3.5700109e-01   6.3838131e-01   3.3465477e-01   5.5693034e-01   3.9441804e-01   1.6468926e-01   3.7534009e-01   9.1646803e-02   3.4326342e-01   5.1841989e-01   4.7763118e-01   3.6921955e-01   6.6720813e-01   5.8472889e-01   3.8902995e-01   2.3071312e-01
  -8.6912017e-01   5.3206805e-01   4.8785515e-01   7.3716816e-01   4.4959196e-01   7.1846038e-01   4.3655273e-01   4.6489006e-01   4.0719891e-01   2.8307324e-01   4.4659278e-01   7.3840888e-01   5.5645703e-01   4.7875774e-01   7.7314603e-01   4.6401359e-01   4.4129560e-01   4.4878807e-01
  -6.2905007e-01   7.3637163e-01   6.2445717e-01   6.9959152e-01   5.8074561e-01   7.3815507e-01   5.0967447e-01   6.3355650e-01   4.6348265e-01   3.8531260e-01   5.7167770e-01   7.8499737e-01   6.4580046e-01   4.8306879e-01   8.4450088e-01   2.4233044e-01   5.1812314e-01   5.5369582e-01
  -3.5363316e-01   7.2164683e-01   7.4200668e-01   5.3817315e-01   7.0287965e-01   6.2001352e-01   5.9463327e-01   6.4624650e-01   5.2846085e-01   3.8959479e-01   6.8998808e-01   6.5809921e-01   7.2640930e-01   3.8584391e-01   8.6579483e-01  -3.0805135e-02   6.0139208e-01   5.3557186e-01
  -1.2214869e-01   5.0569268e-01   8.2056521e-01   2.9081485e-01   7.9414128e-01   3.9676306e-01   6.7174135e-01   5.1830898e-01   5.8698765e-01   3.1086701e-01   7.7642081e-01   3.9829145e-01   7.8200996e-01   2.1490591e-01   8.3318366e-01  -2.9040253e-01   6.7373361e-01   4.1319000e-01
   3.4794288e-03   1.6476541e-01   8.4896727e-01   1.2881978e-02   8.4038852e-01   1.2242524e-01   7.2556656e-01   2.9968973e-01   6.2794605e-01   1.8307250e-01   8.1488565e-01   7.6532317e-02   8.0305730e-01   1.5856843e-02   7.5583524e-01  -4.7199531e-01   7.2233551e-01   2.2824744e-01
  -2.7778939e-03  -1.9195759e-01   8.2712613e-01  -2.3710674e-01   8.3808480e-01  -1.4193186e-01   7.4875279e-01   5.8749890e-02   6.4678728e-01   4.8510600e-02   8.0210769e-01  -2.2547876e-01   7.8913796e-01  -1.6095304e-01   6.5411864e-01  -5.3176528e-01   7.4174684e-01   3.2819344e-02
  -1.2693003e-01  -4.5989444e-01   7.6489693e-01  -4.1238424e-01   7.9381758e-01  -3.4414520e-01   7.4272043e-01  -1.3990412e-01   6.4559690e-01  -5.5425801e-02   7.4711610e-01  -4.3829176e-01   7.4819521e-01  -2.7529029e-01   5.5378460e-01  -4.5933053e-01   7.3404503e-01  -1.2612371e-01
  -3.2203189e-01  -5.6984160e-01   6.7900906e-01  -4.8786366e-01   7.2177466e-01  -4.5242954e-01   7.1609573e-01  -2.5305075e-01   6.3151278e-01  -1.0626554e-01   6.6798640e-01  -5.2175053e-01   6.9379872e-01  -3.0728088e-01   4.7914759e-01  -2.7938949e-01   7.0724270e-01  -2.1839691e-01
  -5.2537245e-01  -5.0663723e-01   5.8848801e-01  -4.6385032e-01   6.3949721e-01  -4.6071973e-01   6.8111489e-01  -2.6897563e-01   6.1375662e-01  -1.0116548e-01   5.8626214e-01  -4.7295127e-01   6.4091643e-01  -2.6118809e-01   4.4676422e-01  -4.2815530e-02   6.7219704e-01  -2.3646264e-01
  -6.7867310e-01  -3.0790321e-01   5.1018404e-01  -3.6230972e-01   5.6347740e-01  -3.8605986e-01   6.4952207e-01  -2.0592694e-01   6.0053172e-01  -5.4583913e-02   5.2117085e-01  -3.2225999e-01   6.0182480e-01  -1.6118511e-01   4.6183032e-01   1.8905339e-01   6.3928396e-01  -1.9348953e-01
  -7.4453666e-01  -4.6776894e-02   4.5551481e-01  -2.1799229e-01   5.0577426e-01  -2.6023937e-01   6.2932363e-01  -1.0148830e-01   5.9674143e-01   8.8538679e-03   4.8522583e-01  -1.2090700e-01   5.8331174e-01  -4.1850097e-02   5.1772832e-01   3.6094883e-01   6.1582537e-01  -1.1590256e-01
  -7.1551810e-01   1.9463524e-01   4.2896340e-01  -6.7442225e-02   4.7222630e-01  -1.1878806e-01   6.2310212e-01   2.6220369e-03   6.0296559e-01   6.3508812e-02   4.8198643e-01   7.5523213e-02   5.8569605e-01   6.3194815e-02   5.9858501e-01   4.3692767e-01   6.0473044e-01  -3.3347820e-02
  -6.1192907e-01   3.4896040e-01   4.2875427e-01   5.9265080e-02   4.6279192e-01   7.6792343e-03   6.2852204e-01   7.3019377e-02   6.1605144e-01   8.9868084e-02   5.0676704e-01   2.2077130e-01   6.0397780e-01   1.2949419e-01   6.8384432e-01   4.0561390e-01   6.0480595e-01   2.9475056e-02
  -4.7355875e-01   3.8079563e-01   4.4849557e-01   1.4376897e-01   4.7285933e-01   9.9151618e-02   6.3989237e-01   9.2906938e-02   6.3046494e-01   7.9269942e-02   5.4883883e-01   2.8773103e-01   6.2991321e-01   1.4673149e-01   7.5321355e-01   2.8093756e-01   6.1187004e-01   5.8436754e-02
  -3.4599818e-01   2.9442170e-01   4.7962147e-01   1.8123786e-01   4.9540646e-01   1.4854095e-01   6.5060478e-01   6.4990738e-02   6.4027711e-01   3.5576965e-02   5.9499125e-01   2.7295553e-01   6.5477889e-01   1.1981159e-01   7.9134012e-01   9.7671321e-02   6.2058263e-01   5.2347207e-02
  -2.6637333e-01   1.2941411e-01   5.1384437e-01   1.7884835e-01   5.2325448e-01   1.6060596e-01   6.5554399e-01   8.3237209e-03   6.4112738e-01  -2.6714998e-02   6.3329882e-01   1.9480531e-01   6.7194288e-01   6.5791824e-02   7.9115668e-01  -9.7321264e-02   6.2634029e-01   2.1544311e-02
  -2.5297108e-01  -5.4625660e-02   5.4501996e-01   1.5146608e-01   5.5083529e-01   1.4795876e-01   6.5270463e-01  -4.9949332e-02   6.3157382e-01  -8.7599871e-02   6.5605095e-01   8.5652204e-02   6.7850818e-01   7.3599332e-03   7.5512528e-01  -2.5669417e-01   6.2666996e-01  -1.6911241e-02
  -3.0158754e-01  -1.9829036e-01   5.7005672e-01   1.1598796e-01   5.7509957e-01   1.2560077e-01   6.4357677e-01  -8.4773346e-02   6.1345624e-01  -1.2816174e-01   6.6113178e-01  -1.9065492e-02   6.7562825e-01  -3.4888823e-02   6.9416106e-01  -3.4421970e-01   6.2175743e-01  -4.5646517e-02
  -3.8905499e-01  -2.6110171e-01   5.8878972e-01   8.5822855e-02   5.9547061e-01   1.0549964e-01   6.3228896e-01  -8.2020710e-02   5.9121866e-01  -1.3658230e-01   6.5166023e-01  -9.1597981e-02   6.6751489e-01  -4.8998159e-02   6.2450301e-01  -3.4358944e-01   6.1404448e-01  -5.2974126e-02
  -4.8260838e-01  -2.3211321e-01   6.0292858e-01   6.7282921e-02   6.1293357e-01   9.3026294e-02   6.2383168e-01  -4.2711574e-02   5.7041630e-01  -1.1133073e-01   6.3409769e-01  -1.1873076e-01   6.5950845e-01  -3.4621322e-02   5.6334368e-01  -2.6141329e-01   6.0706186e-01  -3.6289500e-02
  -5.5108132e-01  -1.3022851e-01   6.1461110e-01   5.8705841e-02   6.2875878e-01   8.6109911e-02   6.2211620e-01   1.8203524e-02   5.5600776e-01  -6.0894669e-02   6.1572836e-01  -1.0331504e-01   6.5600880e-01  -1.9365632e-03   5.2450572e-01  -1.2409763e-01   6.0402664e-01  -2.1312616e-03
  -5.7442802e-01   5.1235135e-03   6.2506834e-01   5.2614084e-02   6.4333424e-01   7.7398561e-02   6.2851906e-01   7.7917926e-02   5.5095490e-01  -3.6632213e-04   6.0230731e-01  -6.0567506e-02   6.5893843e-01   3.2956018e-02   5.1528651e-01   3.0524999e-02   6.0666970e-01   3.6915672e-02
  -5.4883837e-01   1.2802007e-01   6.3388552e-01   3.9738897e-02   6.5555759e-01   5.8250417e-02   6.4136028e-01   1.1387983e-01   5.5551775e-01   5.3437751e-02   5.9656923e-01  -1.1471913e-02   6.6718168e-01   5.4014924e-02   5.3517757e-01   1.6357339e-01   6.1465718e-01   6.6868579e-02
  -4.8630772e-01   2.0076648e-01   6.3910901e-01   1.3588121e-02   6.6302254e-01   2.3246145e-02   6.5648540e-01   1.1162620e-01   5.6740394e-01   8.7005755e-02   5.9791404e-01   2.4742518e-02   6.7715267e-01   5.0903729e-02   5.7671209e-01   2.4505322e-01   6.2576174e-01   7.7188011e-02
  -4.0951895e-01   2.0409279e-01   6.3808811e-01  -2.6517437e-02   6.6288710e-01  -2.6852333e-02   6.6865866e-01   6.9382987e-02   5.8262607e-01   9.3580998e-02   6.0319227e-01   3.6251469e-02   6.8417159e-01   2.2218356e-02   6.2792969e-01   2.6027474e-01   6.3664936e-01   6.3983584e-02
  -3.4406698e-01   1.4163634e-01   6.2867223e-01  -7.4635842e-02   6.5306130e-01  -8.4425201e-02   6.7330268e-01  -1.2036165e-03   5.9675754e-01   7.4620326e-02   6.0816867e-01   2.1611058e-02   6.8417390e-01  -2.4076762e-02   6.7570518e-01   2.1218182e-01   6.4398588e-01   3.1122655e-02
  -3.1032729e-01   3.7180760e-02   6.1031900e-01  -1.1995877e-01   6.3327787e-01  -1.3698777e-01   6.6804395e-01  -7.8757451e-02   6.0622716e-01   3.8746014e-02   6.0919005e-01  -1.0843920e-02   6.7521226e-01  -7.3331778e-02   7.0907335e-01   1.1894729e-01   6.4552151e-01  -1.1209655e-02
  -3.1750349e-01  -7.4026550e-02   5.8469966e-01  -1.5027404e-01   6.0563691e-01  -1.7098605e-01   6.5356321e-01  -1.3894309e-01   6.0926357e-01  -1.3356722e-03   6.0449485e-01  -4.6643573e-02   6.5826081e-01  -1.0902420e-01   7.2169283e-01   7.9656078e-03   6.4080310e-01  -4.9892390e-02
  -3.6143216e-01  -1.5732166e-01   5.5559860e-01  -1.5598747e-01   5.7441958e-01  -1.7616444e-01   6.3348669e-01  -1.6234900e-01   6.0624844e-01  -3.3057382e-02   5.9480279e-01  -7.0694751e-02   6.3706881e-01  -1.1829475e-01   7.1295287e-01  -9.2129001e-02   6.3131107e-01  -7.3191378e-02
  -4.2704408e-01  -1.8914835e-01   5.2809425e-01  -1.3311264e-01   5.4517220e-01  -1.4874682e-01   6.1329750e-01  -1.4030486e-01   5.9934363e-01  -4.7670417e-02   5.8294344e-01  -7.2383464e-02   6.1705908e-01  -9.5948772e-02   6.8740381e-01  -1.5861154e-01   6.1994266e-01  -7.4281301e-02
  -4.9368863e-01  -1.6332472e-01   5.0736685e-01  -8.4600256e-02   5.2342306e-01  -9.2739600e-02   5.9875273e-01  -7.7335454e-02   5.9167055e-01  -4.2449616e-02   5.7285827e-01  -4.8835960e-02   6.0376088e-01  -4.6031003e-02   6.5308695e-01  -1.7953920e-01   6.1012162e-01  -5.3104748e-02
  -5.4167442e-01  -9.1402316e-02   4.9745101e-01  -1.9703488e-02   5.1337404e-01  -1.9046598e-02   5.9425416e-01   1.0388451e-02   5.8629373e-01  -2.0879012e-02   5.6829376e-01  -5.4762514e-03   6.0122731e-01   1.9434515e-02   6.1922039e-01  -1.5532367e-01   6.0479405e-01  -1.6086352e-02
  -5.5832462e-01   2.2472488e-03   5.0019232e-01   4.8315283e-02   5.1683593e-01   5.7223159e-02   6.0154141e-01   9.9860901e-02   5.8526567e-01   8.9250869e-03   5.7153574e-01   4.5909293e-02   6.1079988e-01   8.3967799e-02   5.9375858e-01  -9.7241146e-02   6.0555022e-01   2.5993862e-02
  -5.4088338e-01   8.9014857e-02   5.1485956e-01   1.0550791e-01   5.3287057e-01   1.2048931e-01   6.1930287e-01   1.6780169e-01   5.8913329e-01   3.7048845e-02   5.8273786e-01   9.1044767e-02   6.3079412e-01   1.3128228e-01   5.8171668e-01  -2.3215627e-02   6.1225872e-01   6.1310314e-02
  -4.9661130e-01   1.4452828e-01   5.3829974e-01   1.4049096e-01   5.5800295e-01   1.5827851e-01   6.4351003e-01   1.9672521e-01   5.9686261e-01   5.4647484e-02   5.9982706e-01   1.1722799e-01   6.5689553e-01   1.4950146e-01   5.8429959e-01   4.7092436e-02   6.2313544e-01   8.0207884e-02
  -4.3991516e-01   1.5545518e-01   5.6567576e-01   1.4708892e-01   5.8703455e-01   1.6406305e-01   6.6848392e-01   1.7945528e-01   6.0622112e-01   5.6389306e-02   6.1905161e-01   1.1691108e-01   6.8326134e-01   1.3420585e-01   5.9904425e-01   9.7227963e-02   6.3527111e-01   7.7771333e-02
  -3.8748823e-01   1.2252276e-01   5.9160923e-01   1.2562912e-01   6.1426237e-01   1.3857942e-01   6.8840750e-01   1.2075468e-01   6.1449669e-01   4.1766537e-02   6.3602014e-01   8.9711044e-02   7.0403414e-01   8.9419372e-02   6.2087412e-01   1.1763314e-01   6.4546765e-01   5.4987830e-02
  -3.5340911e-01   5.8960938e-02   6.1135477e-01   8.2499096e-02   6.3471049e-01   8.9240108e-02   6.9876091e-01   3.5594647e-02   6.1927682e-01   1.4891094e-02   6.4684439e-01   4.2211478e-02   7.1475090e-01   2.6259741e-02   6.4363147e-01   1.0707805e-01   6.5108042e-01   1.8163498e-02
  -3.4524068e-01  -1.4249819e-02   6.2180587e-01   2.8374305e-02   6.4517204e-01   2.8100659e-02   6.9743293e-01  -5.4983484e-02   6.1912117e-01  -1.6866812e-02   6.4914154e-01  -1.3965437e-02   7.1341504e-01  -4.0063679e-02   6.6170843e-01   7.2133378e-02   6.5070555e-01  -2.2945502e-02
  -3.6244029e-01  -7.5552156e-02   6.2204261e-01  -2.4710518e-02   6.4476053e-01  -3.1408832e-02   6.8513544e-01  -1.2982741e-01   6.1391690e-01  -4.5250208e-02   6.4258877e-01  -6.5640486e-02   7.0086718e-01  -9.4474751e-02   6.7138438e-01   2.4444121e-02   6.4449040e-01  -5.8047683e-02
  -3.9746095e-01  -1.0901907e-01   6.1328409e-01  -6.6206986e-02   6.3483860e-01  -7.7616206e-02   6.6503109e-01  -1.7290652e-01   6.0481183e-01  -6.3388148e-02   6.2886033e-01  -1.0151153e-01   6.8038162e-01  -1.2569272e-01   6.7143520e-01  -2.2802905e-02   6.3398620e-01  -7.8984999e-02
  -4.3855831e-01  -1.0847669e-01   5.9841020e-01  -8.9321243e-02   6.1850066e-01  -1.0307248e-01   6.4183807e-01  -1.7696551e-01   5.9385228e-01  -6.7515806e-02   6.1111985e-01  -1.1485067e-01   6.5675260e-01  -1.2875380e-01   6.6312411e-01  -5.8341029e-02   6.2168801e-01  -8.1679908e-02
  -4.7371085e-01  -7.8257633e-02   5.8112040e-01  -9.2107896e-02   5.9968506e-01  -1.0570584e-01   6.2056865e-01  -1.4453071e-01   5.8338976e-01  -5.7654267e-02   5.9314746e-01  -1.0472486e-01   6.3503070e-01  -1.0564699e-01   6.4953579e-01  -7.5365085e-02   6.1034153e-01  -6.6802599e-02
