   8.9696312e-02   1.0370988e-01   1.3509388e-01   3.0396610e-02   3.6173223e-02   6.9338259e-01   2.0970940e-01   1.0000000e+00   7.4704251e-03   1.2433305e-01   7.1932676e-02   5.2548251e-01   7.6878088e-02   5.8651370e-01   9.3176909e-02   6.2071811e-01   8.0278594e-02   3.9250538e-01
   5.4015641e-03  -6.0132564e-01   1.8349772e-01   5.0834552e-01   2.1765405e-01   9.3740201e-01   4.2941110e-01   9.8293009e-01   6.3128321e-02   4.9796049e-01   1.9005416e-01   8.1304684e-01   2.0795107e-01   8.6848150e-01   2.8073545e-01   9.2790765e-01   1.7365183e-01   7.2552516e-01
  -2.5888602e-01  -1.0000000e+00   3.0288986e-01   8.4137917e-01   4.3252844e-01   1.0000000e+00   6.2810117e-01   8.2168097e-01   1.7658715e-01   7.8001763e-01   3.4662571e-01   9.6869437e-01   3.7555797e-01   1.0000000e+00   5.1337659e-01   1.0000000e+00   3.1098026e-01   9.2753065e-01
  -5.8412817e-01  -9.8080794e-01   4.6504833e-01   1.0000000e+00   6.4307795e-01   9.0418050e-01   7.8366086e-01   6.0098313e-01   3.2990800e-01   9.5053339e-01   5.1925203e-01   1.0000000e+00   5.5405807e-01   9.9505648e-01   7.3660371e-01   8.5625274e-01   4.7068103e-01   1.0000000e+00
  -8.4236135e-01  -6.0031058e-01   6.3974898e-01   9.8928573e-01   8.1941318e-01   6.9505520e-01   8.9098626e-01   3.8826368e-01   5.0255506e-01   1.0000000e+00   6.8749475e-01   9.2063155e-01   7.2135063e-01   8.7772045e-01   9.0650497e-01   5.6229305e-01   6.3254457e-01   9.5685621e-01
  -9.4526445e-01  -3.5275070e-02   7.9971152e-01   8.3499648e-01   9.4193416e-01   4.1842359e-01   9.5627868e-01   2.1853749e-01   6.7332614e-01   9.3045258e-01   8.3339710e-01   7.4507235e-01   8.5975712e-01   6.7271232e-01   9.9699851e-01   1.9752905e-01   7.7912233e-01   8.1666345e-01
  -8.6661271e-01   5.1340011e-01   9.2279448e-01   5.6927168e-01   1.0000000e+00   1.1039011e-01   9.8975882e-01   9.5293679e-02   8.2241322e-01   7.5559538e-01   9.4157466e-01   4.8898924e-01   9.5578331e-01   4.0284010e-01   1.0000000e+00  -1.6676969e-01   8.9605956e-01   5.9846109e-01
  -6.3926182e-01   8.7802276e-01   9.9267579e-01   2.2777951e-01   9.9009790e-01  -1.9858739e-01   1.0000000e+00   1.4015979e-03   9.3328261e-01   4.9880013e-01   9.9972662e-01   1.7300025e-01   1.0000000e+00   9.1918601e-02   9.2294152e-01  -4.7005243e-01   9.7218128e-01   3.2237308e-01
  -3.4087437e-01   9.5009862e-01   1.0000000e+00  -1.4362124e-01   9.1559788e-01  -4.7460260e-01   9.9093523e-01  -8.4659166e-02   9.9425019e-01   1.9202198e-01   1.0000000e+00  -1.7102049e-01   9.8772973e-01  -2.2892218e-01   7.8657834e-01  -6.6074933e-01   1.0000000e+00   1.4374019e-02
  -7.0365174e-02   7.0679294e-01   9.4456224e-01  -4.8573664e-01   7.8800519e-01  -6.7769698e-01   9.6280877e-01  -1.7371473e-01   1.0000000e+00  -1.2416122e-01   9.4141322e-01  -4.9597446e-01   9.2083232e-01  -5.1706729e-01   6.2216241e-01  -7.0342151e-01   9.7710911e-01  -2.8935744e-01
   8.2406469e-02   2.2899933e-01   8.3695027e-01  -7.3579820e-01   6.2747895e-01  -7.7089512e-01   9.1531545e-01  -2.5999496e-01   9.5293005e-01  -4.0303932e-01   8.3218770e-01  -7.4463531e-01   8.0945673e-01  -7.2311269e-01   4.6602321e-01  -5.9293232e-01   9.0778894e-01  -5.4437661e-01
   6.7095000e-02  -3.2186078e-01   6.9760206e-01  -8.4612946e-01   4.6059750e-01  -7.3474062e-01   8.5084713e-01  -3.2580849e-01   8.6357940e-01  -6.0014752e-01   6.9028043e-01  -8.6513203e-01   6.7209393e-01  -8.0498729e-01   3.5133490e-01  -3.6125111e-01   8.0363705e-01  -7.0791428e-01
  -1.1022209e-01  -7.6472808e-01   5.5277684e-01  -7.9878673e-01   3.1536264e-01  -5.7612076e-01   7.7607705e-01  -3.5160720e-01   7.4925089e-01  -6.8472984e-01   5.4088461e-01  -8.2873075e-01   5.3287531e-01  -7.4326854e-01   2.9996501e-01  -6.8914612e-02   6.8226056e-01  -7.5148956e-01
  -3.9163373e-01  -9.6158042e-01   4.2893590e-01  -6.0941890e-01   2.1544148e-01  -3.2722934e-01   7.0123142e-01  -3.2557699e-01   6.3075626e-01  -6.4858396e-01   4.1132203e-01  -6.4077038e-01   4.1670119e-01  -5.4944499e-01   3.1790808e-01   2.1321423e-01   5.6412233e-01  -6.6981147e-01
  -6.8842895e-01  -8.6177095e-01   3.4718402e-01  -3.2234289e-01   1.7535313e-01  -3.7486902e-02   6.3765187e-01  -2.5000039e-01   5.2806028e-01  -5.0928820e-01   3.2483923e-01  -3.4178333e-01   3.4365817e-01  -2.6513602e-01   3.9513637e-01   4.2402114e-01   4.6837902e-01  -4.8379623e-01
  -9.1181787e-01  -5.1286254e-01   3.1929768e-01   1.6130607e-03   1.9804643e-01   2.3876427e-01   5.9455757e-01  -1.4127454e-01   4.5608949e-01  -3.0513762e-01   2.9526780e-01   3.0464070e-03   3.2451509e-01   4.8590881e-02   5.0987164e-01   5.2653370e-01   4.0888741e-01  -2.3554694e-01
  -1.0000000e+00  -3.4966461e-02   3.4623456e-01   2.9985623e-01   2.7522752e-01   4.5418159e-01   5.7665447e-01  -2.3656298e-02   4.2212540e-01  -8.4036609e-02   3.2434628e-01   3.2145433e-01   3.5877636e-01   3.2729922e-01   6.3481050e-01   5.1088541e-01   3.9169036e-01   2.2801918e-02
  -9.3578713e-01   4.2512927e-01   4.1876465e-01   5.2057182e-01   3.8972535e-01   5.7649582e-01   5.8310809e-01   7.8417558e-02   4.2498740e-01   1.0867553e-01   4.0177256e-01   5.5143434e-01   4.3524381e-01   5.1825283e-01   7.4314939e-01   3.8957537e-01   4.1421110e-01   2.4174419e-01
  -7.4594692e-01   7.3894240e-01   5.2022579e-01   6.2965017e-01   5.1927441e-01   5.9096339e-01   6.0834959e-01   1.4604647e-01   4.5653070e-01   2.3890831e-01   5.0833512e-01   6.5236261e-01   5.3521448e-01   5.8931060e-01   8.1292997e-01   1.9060369e-01   4.6673038e-01   3.8383201e-01
  -4.9118354e-01   8.2642428e-01   6.2991481e-01   6.1570479e-01   6.4040098e-01   5.0171452e-01   6.4360179e-01   1.6950031e-01   5.0402509e-01   2.8954743e-01   6.2009468e-01   6.1181058e-01   6.3647386e-01   5.3405038e-01   8.3043996e-01  -4.4461842e-02   5.3480925e-01   4.3021696e-01
  -2.4713115e-01   6.7638615e-01   7.2735075e-01   4.9302642e-01   7.3262469e-01   3.3196992e-01   6.7924516e-01   1.5123175e-01   5.5349043e-01   2.6388897e-01   7.1366247e-01   4.4890348e-01   7.1812132e-01   3.7390410e-01   7.9312466e-01  -2.6387576e-01   6.0272822e-01   3.8464373e-01
  -8.1045054e-02   3.4856986e-01   7.9666795e-01   2.9838028e-01   7.8240435e-01   1.2017105e-01   7.0758244e-01   1.0543666e-01   5.9331686e-01   1.8411015e-01   7.7159125e-01   2.1029693e-01   7.6534841e-01   1.5374537e-01   7.1093941e-01  -4.1619447e-01   6.5725014e-01   2.7197472e-01
  -3.3322527e-02  -4.7731945e-02   8.2946816e-01   8.0692736e-02   7.8536585e-01  -8.8710054e-02   7.2475728e-01   5.2801789e-02   6.1680438e-01   8.3831606e-02   7.8589137e-01  -4.2273074e-02   7.7237918e-01  -6.9889474e-02   6.0450517e-01  -4.6489226e-01   6.9031528e-01   1.3021160e-01
  -1.0577671e-01  -3.9100387e-01   8.2602474e-01  -1.1305572e-01   7.4677603e-01  -2.5460384e-01   7.3153312e-01   1.2689252e-02   6.2346215e-01  -3.1718090e-03   7.5952345e-01  -2.4970651e-01   7.4346151e-01  -2.4504320e-01   4.9999175e-01  -4.0111225e-01   7.0048488e-01  -1.5938435e-03
  -2.6552711e-01  -5.8636730e-01   7.9363420e-01  -2.4921697e-01   6.7918789e-01  -3.5119728e-01   7.3206481e-01  -3.3974762e-03   6.1788968e-01  -5.3023412e-02   7.0422004e-01  -3.7074861e-01   6.9050583e-01  -3.3766417e-01   4.2207620e-01  -2.4551592e-01   6.9195878e-01  -9.4244667e-02
  -4.5742577e-01  -5.9202905e-01   7.4379630e-01  -3.1382845e-01   5.9896756e-01  -3.7051651e-01   7.3185429e-01   4.9798887e-03   6.0755972e-01  -5.7565565e-02   6.3667004e-01  -3.9074740e-01   6.2931794e-01  -3.3874318e-01   3.8771637e-01  -4.1320034e-02   6.7245733e-01  -1.3485356e-01
  -6.2290689e-01  -4.2773942e-01   6.8864702e-01  -3.1291169e-01   5.2220968e-01  -3.2237701e-01   7.3530784e-01   2.7882929e-02   5.9992553e-01  -2.4680985e-02   5.7368563e-01  -3.2216833e-01   5.7505314e-01  -2.6373266e-01   4.0222208e-01   1.5906197e-01   6.5037580e-01  -1.2765075e-01
  -7.1786702e-01  -1.6137387e-01   6.3795351e-01  -2.6646313e-01   4.6139210e-01  -2.2896413e-01   7.4394065e-01   4.9713516e-02   6.0000417e-01   2.6806886e-02   5.2808265e-01  -1.9691199e-01   5.3852454e-01  -1.4457395e-01   4.5890277e-01   3.0860051e-01   6.3231901e-01  -8.9170223e-02
  -7.2397480e-01   1.1729354e-01   5.9745629e-01  -1.9934978e-01   4.2347378e-01  -1.1731177e-01   7.5582731e-01   5.5617958e-02   6.0909712e-01   7.4601183e-02   5.0627163e-01  -5.4842361e-02   5.2424387e-01  -1.8573149e-02   5.4170412e-01   3.7657252e-01   6.2167082e-01  -4.0882458e-02
  -6.5102961e-01   3.2526224e-01   5.6879600e-01  -1.3277466e-01   4.0962950e-01  -1.2271906e-02   7.6641189e-01   3.7110868e-02   6.2482340e-01   1.0003039e-01   5.0787439e-01   6.7451848e-02   5.3042648e-01   8.2032259e-02   6.2979453e-01   3.5360081e-01   6.1838590e-01  -2.0611532e-03
  -5.3094716e-01   4.0890763e-01   5.5066124e-01  -7.9117519e-02   4.1631074e-01   6.8336648e-02   7.7029639e-01  -4.8052207e-03   6.4223150e-01   9.2986755e-02   5.2707363e-01   1.4491626e-01   5.5059215e-01   1.3726829e-01   7.0265796e-01   2.5125859e-01   6.1980370e-01   1.5249325e-02
  -4.0617390e-01   3.5665824e-01   5.4047233e-01  -4.0707521e-02   4.3708307e-01   1.1613590e-01   7.6336911e-01  -5.9538707e-02   6.5553399e-01   5.4207973e-02   5.5505250e-01   1.6848319e-01   5.7607985e-01   1.4273207e-01   7.4459862e-01   9.7935690e-02   6.2206395e-01   8.6470076e-03
  -3.1591995e-01   1.9938239e-01   5.3598757e-01  -1.1910898e-02   4.6473949e-01   1.3222573e-01   7.4462914e-01  -1.0996664e-01   6.5999971e-01  -5.3790417e-03   5.8285670e-01   1.4526501e-01   5.9880176e-01   1.0877686e-01   7.4797959e-01  -6.8067452e-02   6.2169615e-01  -1.5041124e-02
  -2.8446508e-01  -2.4956933e-03   5.3632311e-01   1.6518019e-02   4.9315077e-01   1.2487289e-01   7.1701833e-01  -1.3811936e-01   6.5344661e-01  -6.8383621e-02   6.0387635e-01   9.4179374e-02   6.1346288e-01   5.5560089e-02   7.1452154e-01  -2.0743175e-01   6.1689361e-01  -4.3039380e-02
  -3.1495283e-01  -1.8049635e-01   5.4215856e-01   5.2505091e-02   5.1844269e-01   1.0562153e-01   6.8690763e-01  -1.3158616e-01   6.3690622e-01  -1.1664057e-01   6.1529668e-01   3.8456102e-02   6.1867401e-01   5.5343753e-03   6.5445017e-01  -2.8909909e-01   6.0810101e-01  -6.1660650e-02
  -3.9057906e-01  -2.8026638e-01   5.5513222e-01   9.8756003e-02   5.3922421e-01   8.5078026e-02   6.6231413e-01  -8.8149784e-02   6.1422941e-01  -1.3687531e-01   6.1811389e-01  -2.3137349e-03   6.1665153e-01  -2.4004508e-02   5.8360726e-01  -2.9745295e-01   5.9772672e-01  -6.1281745e-02
  -4.8175371e-01  -2.7742999e-01   5.7674514e-01   1.5084567e-01   5.5600512e-01   6.9600230e-02   6.5047061e-01  -1.7145002e-02   5.9086568e-01  -1.2454581e-01   6.1596486e-01  -1.8021154e-02   6.1181951e-01  -2.5998855e-02   5.1933106e-01  -2.3563072e-01   5.8918295e-01  -3.9640560e-02
  -5.5674747e-01  -1.8238753e-01   6.0713575e-01   1.9787013e-01   5.7006782e-01   5.9910564e-02   6.5549841e-01   6.3023625e-02   5.7220554e-01  -8.4660496e-02   6.1323984e-01  -9.9654594e-03   6.0882153e-01  -4.7749883e-03   4.7611279e-01  -1.2372393e-01   5.8558722e-01  -2.3725093e-03
  -5.9169501e-01  -3.3493774e-02   6.4421848e-01   2.2545525e-01   5.8232099e-01   5.1986965e-02   6.7701895e-01   1.3021236e-01   5.6209476e-01  -2.9585806e-02   6.1328073e-01   1.1361189e-02   6.1074331e-01   2.6754971e-02   4.6232878e-01   7.3882484e-03   5.8864371e-01   3.9203448e-02
  -5.7772724e-01   1.1755584e-01   6.8340915e-01   2.2042796e-01   5.9247299e-01   3.9708970e-02   7.0995949e-01   1.6514490e-01   5.6182101e-01   2.5098785e-02   6.1710855e-01   3.1257763e-02   6.1795743e-01   5.2450739e-02   4.7852629e-01   1.2475141e-01   5.9796718e-01   7.2068411e-02
  -5.2202593e-01   2.2283726e-01   7.1831879e-01   1.7557092e-01   5.9899075e-01   1.8161598e-02   7.4591051e-01   1.5690130e-01   5.7003220e-01   6.5265075e-02   6.2328579e-01   3.6654785e-02   6.2816875e-01   5.8858940e-02   5.1811039e-01   2.0158215e-01   6.1121849e-01   8.5792928e-02
  -4.4451810e-01   2.5200560e-01   7.4208534e-01   9.3102448e-02   5.9964245e-01  -1.3768738e-02   7.7530481e-01   1.0616310e-01   5.8330823e-01   8.2010786e-02   6.2858780e-01   2.0721993e-02   6.3727969e-01   3.9732926e-02   5.6949259e-01   2.2329232e-01   6.2478796e-01   7.5771023e-02
  -3.7080662e-01   2.0015965e-01   7.4913888e-01  -1.4447644e-02   5.9248528e-01  -5.2325704e-02   7.9003368e-01   2.5310170e-02   5.9730122e-01   7.3790801e-02   6.2933972e-01  -1.4785695e-02   6.4090384e-01  -1.8877502e-03   6.1937093e-01   1.9001714e-01   6.3490267e-01   4.4637149e-02
  -3.2403422e-01   8.7652891e-02   7.3680667e-01  -1.2657364e-01   5.7685517e-01  -8.9732242e-02   7.8567410e-01  -6.4729895e-02   6.0803022e-01   4.6317823e-02   6.2287339e-01  -6.0158044e-02   6.3594391e-01  -5.4662021e-02   6.5607892e-01   1.1526828e-01   6.3875806e-01   1.4293858e-03
  -3.1765944e-01  -4.7660427e-02   7.0634660e-01  -2.1985883e-01   5.5404016e-01  -1.1658311e-01   7.6284600e-01  -1.4024928e-01   6.1302839e-01   1.0350706e-02   6.0870520e-01  -1.0102493e-01   6.2182393e-01  -1.0262531e-01   6.7236364e-01   2.1324144e-02   6.3539840e-01  -4.1230489e-02
  -3.5218389e-01  -1.6351309e-01   6.6285396e-01  -2.7410528e-01   5.2726498e-01  -1.2489659e-01   7.2700011e-01  -1.8134174e-01   6.1187217e-01  -2.1989459e-02   5.8887531e-01  -1.2326673e-01   6.0079668e-01  -1.3039414e-01   6.6659490e-01  -6.7262653e-02   6.2594563e-01  -7.1063898e-02
  -4.1570804e-01  -2.2626374e-01   6.1427373e-01  -2.7750512e-01   5.0111168e-01  -1.1065667e-01   6.8702693e-01  -1.7727738e-01   6.0611555e-01  -4.0895466e-02   5.6752583e-01  -1.1758169e-01   5.7743911e-01  -1.2792263e-01   6.4261432e-01  -1.2986241e-01   6.1326339e-01  -7.9720554e-02
  -4.8839172e-01  -2.2059763e-01   5.6963481e-01  -2.2957389e-01   4.8046326e-01  -7.5217481e-02   6.5287267e-01  -1.2924839e-01   5.9861597e-01  -4.1613676e-02   5.4975789e-01  -8.2522394e-02   5.5738700e-01  -9.3590535e-02   6.0819502e-01  -1.5442716e-01   6.0108914e-01  -6.5113770e-02
  -5.4899071e-01  -1.5258636e-01   5.3704387e-01  -1.4100313e-01   4.6931466e-01  -2.5115402e-02   6.3294034e-01  -4.9644084e-02   5.9253352e-01  -2.5347782e-02   5.4017957e-01  -2.4947776e-02   5.4575698e-01  -3.4587336e-02   5.7271003e-01  -1.3941779e-01   5.9294524e-01  -3.1741140e-02
  -5.8106387e-01  -4.5931312e-02   5.2200732e-01  -3.0774728e-02   4.6981952e-01   2.9523664e-02   6.3206114e-01   4.1607715e-02   5.9036806e-01   1.7011783e-03   5.4164010e-01   4.1999962e-02   5.4578079e-01   3.5260355e-02   5.4474880e-01  -9.2892146e-02   5.9119072e-01   1.0899755e-02
  -5.7752651e-01   6.6235228e-02   5.2631505e-01   7.8369725e-02   4.8172465e-01   7.7404546e-02   6.5032843e-01   1.2231394e-01   5.9323415e-01   3.0493655e-02   5.5439040e-01   1.0244814e-01   5.5790043e-01   9.9234784e-02   5.3010582e-01  -2.9600947e-02   5.9638536e-01   5.1067242e-02
  -5.4186141e-01   1.5202669e-01   5.4788052e-01   1.6520605e-01   5.0244018e-01   1.0881885e-01   6.8328562e-01   1.7370937e-01   6.0062581e-01   5.2017169e-02   5.7600787e-01   1.4210601e-01   5.7968258e-01   1.4223614e-01   5.3072608e-01   3.3406088e-02   6.0721246e-01   7.8092597e-02
  -4.8624220e-01   1.8962456e-01   5.8140145e-01   2.1443009e-01   5.2763868e-01   1.1784647e-01   7.2316906e-01   1.8476033e-01   6.1064829e-01   5.9751482e-02   6.0199431e-01   1.5180670e-01   6.0644866e-01   1.5447519e-01   5.4468153e-01   8.1023483e-02   6.2088751e-01   8.5077625e-02
  -4.2738137e-01   1.7267403e-01   6.1966480e-01   2.1958917e-01   5.5224409e-01   1.0365768e-01   7.6088698e-01   1.5447648e-01   6.2061445e-01   5.1334303e-02   6.2687951e-01   1.2971062e-01   6.3244217e-01   1.3376470e-01   5.6705772e-01   1.0351760e-01   6.3392780e-01   7.0541293e-02
  -3.8151067e-01   1.1085763e-01   6.5515057e-01   1.8387400e-01   5.7155083e-01   7.0563401e-02   7.8818951e-01   9.1691305e-02   6.2781430e-01   2.8996094e-02   6.4552017e-01   8.1580913e-02   6.5220381e-01   8.5814532e-02   5.9144190e-01   9.8322015e-02   6.4305690e-01   3.8589795e-02
  -3.5956042e-01   2.5768840e-02   6.8169402e-01   1.1868328e-01   5.8229500e-01   2.6786430e-02   7.9967874e-01   1.2384524e-02   6.3030444e-01  -1.2908604e-03   6.5436892e-01   1.9072711e-02   6.6191801e-01   2.2487209e-02   6.1172516e-01   6.9999856e-02   6.4608050e-01  -2.4035710e-03
  -3.6486515e-01  -5.6644178e-02   6.9553030e-01   4.0209263e-02   5.8320508e-01  -1.7745293e-02   7.9376046e-01  -6.4721810e-02   6.2735324e-01  -3.1761051e-02   6.5214055e-01  -4.3553357e-02   6.6012909e-01  -4.1567761e-02   6.2348315e-01   2.8145381e-02   6.4233313e-01  -4.2270136e-02
  -3.9280175e-01  -1.1388713e-01   6.9585067e-01  -3.4567827e-02   5.7516235e-01  -5.3799993e-02   7.7283146e-01  -1.2281383e-01   6.1959887e-01  -5.5036990e-02   6.4001057e-01  -9.3030873e-02   6.4796947e-01  -9.2609934e-02   6.2489797e-01  -1.5477567e-02   6.3279401e-01  -7.1718580e-02
  -4.3305954e-01  -1.3323035e-01   6.8456766e-01  -9.1795942e-02   5.6078645e-01  -7.4955977e-02   7.4236793e-01  -1.5092349e-01   6.0878703e-01  -6.6098670e-02   6.2112955e-01  -1.2026139e-01   6.2866920e-01  -1.2109493e-01   6.1686880e-01  -5.0201918e-02   6.1972575e-01  -8.4657229e-02
  -4.7321610e-01  -1.1405974e-01   6.6552533e-01  -1.2321789e-01   5.4367906e-01  -7.8702970e-02   7.0940335e-01  -1.4582153e-01   5.9725243e-01  -6.3285052e-02   5.9973269e-01  -1.2192543e-01   6.0663318e-01  -1.2338411e-01   6.0242860e-01  -6.8849376e-02   6.0603820e-01  -7.9328561e-02
  -5.0240070e-01  -6.6735482e-02   6.4345386e-01  -1.2709119e-01   5.2755796e-01  -6.6561308e-02   6.8084559e-01  -1.1199046e-01   5.8732542e-01  -4.8359863e-02   5.8012830e-01  -1.0059629e-01   5.8638116e-01  -1.0192856e-01   5.8577535e-01  -6.8995112e-02   5.9457833e-01  -5.8315690e-02
