   1.8023260e-01   4.6225332e-01   1.8843568e-02   1.6854882e-01   1.0952364e-01   3.3295660e-01   4.9609161e-02   8.1231478e-01   6.8952387e-02   4.9477880e-01   1.2077436e-01   8.7272622e-01   1.8427652e-02   4.9811967e-01   9.3597535e-02   4.5893789e-01   2.3769100e-02   4.7218131e-01
   2.1601399e-01  -2.6516706e-01   1.0054316e-01   6.2161210e-01   2.0633821e-01   7.3119505e-01   2.1443974e-01   9.8550208e-01   1.6954713e-01   7.8078243e-01   2.9672619e-01   1.0000000e+00   1.4245592e-01   8.0681823e-01   2.4076830e-01   8.4186764e-01   1.3253745e-01   7.8568789e-01
  -1.3292658e-04  -8.0961953e-01   2.5668450e-01   9.0451693e-01   3.5847180e-01   9.5346028e-01   3.9549474e-01   1.0000000e+00   3.0486153e-01   9.4414339e-01   4.8104621e-01   9.7204846e-01   3.1092267e-01   9.7276104e-01   4.4823286e-01   1.0000000e+00   2.8244937e-01   9.5740762e-01
  -3.6126166e-01  -1.0000000e+00   4.5069070e-01   1.0000000e+00   5.3417130e-01   1.0000000e+00   5.6876353e-01   9.0853181e-01   4.5694706e-01   1.0000000e+00   6.5021216e-01   8.4581427e-01   4.9721423e-01   1.0000000e+00   6.6499900e-01   9.3112974e-01   4.5024974e-01   1.0000000e+00
  -7.2034935e-01  -8.0816788e-01   6.4665768e-01   9.3039170e-01   7.0471287e-01   9.0223528e-01   7.1991683e-01   7.6197251e-01   6.1048007e-01   9.6530931e-01   7.9100954e-01   6.7224297e-01   6.7710734e-01   9.0824551e-01   8.4611236e-01   6.8896283e-01   6.1606304e-01   9.3856532e-01
  -9.4938400e-01  -3.5315073e-01   8.1569262e-01   7.3896038e-01   8.4825530e-01   7.0227298e-01   8.4218072e-01   5.9100544e-01   7.5241466e-01   8.5195345e-01   8.9778485e-01   4.8057726e-01   8.3062352e-01   7.2143558e-01   9.6194760e-01   3.5245136e-01   7.6444297e-01   7.9821022e-01
  -9.8201743e-01   1.8233525e-01   9.3769034e-01   4.6737025e-01   9.4990316e-01   4.3472901e-01   9.3209319e-01   4.0313629e-01   8.7118873e-01   6.6814374e-01   9.6814202e-01   2.7858879e-01   9.4210615e-01   4.6181637e-01   1.0000000e+00  -5.8303917e-03   8.8363643e-01   5.9721536e-01
  -8.2054745e-01   6.2919847e-01   1.0000000e+00   1.4879393e-01   1.0000000e+00   1.2494081e-01   9.8623703e-01   1.9279342e-01   9.5655767e-01   4.2300860e-01   1.0000000e+00   6.3214524e-02   1.0000000e+00   1.5155824e-01   9.6201583e-01  -3.2848389e-01   9.6449770e-01   3.4845243e-01
  -5.2547741e-01   8.5954908e-01   9.9641921e-01  -1.8358919e-01   9.9329140e-01  -2.0039577e-01   1.0000000e+00  -4.4443752e-02   1.0000000e+00   1.3075984e-01   9.9058550e-01  -1.6716760e-01   9.9727410e-01  -1.8178839e-01   8.6125367e-01  -5.6772275e-01   1.0000000e+00   6.5612490e-02
  -1.9585418e-01   8.0409912e-01   9.2833597e-01  -4.8619664e-01   9.3027647e-01  -5.0198162e-01   9.6919811e-01  -2.9769846e-01   9.9595070e-01  -1.8378252e-01   9.3792616e-01  -4.0083609e-01   9.3305594e-01  -4.9902416e-01   7.2074078e-01  -6.8351601e-01   9.8609624e-01  -2.2869612e-01
   5.8882484e-02   4.8167249e-01   8.0692749e-01  -7.0671110e-01   8.1964144e-01  -7.2834690e-01   8.9361638e-01  -5.3391765e-01   9.4384876e-01  -4.8098043e-01   8.4402277e-01  -6.0656095e-01   8.1503958e-01  -7.4864211e-01   5.7053052e-01  -6.5434586e-01   9.2373950e-01  -4.9823205e-01
   1.5475426e-01   3.3262398e-03   6.5344524e-01  -8.0027994e-01   6.7918964e-01  -8.3151938e-01   7.8047781e-01  -7.0610677e-01   8.5015988e-01  -7.1153206e-01   7.1799656e-01  -7.4076047e-01   6.6084531e-01  -8.7866153e-01   4.4213447e-01  -4.9029671e-01   8.2086542e-01  -6.9866483e-01
   6.2323198e-02  -4.6865428e-01   4.9585015e-01  -7.4700704e-01   5.3347586e-01  -7.8593095e-01   6.4539287e-01  -7.7148438e-01   7.2885472e-01  -8.3077328e-01   5.7690052e-01  -7.6431596e-01   4.9636605e-01  -8.5557318e-01   3.6110224e-01  -2.3406550e-01   6.9268403e-01  -7.9113290e-01
  -1.8539138e-01  -7.8152379e-01   3.6292770e-01  -5.5874105e-01   4.0881331e-01  -5.9796890e-01   5.1000639e-01  -7.0808340e-01   5.9946135e-01  -8.1388361e-01   4.4331100e-01  -6.5880924e-01   3.5086089e-01  -6.7836594e-01   3.4106968e-01   5.1729152e-02   5.5956203e-01  -7.5557152e-01
  -5.0662663e-01  -8.4221516e-01   2.7814603e-01  -2.7562660e-01   3.2757088e-01  -3.0504034e-01   3.9731476e-01  -5.2393123e-01   4.8316996e-01  -6.6541667e-01   3.4052365e-01  -4.3596948e-01   2.5040734e-01  -3.8201424e-01   3.8132893e-01   3.0277200e-01   4.4308449e-01  -5.9866779e-01
  -8.0047982e-01  -6.4570886e-01   2.5485409e-01   4.4263267e-02   3.0329991e-01   3.3535396e-02   3.2605549e-01  -2.5675795e-01   3.9805000e-01  -4.1968428e-01   2.8676344e-01  -1.3739292e-01   2.1165621e-01  -2.9565652e-02   4.6839138e-01   4.6994688e-01   3.6131009e-01  -3.5404504e-01
  -9.8056140e-01  -2.6865410e-01   2.9421188e-01   3.3943651e-01   3.3822810e-01   3.5164590e-01   3.0630133e-01   3.7285616e-02   3.5518541e-01  -1.3038033e-01   2.9066662e-01   1.7709781e-01   2.3823915e-01   3.0542015e-01   5.8052290e-01   5.2781068e-01   3.2493153e-01  -7.3053289e-02
  -1.0000000e+00   1.6498457e-01   3.8579632e-01   5.5743634e-01   4.2335856e-01   5.9069600e-01   3.3755271e-01   2.9911620e-01   3.5682782e-01   1.4430609e-01   3.4940026e-01   4.4537146e-01   3.2056185e-01   5.5751787e-01   6.9286818e-01   4.7315900e-01   3.3541382e-01   1.8879403e-01
  -8.6255537e-01   5.2797983e-01   5.1022466e-01   6.6276198e-01   5.4068476e-01   7.0962385e-01   4.0931428e-01   4.7996625e-01   3.9664260e-01   3.5487961e-01   4.4940926e-01   6.1669280e-01   4.3861318e-01   6.8290242e-01   7.8199185e-01   3.2074972e-01   3.8527378e-01   3.8441623e-01
  -6.1538700e-01   7.2195839e-01   6.4301856e-01   6.4020755e-01   6.6687966e-01   6.8961013e-01   5.0391520e-01   5.4901613e-01   4.6188475e-01   4.6815909e-01   5.6955557e-01   6.5984662e-01   5.6669005e-01   6.6431517e-01   8.2936213e-01   1.0098694e-01   4.6038837e-01   4.8274831e-01
  -3.3460223e-01   7.0059942e-01   7.5902543e-01   4.9939061e-01   7.7761000e-01   5.3949441e-01   6.0021594e-01   5.0044284e-01   5.3629828e-01   4.7372402e-01   6.8525002e-01   5.7065156e-01   6.7857397e-01   5.1447927e-01   8.2498932e-01  -1.3932904e-01   5.4312038e-01   4.7495765e-01
  -1.0135552e-01   4.8290132e-01   8.3770541e-01   2.7522229e-01   8.5278138e-01   2.9664793e-01   6.7866883e-01   3.5669186e-01   6.0407544e-01   3.8689342e-01   7.7405933e-01   3.7554097e-01   7.5327857e-01   2.7475739e-01   7.7057245e-01  -3.4358858e-01   6.1650099e-01   3.7684294e-01
   2.1622992e-02   1.4542585e-01   8.6731384e-01   1.9998345e-02   8.8075480e-01   1.8494468e-02   7.2581303e-01   1.6251083e-01   6.5342313e-01   2.4394569e-01   8.2073201e-01   1.2546949e-01   7.7937946e-01   5.6702033e-03   6.7990990e-01  -4.6065664e-01   6.6793292e-01   2.2388970e-01
   9.0329630e-03  -2.0348870e-01   8.4734698e-01  -2.1088172e-01   8.6089847e-01  -2.3323799e-01   7.3744556e-01  -2.8769540e-02   6.7921375e-01   9.0502933e-02   8.2082523e-01  -1.1852163e-01   7.5751352e-01  -2.2933141e-01   5.7592766e-01  -4.6245399e-01   6.9189335e-01   6.0240388e-02
  -1.2318415e-01  -4.6121033e-01   7.8735191e-01  -3.7338700e-01   8.0253618e-01  -4.0903005e-01   7.1838969e-01  -1.7154360e-01   6.8308269e-01  -3.2963810e-02   7.8060221e-01  -3.0304035e-01   6.9894081e-01  -3.8098623e-01   4.8422414e-01  -3.5247649e-01   6.9003888e-01  -7.4646468e-02
  -3.2557783e-01  -5.6115745e-01   7.0377959e-01  -4.4413261e-01   7.2187797e-01  -4.8245506e-01   6.8011058e-01  -2.3958244e-01   6.7183860e-01  -1.0191948e-01   7.1446750e-01  -3.9549863e-01   6.2189080e-01  -4.2570568e-01   4.2631575e-01  -1.6344392e-01   6.6962788e-01  -1.5575254e-01
  -5.3311001e-01  -4.9074169e-01   6.1537616e-01  -4.2364938e-01   6.3742323e-01  -4.5421746e-01   6.3661284e-01  -2.3124645e-01   6.5450016e-01  -1.1270851e-01   6.4038605e-01  -3.9042198e-01   5.4624636e-01  -3.6932626e-01   4.1421385e-01   5.3633534e-02   6.4057677e-01  -1.7709887e-01
  -6.8651424e-01  -2.8961936e-01   5.3860693e-01  -3.3260486e-01   5.6535176e-01  -3.4801455e-01   6.0012426e-01  -1.6627193e-01   6.3913223e-01  -7.9918677e-02   5.7493069e-01  -3.0674148e-01   4.8835992e-01  -2.4177717e-01   4.4804038e-01   2.4479492e-01   6.1227002e-01  -1.4978768e-01
  -7.4870608e-01  -3.0869605e-02   4.8455710e-01  -2.0293524e-01   5.1638420e-01  -2.0050029e-01   5.7813881e-01  -7.6239121e-02   6.3067022e-01  -2.8303729e-02   5.2968441e-01  -1.7833859e-01   4.5769125e-01  -8.5571265e-02   5.1705997e-01   3.6688724e-01   5.9126174e-01  -9.5234412e-02
  -7.1333350e-01   2.0421067e-01   4.5757009e-01  -6.7933063e-02   4.9438769e-01  -4.9982232e-02   5.7217750e-01   6.4505761e-03   6.2998967e-01   1.6429768e-02   5.0940073e-01  -4.2917556e-02   4.5552344e-01   5.6870288e-02   6.0301006e-01   3.9648516e-01   5.8013383e-01  -3.7193704e-02
  -6.0294129e-01   3.5059518e-01   4.5587895e-01   4.5825238e-02   4.9700807e-01   7.2991117e-02   5.7857386e-01   5.7938649e-02   6.3442744e-01   3.5449406e-02   5.1228090e-01   6.7865194e-02   4.7608438e-01   1.5382687e-01   6.8501771e-01   3.3274947e-01   5.7774581e-01   5.2784268e-03
  -4.5921819e-01   3.7505476e-01   4.7344968e-01   1.2257228e-01   5.1757777e-01   1.5063654e-01   5.9054843e-01   6.7855206e-02   6.3924186e-01   2.1071488e-02   5.3174422e-01   1.3437953e-01   5.0917240e-01   1.8998027e-01   7.4432255e-01   1.9537667e-01   5.8044376e-01   2.1882512e-02
  -3.2914638e-01   2.8358762e-01   5.0231594e-01   1.5877496e-01   5.4757810e-01   1.7986497e-01   6.0081959e-01   4.0879381e-02   6.3949228e-01  -2.1632906e-02   5.5896635e-01   1.5219643e-01   5.4345050e-01   1.6838831e-01   7.6838339e-01   1.9836447e-02   5.8371660e-01   1.2866119e-02
  -2.5064539e-01   1.1678815e-01   5.3486923e-01   1.6141276e-01   5.7908545e-01   1.7032935e-01   6.0407177e-01  -6.2167176e-03   6.3186201e-01  -7.7061628e-02   5.8561138e-01   1.3098434e-01   5.6961704e-01   1.0748738e-01   7.5344592e-01  -1.5069960e-01   5.8388252e-01  -1.2394391e-02
  -2.4128757e-01  -6.5467034e-02   5.6568362e-01   1.4379803e-01   6.0672451e-01   1.3929653e-01   5.9869140e-01  -5.1269386e-02   6.1597381e-01  -1.2476280e-01   6.0613979e-01   8.9394754e-02   5.8280258e-01   3.3901196e-02   7.0525544e-01  -2.7596448e-01   5.7939071e-01  -3.9597130e-02
  -2.9544732e-01  -2.0465583e-01   5.9214799e-01   1.2020326e-01   6.2831959e-01   1.0494052e-01   5.8688981e-01  -7.4802590e-02   5.9449700e-01  -1.4665380e-01   6.1867045e-01   4.7565612e-02   5.8311405e-01  -2.6586736e-02   6.3713360e-01  -3.2833844e-01   5.7111120e-01  -5.5085014e-02
  -3.8817510e-01  -2.6163564e-01   6.1420599e-01   1.0108044e-01   6.4455320e-01   8.0377777e-02   5.7364519e-01  -6.6553407e-02   5.7232110e-01  -1.3308266e-01   6.2464679e-01   2.0247838e-02   5.7478233e-01  -5.6774650e-02   5.6645309e-01  -2.9957186e-01   5.6183232e-01  -5.0630955e-02
  -4.8504950e-01  -2.2716610e-01   6.3323647e-01   9.0011608e-02   6.5768625e-01   6.9958985e-02   5.6468879e-01  -2.8540641e-02   5.5495671e-01  -8.5830262e-02   6.2738462e-01   1.2569449e-02   5.6407637e-01  -5.2352757e-02   5.1008066e-01  -2.0212838e-01   5.5507075e-01  -2.6050236e-02
  -5.5384909e-01  -1.2155907e-01   6.5061894e-01   8.3462834e-02   6.6995128e-01   6.9088572e-02   5.6437722e-01   2.6338344e-02   5.4681267e-01  -1.7052473e-02   6.3023421e-01   1.9889793e-02   5.5688655e-01  -2.1499678e-02   4.8025949e-01  -6.4732481e-02   5.5371729e-01   1.1255971e-02
  -5.7463353e-01   1.4797466e-02   6.6647226e-01   7.3269144e-02   6.8215220e-01   6.7314884e-02   5.7407578e-01   7.9242034e-02   5.4983934e-01   5.4973983e-02   6.3499151e-01   3.1143529e-02   5.5667993e-01   1.9389239e-02   4.8180392e-01   7.6263903e-02   5.5893779e-01   4.9283998e-02
  -5.4441250e-01   1.3613126e-01   6.7918539e-01   5.0935204e-02   6.9311431e-01   5.3479814e-02   5.9173341e-01   1.1194004e-01   5.6306896e-01   1.1163281e-01   6.4123826e-01   3.4146749e-02   5.6361482e-01   5.2107692e-02   5.1162495e-01   1.8666166e-01   5.6978854e-01   7.5735990e-02
  -4.7659365e-01   2.0530380e-01   6.8577075e-01   1.1903180e-02   6.9999532e-01   2.0737835e-02   6.1250905e-01   1.1262432e-01   5.8296168e-01   1.3921745e-01   6.4658522e-01   2.0553715e-02   5.7475371e-01   6.2693395e-02   5.6009860e-01   2.4264527e-01   5.8349686e-01   8.1990137e-02
  -3.9546533e-01   2.0410698e-01   6.8297274e-01  -4.1695070e-02   6.9938616e-01  -3.0142155e-02   6.3030990e-01   7.9565249e-02   6.0448039e-01   1.3251627e-01   6.4772981e-01  -1.0838204e-02   5.8530299e-01   4.5703418e-02   6.1398882e-01   2.3573668e-01   5.9634156e-01   6.5766049e-02
  -3.2795311e-01   1.3741795e-01   6.6866527e-01  -1.0085869e-01   6.8873826e-01  -9.0327699e-02   6.3969554e-01   2.1649585e-02   6.2251849e-01   9.5898504e-02   6.4187530e-01  -5.3390679e-02   5.9037236e-01   5.6241917e-03   6.5997805e-01   1.7361917e-01   6.0480795e-01   3.1776555e-02
  -2.9493516e-01   3.0159896e-02   6.4304078e-01  -1.5222262e-01   6.6763028e-01  -1.4549605e-01   6.3761823e-01  -4.4446871e-02   6.3331251e-01   4.1578942e-02   6.2804819e-01  -9.4782854e-02   5.8674060e-01  -4.4940563e-02   6.8798933e-01   7.6771053e-02   6.0669143e-01  -9.8523070e-03
  -3.0533745e-01  -8.1927605e-02   6.0905326e-01  -1.8220923e-01   6.3832338e-01  -1.8039457e-01   6.2433515e-01  -9.9512466e-02   6.3533806e-01  -1.4393710e-02   6.0774591e-01  -1.2124612e-01   5.7395210e-01  -8.9652366e-02   6.9326878e-01  -2.7905045e-02   6.0172871e-01  -4.6860817e-02
  -3.5411277e-01  -1.6400009e-01   5.7204878e-01  -1.8122122e-01   6.0551248e-01  -1.8362584e-01   6.0336106e-01  -1.2760566e-01   6.2954815e-01  -5.6952872e-02   5.8478642e-01  -1.2223170e-01   5.5454462e-01  -1.1369753e-01   6.7703842e-01  -1.1434197e-01   5.9165321e-01  -6.8619498e-02
  -4.2472370e-01  -1.9299605e-01   5.3863051e-01  -1.4671196e-01   5.7529080e-01  -1.5132151e-01   5.8042501e-01  -1.2080519e-01   6.1887717e-01  -7.6307211e-02   5.6434561e-01  -9.4119246e-02   5.3331261e-01  -1.0846982e-01   6.4558073e-01  -1.6377434e-01   5.7963392e-01  -6.9328883e-02
  -4.9515279e-01  -1.6364030e-01   5.1509931e-01  -8.4077857e-02   5.5364475e-01  -8.8405360e-02   5.6177399e-01  -8.1183507e-02   6.0719819e-01  -7.0172617e-02   5.5149457e-01  -4.1514468e-02   5.1585547e-01  -7.3969163e-02   6.0811424e-01  -1.6848899e-01   5.6928703e-01  -4.9482917e-02
  -5.4478193e-01  -8.8385894e-02   5.0598762e-01  -5.3990720e-03   5.4500066e-01  -7.3802627e-03   5.5245924e-01  -1.9779317e-02   5.9816636e-01  -4.3592702e-02   5.4979058e-01   2.3995100e-02   5.0699134e-01  -1.8492648e-02   5.7428469e-01  -1.3238251e-01   5.6364541e-01  -1.5381914e-02
  -5.6051126e-01   7.5537445e-03   5.1294578e-01   7.3388557e-02   5.5109491e-01   7.4724369e-02   5.5495168e-01   4.6704660e-02   5.9420164e-01  -6.8799510e-03   5.6021504e-01   8.6938388e-02   5.0938069e-01   4.3834808e-02   5.5175964e-01  -6.8859517e-02   5.6430340e-01   2.2860406e-02
  -5.4004102e-01   9.5120212e-02   5.3436415e-01   1.3642335e-01   5.7055749e-01   1.4072784e-01   5.6856078e-01   1.0084805e-01   5.9593264e-01   2.7911879e-02   5.8085797e-01   1.3229481e-01   5.2281437e-01   9.7277662e-02   5.4458358e-01   3.6778215e-03   5.7102842e-01   5.4439472e-02
  -4.9152935e-01   1.4991219e-01   5.6577484e-01   1.7144702e-01   5.9927025e-01   1.7725903e-01   5.8975072e-01   1.2898980e-01   6.0221720e-01   5.0357827e-02   6.0738387e-01   1.4925445e-01   5.4433456e-01   1.2858223e-01   5.5267082e-01   6.6682459e-02   5.8191368e-01   7.0738113e-02
  -4.3054308e-01   1.5892745e-01   6.0084696e-01   1.7257705e-01   6.3131320e-01   1.7787042e-01   6.1312401e-01   1.2469492e-01   6.1060125e-01   5.4431735e-02   6.3406490e-01   1.3399216e-01   5.6900492e-01   1.3038370e-01   5.7223876e-01   1.0598113e-01   5.9393652e-01   6.7588189e-02
  -3.7494255e-01   1.2342746e-01   6.3281742e-01   1.4146925e-01   6.6034435e-01   1.4434461e-01   6.3289137e-01   9.0133263e-02   6.1813332e-01   3.9863968e-02   6.5519163e-01   9.0548715e-02   5.9120806e-01   1.0291020e-01   5.9715238e-01   1.1478293e-01   6.0381920e-01   4.6212290e-02
  -3.3945834e-01   5.7396823e-02   6.5598981e-01   8.6619541e-02   6.8104666e-01   8.5915534e-02   6.4439661e-01   3.5099059e-02   6.2226877e-01   1.1805480e-02   6.6647228e-01   2.9617151e-02   6.0608598e-01   5.3609119e-02   6.2072135e-01   9.4597109e-02   6.0893219e-01   1.2651511e-02
  -3.3191106e-01  -1.7676072e-02   6.6683645e-01   2.1004782e-02   6.9018513e-01   1.6642246e-02   6.4518780e-01  -2.5986864e-02   6.2154786e-01  -2.1052971e-02   6.6595727e-01  -3.4400793e-02   6.1064561e-01  -5.1613879e-03   6.3735745e-01   5.3863902e-02   6.0793316e-01  -2.4116143e-02
  -3.5140017e-01  -7.9791648e-02   6.6463942e-01  -4.1223502e-02   6.8720959e-01  -4.8252620e-02   6.3556125e-01  -7.8137733e-02   6.1597893e-01  -4.9212804e-02   6.5444059e-01  -8.7224040e-02   6.0442875e-01  -5.9558162e-02   6.4387953e-01   5.0924598e-03   6.0109220e-01  -5.4750729e-02
  -3.8960508e-01  -1.1302964e-01   6.5133569e-01  -8.8116402e-02   6.7408098e-01  -9.6089917e-02   6.1824753e-01  -1.0975169e-01   6.0691422e-01  -6.5149462e-02   6.3504738e-01  -1.1826840e-01   5.8940259e-01  -9.7873832e-02   6.3996042e-01  -3.8871019e-02   5.9010366e-01  -7.2072332e-02
  -4.3391391e-01  -1.1138988e-01   6.3082603e-01  -1.1230831e-01   6.5458208e-01  -1.1929873e-01   5.9756015e-01  -1.1515110e-01   5.9659350e-01  -6.5140416e-02   6.1233811e-01  -1.2283082e-01   5.6930891e-01  -1.1310537e-01   6.2783574e-01  -6.7996368e-02   5.7757472e-01  -7.2681593e-02
  -4.7144766e-01  -7.9551230e-02   6.0793425e-01  -1.1214312e-01   6.3330003e-01  -1.1656694e-01   5.7823486e-01  -9.5458190e-02   5.8749456e-01  -4.9937092e-02   5.9115162e-01  -1.0268048e-01   5.4866255e-01  -1.0417818e-01   6.1144885e-01  -7.7194046e-02   5.6632850e-01  -5.7512964e-02
