   3.4946876e-02   5.6254283e-01   1.3367594e-01   3.9659679e-01   9.4213618e-03   3.5273924e-01   8.5862264e-02   6.5299339e-01   9.2410201e-02   6.8127053e-01   6.4301702e-02   1.9118713e-01   1.8585347e-01   8.0242786e-01   1.9001935e-01   6.1242071e-01   7.5344797e-02   2.8009146e-01
   9.4752295e-02  -1.9413764e-01   2.4018996e-01   7.8027675e-01   1.2024732e-01   7.3901369e-01   2.0627200e-01   8.9725285e-01   2.2453620e-01   9.1045777e-01   1.2928771e-01   5.6930093e-01   3.3115719e-01   9.9341827e-01   3.5641374e-01   9.2515387e-01   1.5134313e-01   6.5599242e-01
  -7.4402117e-02  -7.7623329e-01   3.9865042e-01   9.8117203e-01   2.9129350e-01   9.5622326e-01   3.5280289e-01   1.0000000e+00   3.8243570e-01   1.0000000e+00   2.4839564e-01   8.3570639e-01   4.9134537e-01   1.0000000e+00   5.6393076e-01   1.0000000e+00   2.7623161e-01   8.9516249e-01
  -3.8071767e-01  -1.0000000e+00   5.7623495e-01   1.0000000e+00   4.8799737e-01   1.0000000e+00   5.0640289e-01   9.9595577e-01   5.4528207e-01   9.7599941e-01   4.0184651e-01   9.7936331e-01   6.4230857e-01   8.8881965e-01   7.6333602e-01   8.5629235e-01   4.2826191e-01   1.0000000e+00
  -6.9439776e-01  -8.2784802e-01   7.4339848e-01   8.7070829e-01   6.7824840e-01   8.9750478e-01   6.5341384e-01   9.1839616e-01   6.9696064e-01   8.6794845e-01   5.6898070e-01   1.0000000e+00   7.7062130e-01   7.2365635e-01   9.1498170e-01   5.6140225e-01   5.8731490e-01   9.8711778e-01
  -8.9904686e-01  -3.7156964e-01   8.7807553e-01   6.4020100e-01   8.3707584e-01   6.9023594e-01   7.8427931e-01   7.8634876e-01   8.2574996e-01   6.9915996e-01   7.2967433e-01   9.0374590e-01   8.7130394e-01   5.4499365e-01   9.9582216e-01   1.9979868e-01   7.3637966e-01   8.7758058e-01
  -9.3050494e-01   1.8125243e-01   9.6618205e-01   3.4957340e-01   9.4766276e-01   4.1663221e-01   8.9110303e-01   6.0301164e-01   9.2309579e-01   4.8528432e-01   8.6525063e-01   7.0183444e-01   9.4359306e-01   3.6565826e-01   1.0000000e+00  -1.5347232e-01   8.6168679e-01   6.9042651e-01
  -7.8822546e-01   6.4777378e-01   1.0000000e+00   3.0890934e-02   1.0000000e+00   1.0762989e-01   9.6576634e-01   3.6510020e-01   9.8261861e-01   2.3847672e-01   9.5946670e-01   4.1277605e-01   9.8706126e-01   1.8034666e-01   9.3566538e-01  -4.4063544e-01   9.5225919e-01   4.4260238e-01
  -5.2547365e-01   8.8759808e-01   9.7729026e-01  -2.8432265e-01   9.8998640e-01  -2.0671862e-01   1.0000000e+00   7.5328904e-02   1.0000000e+00  -2.7680585e-02   1.0000000e+00   6.5474122e-02   1.0000000e+00  -2.0317818e-02   8.2158458e-01  -6.1842758e-01   9.9991285e-01   1.5300063e-01
  -2.3207216e-01   8.2771400e-01   9.0198758e-01  -5.5695307e-01   9.2008299e-01  -4.8934880e-01   9.8715876e-01  -2.4563005e-01   9.7360090e-01  -2.9292471e-01   9.8049592e-01  -2.9681316e-01   9.7981549e-01  -2.3544753e-01   6.8406899e-01  -6.5997654e-01   1.0000000e+00  -1.5152376e-01
  -6.7898200e-03   4.8966052e-01   7.8553525e-01  -7.4285796e-01   8.0086487e-01  -6.9678715e-01   9.2553813e-01  -5.5436618e-01   9.0590919e-01  -5.2712612e-01   9.0309861e-01  -6.1687254e-01   9.2556442e-01  -4.4457307e-01   5.5262144e-01  -5.6313908e-01   9.5303688e-01  -4.3299467e-01
   7.4976823e-02  -1.0948082e-02   6.4664592e-01  -8.0639149e-01   6.5125064e-01  -7.9067641e-01   8.2129024e-01  -7.9388427e-01   8.0491904e-01  -6.9431340e-01   7.7998968e-01  -8.3420378e-01   8.4096658e-01  -6.1103126e-01   4.5402570e-01  -3.5593046e-01   8.6615429e-01  -6.4745797e-01
  -1.3378024e-02  -5.0550402e-01   5.0854000e-01  -7.3399803e-01   4.9608108e-01  -7.5171967e-01   6.8917661e-01  -9.1185836e-01   6.8430269e-01  -7.6303666e-01   6.3253151e-01  -9.0263218e-01   7.3601402e-01  -6.9509716e-01   4.0636236e-01  -9.0918635e-02   7.5318874e-01  -7.5656364e-01
  -2.4226302e-01  -8.3436014e-01   3.9442713e-01  -5.3929531e-01   3.6143619e-01  -5.8709666e-01   5.5040784e-01  -8.7860288e-01   5.6170042e-01  -7.1778481e-01   4.8744818e-01  -8.0608194e-01   6.2619604e-01  -6.6954311e-01   4.1530303e-01   1.6991375e-01   6.3278689e-01  -7.3969109e-01
  -5.3818070e-01  -8.9954788e-01   3.2290728e-01  -2.5991448e-01   2.6938041e-01  -3.2947574e-01   4.2825681e-01  -6.9786434e-01   4.5546344e-01  -5.6604719e-01   3.7107652e-01  -5.6566488e-01   5.2952264e-01  -5.3116155e-01   4.7395857e-01   3.7208249e-01   5.2491386e-01  -6.0164770e-01
  -8.0954666e-01  -6.9412272e-01   3.0442751e-01   5.1174220e-02   2.3357743e-01  -2.9330910e-02   3.4278767e-01  -4.0753246e-01   3.8081206e-01  -3.3825556e-01   3.0335063e-01  -2.3564314e-01   4.6232919e-01  -3.0445668e-01   5.6586004e-01   4.8099593e-01   4.4668439e-01  -3.7333936e-01
  -9.7801729e-01  -2.9721970e-01   3.3955087e-01   3.3798176e-01   2.5685716e-01   2.5759407e-01   3.0619505e-01  -6.8747127e-02   3.4655240e-01  -7.9645538e-02   2.9325506e-01   1.1186268e-01   4.3515721e-01  -3.4999402e-02   6.6975944e-01   4.8543931e-01   4.0863443e-01  -1.0372304e-01
  -1.0000000e+00   1.6304885e-01   4.1959220e-01   5.5210696e-01   3.3158387e-01   4.8193391e-01   3.2079118e-01   2.5098350e-01   3.5381539e-01   1.6168971e-01   3.3773756e-01   4.0585787e-01   4.5064273e-01   2.2375578e-01   7.6402791e-01   3.9227176e-01   4.1307845e-01   1.5308254e-01
  -8.7758750e-01   5.5169924e-01   5.2842811e-01   6.5983145e-01   4.4153610e-01   6.0858525e-01   3.7889045e-01   4.9236082e-01   3.9624023e-01   3.4491428e-01   4.2290828e-01   5.9174078e-01   5.0298057e-01   4.2220232e-01   8.2999430e-01   2.2192169e-01   4.5401813e-01   3.4967771e-01
  -6.5308635e-01   7.6451701e-01   6.4567153e-01   6.4649998e-01   5.6538548e-01   6.2092473e-01   4.6517870e-01   6.1532864e-01   4.6194526e-01   4.4351758e-01   5.2791120e-01   6.4066955e-01   5.7952792e-01   5.2447266e-01   8.5459196e-01   6.8477809e-03   5.1914510e-01   4.5430706e-01
  -3.9485445e-01   7.5142621e-01   7.5028284e-01   5.2007955e-01   6.8055364e-01   5.2351865e-01   5.6018295e-01   6.0656445e-01   5.3618690e-01   4.4962228e-01   6.2954740e-01   5.5416029e-01   6.6355570e-01   5.1599547e-01   8.3285680e-01  -2.0863855e-01   5.9273959e-01   4.5649756e-01
  -1.7717740e-01   5.3037451e-01   8.2466280e-01   3.1191142e-01   7.6747971e-01   3.4262915e-01   6.4466118e-01   4.8360503e-01   6.0456667e-01   3.7602098e-01   7.0740260e-01   3.6457004e-01   7.3801979e-01   4.0868346e-01   7.6996035e-01  -3.7462637e-01   6.5924857e-01   3.6959531e-01
  -5.6873849e-02   1.8076675e-01   8.5851413e-01   6.9632081e-02   8.1370308e-01   1.2039946e-01   7.0431889e-01   2.8971146e-01   6.5637245e-01   2.5229639e-01   7.4871753e-01   1.2653668e-01   7.8988249e-01   2.3791975e-01   6.8099988e-01  -4.5025505e-01   7.0701945e-01   2.2639041e-01
  -5.8900087e-02  -1.8550578e-01   8.5030244e-01  -1.5560671e-01   8.1563964e-01  -9.5997266e-02   7.3239058e-01   7.9924531e-02   6.8634724e-01   1.1545995e-01   7.5044768e-01  -9.8672710e-02   8.1267804e-01   5.0885540e-02   5.8746167e-01  -4.1739110e-01   7.3031839e-01   6.8500755e-02
  -1.7000070e-01  -4.6079650e-01   8.0697222e-01  -3.2238137e-01   7.7869516e-01  -2.6621013e-01   7.3050785e-01  -9.5386514e-02   6.9523314e-01  -1.1225092e-03   7.1928466e-01  -2.6041081e-01   8.0753838e-01  -1.0782757e-01   5.1158570e-01  -2.8736734e-01   7.3000621e-01  -6.5900097e-02
  -3.4699277e-01  -5.7492860e-01   7.4118106e-01  -4.0769988e-01   7.1479262e-01  -3.6522607e-01   7.0669558e-01  -2.0363584e-01   6.8825988e-01  -7.6361336e-02   6.6850761e-01  -3.3097675e-01   7.8157064e-01  -2.0827143e-01   4.7041201e-01  -9.6252167e-02   7.1200533e-01  -1.5170173e-01
  -5.3230464e-01  -5.1284240e-01   6.6777314e-01  -4.0982369e-01   6.3896458e-01  -3.8686354e-01   6.7216803e-01  -2.3602752e-01   6.7281604e-01  -1.0510653e-01   6.1374595e-01  -3.1002088e-01   7.4503907e-01  -2.4101454e-01   4.7173497e-01   1.0658289e-01   6.8486660e-01  -1.8113385e-01
  -6.7235829e-01  -3.1337746e-01   6.0025776e-01  -3.4522330e-01   5.6576003e-01  -3.4197765e-01   6.3778427e-01  -2.0574506e-01   6.5594757e-01  -9.6444706e-02   5.6868184e-01  -2.2069142e-01   7.0815051e-01  -2.1601971e-01   5.1279515e-01   2.7237414e-01   6.5708915e-01  -1.6243761e-01
  -7.3348107e-01  -5.1513899e-02   5.4808763e-01  -2.4102596e-01   5.0628396e-01  -2.5254553e-01   6.1112813e-01  -1.3989240e-01   6.4237406e-01  -6.7999350e-02   5.4174212e-01  -9.9681981e-02   6.7835627e-01  -1.5585188e-01   5.8163806e-01   3.6535799e-01   6.3489553e-01  -1.1427485e-01
  -7.0895575e-01   1.8929090e-01   5.1569647e-01  -1.2582536e-01   4.6685023e-01  -1.4394668e-01   5.9531468e-01  -6.8447658e-02   6.3376158e-01  -3.8606520e-02   5.3499587e-01   1.5126546e-02   6.5918444e-01  -8.6156580e-02   6.6083349e-01   3.6939390e-01   6.2124666e-01  -5.8113410e-02
  -6.1773213e-01   3.4085284e-01   5.0286809e-01  -2.2885347e-02   4.4893343e-01  -3.8958617e-02   5.8924786e-01  -1.5557019e-02   6.2900031e-01  -2.2745112e-02   5.4478346e-01   9.4233901e-02   6.5037264e-01  -2.8233986e-02   7.3170249e-01   2.8909007e-01   6.1590186e-01  -1.2161207e-02
  -4.9633090e-01   3.6881048e-01   5.0606252e-01   5.4130537e-02   4.5009325e-01   4.6514891e-02   5.8897782e-01   6.6190081e-03   6.2523329e-01  -2.6667144e-02   5.6368428e-01   1.2323803e-01   6.4896723e-01   6.2310621e-03   7.7859575e-01   1.4744320e-01   6.1628278e-01   1.3141774e-02
  -3.8588476e-01   2.7918695e-01   5.2025514e-01   1.0178374e-01   4.6557900e-01   1.0496698e-01   5.8975404e-01  -5.7236119e-04   6.1934391e-01  -4.7525927e-02   5.8329635e-01   1.0444853e-01   6.5105870e-01   1.6616505e-02   7.9214764e-01  -2.0070828e-02   6.1890170e-01   1.6608446e-02
  -3.1936117e-01   1.1345128e-01   5.4059647e-01   1.2504010e-01   4.8995774e-01   1.3680965e-01   5.8793570e-01  -2.4612238e-02   6.0932456e-01  -7.5072758e-02   5.9684209e-01   5.4239053e-02   6.5341840e-01   1.1603770e-02   7.7112651e-01  -1.7337861e-01   6.2075723e-01   5.1790188e-03
  -3.1218423e-01  -6.7395584e-02   5.6358032e-01   1.3342484e-01   5.1847174e-01   1.4794394e-01   5.8228696e-01  -4.7661260e-02   5.9517381e-01  -9.5814669e-02   6.0100695e-01  -3.6211780e-03   6.5462887e-01   4.4132611e-03   7.2242322e-01  -2.7719217e-01   6.2036131e-01  -9.7380185e-03
  -3.5914936e-01  -2.0386134e-01   5.8745450e-01   1.3647659e-01   5.4779500e-01   1.4625441e-01   5.7424611e-01  -5.3794614e-02   5.7901017e-01  -9.8195955e-02   5.9648618e-01  -4.6403663e-02   6.5533752e-01   6.8207377e-03   6.5910482e-01  -3.0958371e-01   6.1807393e-01  -1.7109158e-02
  -4.3823852e-01  -2.5667668e-01   6.1185890e-01   1.3992003e-01   5.7607056e-01   1.3818774e-01   5.6713663e-01  -3.4998982e-02   5.6437527e-01  -7.6886081e-02   5.8715635e-01  -5.9720362e-02   6.5760220e-01   2.4229535e-02   5.9695975e-01  -2.6714037e-01   6.1568263e-01  -1.0519130e-02
  -5.1937061e-01  -2.1725538e-01   6.3694084e-01   1.4367295e-01   6.0237504e-01   1.2650924e-01   5.6469733e-01   6.0842363e-03   5.5502080e-01  -3.4673453e-02   5.7829879e-01  -4.1365554e-02   6.6366633e-01   5.3560157e-02   5.5047409e-01  -1.6508695e-01   6.1546182e-01   9.6485301e-03
  -5.7467565e-01  -1.0714235e-01   6.6234780e-01   1.4228018e-01   6.2593330e-01   1.0995756e-01   5.6952505e-01   5.7431523e-02   5.5364517e-01   1.8562351e-02   5.7457876e-01  -7.2541468e-04   6.7469534e-01   8.4595249e-02   5.2938971e-01  -3.2366758e-02   6.1911482e-01   3.6726994e-02
  -5.8732006e-01   3.1710894e-02   6.8645213e-01   1.2755677e-01   6.4542142e-01   8.4776327e-02   5.8190833e-01   1.0207932e-01   5.6094644e-01   6.9122035e-02   5.7836991e-01   4.5406395e-02   6.8990039e-01   1.0400184e-01   5.3654536e-01   9.6672854e-02   6.2694246e-01   6.0479052e-02
  -5.5564431e-01   1.5234853e-01   7.0624295e-01   9.2660524e-02   6.5876196e-01   4.7596358e-02   5.9956327e-01   1.2421468e-01   5.7537733e-01   1.0387846e-01   5.8906474e-01   7.9145064e-02   7.0648814e-01   1.0059486e-01   5.6779212e-01   1.9139234e-01   6.3760354e-01   7.1040128e-02
  -4.9235192e-01   2.1719230e-01   7.1790133e-01   3.5792118e-02   6.6348355e-01  -1.8122247e-03   6.1822516e-01   1.1441935e-01   5.9355972e-01   1.1406793e-01   6.0339367e-01   8.7312572e-02   7.2035707e-01   6.9629954e-02   6.1355527e-01   2.3197840e-01   6.4846012e-01   6.2393446e-02
  -4.1956415e-01   2.0868166e-01   7.1790808e-01  -3.7609010e-02   6.5752802e-01  -5.8863322e-02   6.3289785e-01   7.2963250e-02   6.1121553e-01   9.7783676e-02   6.1657288e-01   6.5557507e-02   7.2732939e-01   1.5153559e-02   6.6159402e-01   2.1350588e-01   6.5637944e-01   3.4613136e-02
  -3.6117608e-01   1.3335366e-01   7.0435015e-01  -1.1527120e-01   6.4023027e-01  -1.1442524e-01   6.3941751e-01   1.0021752e-02   6.2437339e-01   6.0432798e-02   6.2395161e-01   1.9574381e-02   7.2456688e-01  -5.0541041e-02   7.0026918e-01   1.4595866e-01   6.5876479e-01  -5.8888447e-03
  -3.3544430e-01   1.7999385e-02   6.7785612e-01  -1.8113000e-01   6.1299620e-01  -1.5707287e-01   6.3572937e-01  -5.7389963e-02   6.3041677e-01   1.2938914e-02   6.2251944e-01  -3.7029258e-02   7.1159956e-01  -1.1035681e-01   7.2126487e-01   5.0364077e-02   6.5440874e-01  -4.8280052e-02
  -3.4947879e-01  -9.9572498e-02   6.4193212e-01  -2.1973673e-01   5.7947771e-01  -1.7634477e-01   6.2261357e-01  -1.1044526e-01   6.2876982e-01  -3.1495274e-02   6.1193669e-01  -8.7044648e-02   6.9074965e-01  -1.4742401e-01   7.2139341e-01  -4.7312519e-02   6.4398198e-01  -8.0533369e-02
  -3.9781151e-01  -1.8331205e-01   6.0240670e-01  -2.2080264e-01   5.4501685e-01  -1.6604424e-01   6.0348050e-01  -1.3429088e-01   6.2092097e-01  -6.1358399e-02   5.9464255e-01  -1.1522198e-01   6.6662896e-01  -1.5038638e-01   7.0282479e-01  -1.2323524e-01   6.2989876e-01  -9.3191898e-02
  -4.6485669e-01  -2.0978675e-01   5.6623323e-01  -1.8217244e-01   5.1557635e-01  -1.2628130e-01   5.8341700e-01  -1.2232058e-01   6.0987742e-01  -6.9968053e-02   5.7513116e-01  -1.1280314e-01   6.4496475e-01  -1.1686870e-01   6.7202022e-01  -1.6134177e-01   6.1567288e-01  -8.2171306e-02
  -5.3028421e-01  -1.7427553e-01   5.3995688e-01  -1.1055675e-01   4.9643372e-01  -6.3768769e-02   5.6776268e-01  -7.7857958e-02   5.9922651e-01  -5.6983522e-02   5.5863352e-01  -7.9867803e-02   6.3108139e-01  -5.4221267e-02   6.3770892e-01  -1.5644350e-01   6.0495283e-01  -4.9877874e-02
  -5.7526963e-01  -9.0840318e-02   5.2827489e-01  -2.0044852e-02   4.9100460e-01   9.5631289e-03   5.6067421e-01  -1.3020041e-02   5.9212442e-01  -2.8054724e-02   5.4965893e-01  -2.5052994e-02   6.2850553e-01   2.2438509e-02   6.0857247e-01  -1.1439328e-01   6.0054624e-01  -4.4764462e-03
  -5.8828686e-01   1.3344125e-02   5.3292896e-01   7.1299022e-02   4.9999976e-01   7.9365612e-02   5.6395212e-01   5.4934815e-02   5.9040700e-01   7.2114203e-03   5.5068116e-01   3.7179479e-02   6.3796404e-01   9.4448165e-02   5.9101707e-01  -4.9478332e-02   6.0362183e-01   4.2498453e-02
  -5.6756323e-01   1.0728306e-01   5.5246726e-01   1.4561447e-01   5.2135062e-01   1.3213161e-01   5.7671811e-01   1.0845998e-01   5.9424636e-01   3.8224940e-02   5.6160352e-01   9.0787032e-02   6.5731092e-01   1.4451655e-01   5.8799512e-01   2.0093224e-02   6.1349023e-01   7.9334200e-02
  -5.2104361e-01   1.6520604e-01   5.8257792e-01   1.8915055e-01   5.5063103e-01   1.5815462e-01   5.9567039e-01   1.3424369e-01   6.0219089e-01   5.6264266e-02   5.7979752e-01   1.2234218e-01   6.8204272e-01   1.6102857e-01   5.9859658e-01   7.6904392e-02   6.2778105e-01   9.7124215e-02
  -4.6334244e-01   1.7368756e-01   6.1710586e-01   1.9518956e-01   5.8204796e-01   1.5361756e-01   6.1601921e-01   1.2655190e-01   6.1167463e-01   5.6727441e-02   6.0085566e-01   1.2447847e-01   7.0646148e-01   1.4086358e-01   6.1869294e-01   1.0854119e-01   6.4308655e-01   9.1987281e-02
  -4.1095448e-01   1.3451163e-01   6.4944846e-01   1.6521029e-01   6.0971867e-01   1.2124394e-01   6.3278431e-01   8.8390631e-02   6.1980333e-01   4.0111708e-02   6.1979118e-01   9.7539963e-02   7.2511714e-01   8.9907388e-02   6.4232247e-01   1.1013452e-01   6.5585675e-01   6.5861901e-02
  -3.7761794e-01   6.2747842e-02   6.7389641e-01   1.0803214e-01   6.2884389e-01   6.9366147e-02   6.4200494e-01   3.0253627e-02   6.2413080e-01   1.1508430e-02   6.3225841e-01   4.9033255e-02   7.3405247e-01   2.1207879e-02   6.6329699e-01   8.4655736e-02   6.6323934e-01   2.5712172e-02
  -3.7034744e-01  -1.8439307e-02   6.8683727e-01   3.7472935e-02   6.3671748e-01   9.8378560e-03   6.4176688e-01  -3.2846893e-02   6.2334834e-01  -2.0972856e-02   6.3567036e-01  -8.5331086e-03   7.3178491e-01  -4.8522280e-02   6.7682646e-01   4.1552535e-02   6.6379953e-01  -1.8400059e-02
  -3.8830978e-01  -8.5702899e-02   6.8724783e-01  -3.1344918e-02   6.3305889e-01  -4.5006966e-02   6.3249163e-01  -8.5746235e-02   6.1753203e-01  -4.8755598e-02   6.2967014e-01  -6.1389896e-02   7.1943916e-01  -1.0349497e-01   6.8049329e-01  -6.5999305e-03   6.5773770e-01  -5.6191004e-02
  -4.2381598e-01  -1.2198843e-01   6.7663889e-01  -8.5341124e-02   6.1985425e-01  -8.5021887e-02   6.1668593e-01  -1.1682964e-01   6.0804139e-01  -6.5022083e-02   6.1606355e-01  -9.7905063e-02   7.0031976e-01  -1.3254687e-01   6.7455979e-01  -4.7461933e-02   6.4673511e-01  -7.9621542e-02
  -4.6517556e-01  -1.2093181e-01   6.5845590e-01  -1.1616275e-01   6.0071660e-01  -1.0428658e-01   5.9818890e-01  -1.2069714e-01   5.9709257e-01  -6.6381076e-02   5.9823393e-01  -1.1129654e-01   6.7897262e-01  -1.3156043e-01   6.6160301e-01  -7.2010838e-02   6.3345000e-01  -8.4709060e-02
  -5.0052920e-01  -8.7484151e-02   6.3709661e-01  -1.2137241e-01   5.7993260e-01  -1.0187772e-01   5.8112430e-01  -9.8870935e-02   5.8712729e-01  -5.3395907e-02   5.8019589e-01  -1.0075811e-01   6.5999631e-01  -1.0374724e-01   6.4557578e-01  -7.6357824e-02   6.2080094e-01  -7.2068429e-02
