   3.1824876e-05   2.6971673e-01   8.8284731e-02   6.7083326e-01   1.0257014e-01   6.9210222e-01   1.4652295e-01   2.1997214e-01   1.1966745e-01   2.7884173e-01   1.0532390e-01   6.8499727e-01   1.4785201e-01   3.5297097e-01   9.0935528e-02   1.5226143e-01   5.3394708e-02   3.0581018e-01
  -2.9554234e-02  -4.5024598e-01   2.5457264e-01   9.1838104e-01   2.6795718e-01   9.2793261e-01   2.0319994e-01   5.3247591e-01   1.9263516e-01   6.4320899e-01   2.5923225e-01   9.2474936e-01   2.3204281e-01   6.8078288e-01   1.7856500e-01   6.3720413e-01   1.3836926e-01   6.6898809e-01
  -2.2822650e-01  -8.9190398e-01   4.5491700e-01   1.0000000e+00   4.6433714e-01   1.0000000e+00   3.0109643e-01   7.7391132e-01   3.1277497e-01   8.8539761e-01   4.4249729e-01   1.0000000e+00   3.6045057e-01   9.0122137e-01   3.5160235e-01   9.3376045e-01   2.7458066e-01   9.0277978e-01
  -4.9588578e-01  -9.3002453e-01   6.5528738e-01   9.2238571e-01   6.5944980e-01   9.1949081e-01   4.2895704e-01   9.3423067e-01   4.6056841e-01   1.0000000e+00   6.2624139e-01   9.3516337e-01   5.1458120e-01   1.0000000e+00   5.6388106e-01   1.0000000e+00   4.3903890e-01   1.0000000e+00
  -7.1998443e-01  -6.0304690e-01   8.2598694e-01   7.1851098e-01   8.2577093e-01   7.1993418e-01   5.7377512e-01   1.0000000e+00   6.1650028e-01   9.9188081e-01   7.8734409e-01   7.6506383e-01   6.7440992e-01   9.7224808e-01   7.6678996e-01   8.5389348e-01   6.0902278e-01   9.7011545e-01
  -8.1829511e-01  -7.5279822e-02   9.4531910e-01   4.3024689e-01   9.4338234e-01   4.4094914e-01   7.2043407e-01   9.5661452e-01   7.6241624e-01   8.7337796e-01   9.0934658e-01   5.2444516e-01   8.1985216e-01   8.2190941e-01   9.2048788e-01   5.5482998e-01   7.6438986e-01   8.3260786e-01
  -7.6263224e-01   4.5235685e-01   1.0000000e+00   9.6485127e-02   1.0000000e+00   1.1821725e-01   8.5186282e-01   7.9383083e-01   8.8255276e-01   6.6286111e-01   9.8190845e-01   2.4341988e-01   9.3216708e-01   5.6222140e-01   1.0000000e+00   1.7729986e-01   8.8872194e-01   6.1082593e-01
  -5.7837593e-01   8.0945871e-01   9.8444545e-01  -2.4579034e-01   9.9018940e-01  -2.1463024e-01   9.5031603e-01   5.1435085e-01   9.6445424e-01   3.8474589e-01   1.0000000e+00  -5.0789497e-02   9.9567132e-01   2.1860125e-01   9.9651864e-01  -2.0426405e-01   9.6976466e-01   3.3039352e-01
  -3.3116582e-01   8.8442628e-01   9.0107333e-01  -5.5480965e-01   9.1564733e-01  -5.1920218e-01   1.0000000e+00   1.4316792e-01   1.0000000e+00   7.0905368e-02   9.6380127e-01  -3.2921023e-01   1.0000000e+00  -1.6733732e-01   9.1685743e-01  -5.1919266e-01   1.0000000e+00   2.1712200e-02
  -1.0728282e-01   6.4958154e-01   7.6159671e-01  -7.8281376e-01   7.8651695e-01  -7.5030373e-01   9.9090147e-01  -2.6589673e-01   9.8671351e-01  -2.3736032e-01   8.7942066e-01  -5.5737425e-01   9.4290747e-01  -5.3582406e-01   7.8223022e-01  -7.0637536e-01   9.7774903e-01  -2.7677460e-01
   1.4102061e-02   1.8033561e-01   5.8735862e-01  -8.8659281e-01   6.2204278e-01  -8.6493162e-01   9.2296093e-01  -6.3606365e-01   9.2915918e-01  -4.9217419e-01   7.5981693e-01  -6.9826845e-01   8.3281602e-01  -8.1680556e-01   6.2466888e-01  -7.2896416e-01   9.0853116e-01  -5.2071808e-01
  -1.2551211e-02  -3.6597671e-01   4.0674441e-01  -8.4334546e-01   4.4859524e-01  -8.3756615e-01   8.0793006e-01  -8.8835190e-01   8.3916595e-01  -6.4952087e-01   6.2432092e-01  -7.2307308e-01   6.8894909e-01  -9.4860870e-01   4.8024227e-01  -5.8802794e-01   8.0526799e-01  -6.6951382e-01
  -1.8300576e-01  -8.0681899e-01   2.4979971e-01  -6.6048253e-01   2.9492468e-01  -6.7107982e-01   6.6790371e-01  -9.6646815e-01   7.3422947e-01  -6.8248582e-01   4.9596932e-01  -6.2284312e-01   5.3836230e-01  -8.9838421e-01   3.8037580e-01  -3.2465820e-01   6.8663871e-01  -6.9830713e-01
  -4.4567668e-01  -1.0000000e+00   1.4193351e-01  -3.7449302e-01   1.8618700e-01  -3.9756489e-01   5.3045564e-01  -8.5471288e-01   6.3403356e-01  -5.9060909e-01   3.9705361e-01  -4.1472543e-01   4.1014289e-01  -6.7453698e-01   3.4432847e-01  -7.6774419e-03   5.7357573e-01  -6.0633099e-01
  -7.2017674e-01  -8.8900155e-01   9.8857949e-02  -4.1296447e-02   1.3880372e-01  -7.0266638e-02   4.2212906e-01  -5.8242475e-01   5.5616276e-01  -4.0104591e-01   3.4430937e-01  -1.3986924e-01   3.2869454e-01  -3.2616887e-01   3.7540023e-01   2.8661729e-01   4.8495778e-01  -4.1812124e-01
  -9.2411508e-01  -5.1757928e-01   1.2394480e-01   2.7768259e-01   1.5745603e-01   2.4964981e-01   3.6228294e-01  -2.1500786e-01   5.1229271e-01  -1.6120953e-01   3.4519688e-01   1.4615012e-01   3.0808550e-01   6.9649117e-02   4.6148071e-01   4.9473965e-01   4.3371164e-01  -1.7745782e-01
  -1.0000000e+00  -7.2656512e-03   2.0852662e-01   5.2921298e-01   2.3490262e-01   5.0719109e-01   3.5893019e-01   1.6522468e-01   5.0596929e-01   7.4761404e-02   3.9641104e-01   3.8738291e-01   3.4906281e-01   4.2882205e-01   5.7946375e-01   5.7915350e-01   4.2438145e-01   6.4314447e-02
  -9.2964645e-01   4.8874994e-01   3.3459210e-01   6.7592107e-01   3.5433181e-01   6.6235778e-01   4.0799534e-01   4.7855142e-01   5.3276030e-01   2.5868613e-01   4.8513596e-01   5.3911408e-01   4.3976711e-01   6.7917513e-01   7.0117683e-01   5.3001253e-01   4.5302878e-01   2.5981019e-01
  -7.3789138e-01   8.3090504e-01   4.7834806e-01   7.0000119e-01   4.9275745e-01   6.9487887e-01   4.9462400e-01   6.6350569e-01   5.8175502e-01   3.5741963e-01   5.9175149e-01   5.7553005e-01   5.5855950e-01   7.7429888e-01   7.9916201e-01   3.6361830e-01   5.0854067e-01   3.7466608e-01
  -4.8231017e-01   9.3058837e-01   6.1454719e-01   6.0473548e-01   6.2534743e-01   6.0626339e-01   5.9704138e-01   6.8902036e-01   6.3851244e-01   3.5860667e-01   6.9400260e-01   4.9424509e-01   6.7910604e-01   7.0197064e-01   8.5207125e-01   1.1927455e-01   5.7556130e-01   3.9376493e-01
  -2.3558256e-01   7.7122995e-01   7.2081681e-01   4.1473721e-01   7.2979574e-01   4.2010411e-01   6.9160345e-01   5.6153686e-01   6.8847054e-01   2.7316571e-01   7.7153073e-01   3.1785398e-01   7.7607707e-01   4.8696782e-01   8.4905143e-01  -1.4560232e-01   6.3803123e-01   3.2416068e-01
  -6.4728007e-02   4.1239927e-01   7.8167427e-01   1.7232103e-01   7.9038854e-01   1.7847661e-01   7.5827596e-01   3.2424464e-01   7.2037086e-01   1.3315838e-01   8.1023412e-01   9.0504859e-02   8.3068880e-01   1.8647967e-01   7.9255974e-01  -3.6660357e-01   6.8281832e-01   1.9344385e-01
  -1.0216740e-02  -3.0584180e-02   7.9157959e-01  -7.2388280e-02   8.0115543e-01  -6.7917400e-02   7.8571832e-01   4.4341486e-02   7.2917784e-01  -1.7664342e-02   8.0573222e-01  -1.3340463e-01   8.3525906e-01  -1.2510813e-01   6.9820853e-01  -4.9060626e-01   7.0289556e-01   4.1491776e-02
  -7.7478375e-02  -4.2609579e-01   7.5491598e-01  -2.7321313e-01   7.6598688e-01  -2.7170174e-01   7.7289119e-01  -2.0678428e-01   7.1655444e-01  -1.3680641e-01   7.6349702e-01  -3.0365844e-01   7.9384426e-01  -3.7599786e-01   5.9034915e-01  -4.9029522e-01   6.9811716e-01  -9.1132852e-02
  -2.3672463e-01  -6.6674363e-01   6.8432220e-01  -3.9834610e-01   6.9710687e-01  -3.9962305e-01   7.2855476e-01  -3.7303390e-01   6.8991826e-01  -1.9522276e-01   6.9707048e-01  -3.8738272e-01   7.2065556e-01  -5.1545002e-01   4.9566998e-01  -3.7186551e-01   6.7459864e-01  -1.7419767e-01
  -4.3510855e-01  -6.9956548e-01   5.9697834e-01  -4.3584127e-01   6.1144611e-01  -4.3849200e-01   6.6776549e-01  -4.2674028e-01   6.5964300e-01  -1.8426194e-01   6.2392295e-01  -3.7607165e-01   6.3554180e-01  -5.2468579e-01   4.3620325e-01  -1.7132025e-01   6.4219853e-01  -1.9461417e-01
  -6.1433778e-01  -5.3788794e-01   5.1035163e-01  -3.9388513e-01   5.2641459e-01  -3.9579905e-01   6.0720441e-01  -3.7280229e-01   6.3574339e-01  -1.1616638e-01   5.6071546e-01  -2.8554126e-01   5.5854679e-01  -4.1865448e-01   4.2391139e-01   5.7203229e-02   6.1136345e-01  -1.5789569e-01
  -7.2756375e-01  -2.4935901e-01   4.3870569e-01  -2.9540396e-01   4.5636958e-01  -2.9446911e-01   5.6090714e-01  -2.4199862e-01   6.2519955e-01  -1.7676927e-02   5.1954196e-01  -1.4843307e-01   5.0529014e-01  -2.3758760e-01   4.5873045e-01   2.5694422e-01   5.9039575e-01  -8.3606064e-02
  -7.5255186e-01   6.9376743e-02   3.9059963e-01  -1.7004403e-01   4.1002512e-01  -1.6486740e-01   5.3698272e-01  -7.8910901e-02   6.3020041e-01   7.9365691e-02   5.0544574e-01  -3.4572151e-03   4.8359532e-01  -3.3616040e-02   5.2925510e-01   3.8341346e-01   5.8345841e-01   2.0361211e-03
  -6.9428583e-01   3.2521920e-01   3.6859336e-01  -4.6058279e-02   3.9004252e-01  -3.6463941e-02   5.3687363e-01   7.2163406e-02   6.4830405e-01   1.4755214e-01   5.1658250e-01   1.1530408e-01   4.9307813e-01   1.4392229e-01   6.1678940e-01   4.1299771e-01   5.9032006e-01   7.4299995e-02
  -5.8063893e-01   4.5307182e-01   3.7004606e-01   5.5022692e-02   3.9374192e-01   6.7840474e-02   5.5611052e-01   1.7732849e-01   6.7357505e-01   1.7011533e-01   5.4570021e-01   1.8537208e-01   5.2638977e-01   2.5905377e-01   7.0006159e-01   3.4574075e-01   6.0706780e-01   1.1564042e-01
  -4.5197309e-01   4.3171031e-01   3.8884958e-01   1.2140207e-01   4.1480583e-01   1.3516749e-01   5.8639828e-01   2.1981869e-01   6.9853775e-01   1.4430043e-01   5.8273052e-01   1.9964453e-01   5.7195772e-01   2.9591982e-01   7.6022361e-01   2.0344563e-01   6.2767031e-01   1.1923389e-01
  -3.4802826e-01   2.8605296e-01   4.1752192e-01   1.5143367e-01   4.4541836e-01   1.6342914e-01   6.1836264e-01   2.0179555e-01   7.1637617e-01   8.1037905e-02   6.1772385e-01   1.6615531e-01   6.1739983e-01   2.6010697e-01   7.8495611e-01   2.3678049e-02   6.4590221e-01   8.9492740e-02
  -2.9626318e-01   7.5251729e-02   4.4913675e-01   1.5171122e-01   4.7829321e-01   1.5952262e-01   6.4416703e-01   1.4091035e-01   7.2277926e-01   8.6453257e-04   6.4335194e-01   1.0389439e-01   6.5268816e-01   1.7432752e-01   7.7088735e-01  -1.4941449e-01   6.5708152e-01   3.9469193e-02
  -3.0475025e-01  -1.2807981e-01   4.7871110e-01   1.3361740e-01   5.0816627e-01   1.3573463e-01   6.5935404e-01   6.3191157e-02   7.1698955e-01  -7.2548722e-02   6.5641789e-01   3.6168615e-02   6.7232223e-01   7.0229856e-02   7.2400459e-01  -2.7558413e-01   6.5919771e-01  -1.3808846e-02
  -3.6216341e-01  -2.6218151e-01   5.0370311e-01   1.0898546e-01   5.3236898e-01   1.0505850e-01   6.6335316e-01  -6.1325042e-03   7.0165168e-01  -1.1976152e-01   6.5787492e-01  -1.6940909e-02   6.7586887e-01  -2.1851910e-02   6.5757346e-01  -3.2817141e-01   6.5306124e-01  -5.4987644e-02
  -4.4338920e-01  -2.9367996e-01   5.2374045e-01   8.6528337e-02   5.5058003e-01   7.7288183e-02   6.5881389e-01  -4.9940096e-02   6.8174077e-01  -1.3082513e-01   6.5170474e-01  -4.3990209e-02   6.6709535e-01  -8.1018323e-02   5.8856657e-01  -3.0003672e-01   6.4164653e-01  -7.4672460e-02
  -5.1888370e-01  -2.2477887e-01   5.3972335e-01   6.9732553e-02   5.6390893e-01   5.6690157e-02   6.5005612e-01  -6.3089469e-02   6.6288569e-01  -1.0726042e-01   6.4302952e-01  -4.4310807e-02   6.5204058e-01  -1.0012672e-01   5.3328376e-01  -2.0425080e-01   6.2886020e-01  -7.1433751e-02
  -5.6423962e-01  -8.8613100e-02   5.5272544e-01   5.6850506e-02   5.7375483e-01   4.1931991e-02   6.4130206e-01  -5.1841038e-02   6.4969594e-01  -6.0367482e-02   6.3620044e-01  -2.6463702e-02   6.3680725e-01  -8.5355000e-02   5.0345153e-01  -6.9455541e-02   6.1822106e-01  -5.1067024e-02
  -5.6742857e-01   6.4380338e-02   5.6305787e-01   4.2870739e-02   5.8082165e-01   2.8088205e-02   6.3521625e-01  -2.9605714e-02   6.4451861e-01  -6.7746734e-03   6.3338491e-01  -3.9090833e-03   6.2567640e-01  -5.1852772e-02   5.0363019e-01   6.8665070e-02   6.1181611e-01  -2.3670754e-02
  -5.3099919e-01   1.8379301e-01   5.6994003e-01   2.2618327e-02   5.8473862e-01   9.8151764e-03   6.3233334e-01  -1.0883063e-02   6.4708501e-01   3.7078160e-02   6.3420380e-01   1.0357741e-02   6.2022771e-01  -1.7310503e-02   5.3084702e-01   1.7691363e-01   6.0993089e-01   2.5815103e-04
  -4.6996995e-01   2.3416260e-01   5.7175793e-01  -6.4107998e-03   5.8426703e-01  -1.5758009e-02   6.3129234e-01  -5.9169018e-03   6.5490276e-01   5.9647170e-02   6.3623639e-01   8.2457122e-03   6.1940345e-01   3.9909686e-03   5.7597549e-01   2.3246703e-01   6.1127013e-01   1.3216465e-02
  -4.0607690e-01   2.0442189e-01   5.6681284e-01  -4.2409172e-02   5.7799685e-01  -4.7328540e-02   6.2975070e-01  -1.7377596e-02   6.6427337e-01   5.7198571e-02   6.3621793e-01  -1.0939480e-02   6.2042530e-01   5.3375663e-03   6.2654597e-01   2.2751462e-01   6.1367491e-01   1.2797199e-02
  -3.6045090e-01   1.0938565e-01   5.5422506e-01  -7.9416687e-02   5.6520793e-01  -7.9507959e-02   6.2557309e-01  -4.0024073e-02   6.7156836e-01   3.4188461e-02   6.3145990e-01  -4.0637039e-02   6.2015179e-01  -1.1158457e-02   6.7010558e-01   1.6970060e-01   6.1504295e-01   1.9371921e-03
  -3.4710679e-01  -1.6793319e-02   5.3461957e-01  -1.0911610e-01   5.4653297e-01  -1.0454725e-01   6.1784022e-01  -6.3212134e-02   6.7435303e-01   1.1404303e-03   6.2099082e-01  -6.9621653e-02   6.1637924e-01  -3.6309639e-02   6.9720372e-01   7.8608062e-02   6.1412476e-01  -1.2623423e-02
  -3.6897931e-01  -1.3268066e-01   5.1035719e-01  -1.2350786e-01   5.2418933e-01  -1.1495868e-01   6.0736606e-01  -7.5151412e-02   6.7206532e-01  -2.9159087e-02   6.0608611e-01  -8.6065984e-02   6.0870524e-01  -5.7735498e-02   7.0337888e-01  -2.0361277e-02   6.1096846e-01  -2.3020123e-02
  -4.1788576e-01  -2.0311556e-01   4.8517940e-01  -1.1751814e-01   5.0164718e-01  -1.0609437e-01   5.9651311e-01  -6.7382895e-02   6.6602029e-01  -4.5889095e-02   5.8996333e-01  -8.1681579e-02   5.9865139e-01  -6.4521009e-02   6.8962997e-01  -1.0290116e-01   6.0684982e-01  -2.3150963e-02
  -4.7785022e-01  -2.0942388e-01   4.6341852e-01  -9.0653446e-02   4.8287824e-01  -7.7777482e-02   5.8845091e-01  -3.7824366e-02   6.5884225e-01  -4.3363187e-02   5.7683424e-01  -5.4469831e-02   5.8911323e-01  -5.0908409e-02   6.6154164e-01  -1.5145896e-01   6.0378138e-01  -1.0726566e-02
  -5.3056839e-01  -1.5377784e-01   4.4898932e-01  -4.7350120e-02   4.7139670e-01  -3.4621193e-02   5.8611032e-01   8.3628950e-03   6.5353262e-01  -2.2392654e-02   5.7061577e-01  -9.4183365e-03   5.8335524e-01  -1.8098279e-02   6.2741271e-01  -1.5862088e-01   6.0377532e-01   1.2013315e-02
  -5.6096695e-01  -5.6591627e-02   4.4448232e-01   4.0546798e-03   4.6940577e-01   1.5035755e-02   5.9122034e-01   6.0305335e-02   6.5251687e-01   1.0470061e-02   5.7375887e-01   4.3006342e-02   5.8393428e-01   2.6338988e-02   5.9601393e-01  -1.2753430e-01   6.0813539e-01   3.9095148e-02
  -5.6161903e-01   5.0861949e-02   4.5051025e-01   5.3269341e-02   4.7719856e-01   6.1104769e-02   6.0363335e-01   1.0452451e-01   6.5687565e-01   4.5134884e-02   5.8642599e-01   8.9786495e-02   5.9180668e-01   7.0771086e-02   5.7441640e-01  -7.0088786e-02   6.1693304e-01   6.2622222e-02
  -5.3419657e-01   1.3697109e-01   4.6559221e-01   9.0562438e-02   4.9308721e-01   9.4263539e-02   6.2126956e-01   1.2896339e-01   6.6606632e-01   7.1195997e-02   6.0640066e-01   1.1907356e-01   6.0598682e-01   1.0313737e-01   5.6654523e-01  -2.9215956e-03   6.2890909e-01   7.5230723e-02
  -4.8829463e-01   1.7873275e-01   4.8648980e-01   1.0893947e-01   5.1376856e-01   1.0809623e-01   6.4057228e-01   1.2630616e-01   6.7809559e-01   8.0793147e-02   6.2959241e-01   1.2325465e-01   6.2374616e-01   1.1428984e-01   5.7262548e-01   5.6889913e-02   6.4174172e-01   7.2174891e-02
  -4.3802873e-01   1.6786801e-01   5.0894996e-01   1.0572061e-01   5.3507648e-01   1.0059255e-01   6.5739488e-01   9.6126190e-02   6.9009472e-01   7.0753324e-02   6.5104924e-01   1.0097678e-01   6.4130408e-01   1.0058049e-01   5.8953643e-01   9.5988720e-02   6.5263111e-01   5.2756096e-02
  -3.9753452e-01   1.1197949e-01   5.2867043e-01   8.2997886e-02   5.5293136e-01   7.4491856e-02   6.6807066e-01   4.5027052e-02   6.9912916e-01   4.3290517e-02   6.6619949e-01   5.7406966e-02   6.5481955e-01   6.4790673e-02   6.1196061e-01   1.0756153e-01   6.5903703e-01   2.0565701e-02
  -3.7702927e-01   3.0870276e-02   5.4219713e-01   4.6888037e-02   5.6419847e-01   3.6416568e-02   6.7030839e-01  -1.5204908e-02   7.0296234e-01   5.1423743e-03   6.7192335e-01   2.7290433e-03   6.6134240e-01   1.5196599e-02   6.3389268e-01   9.2159768e-02   6.5932203e-01  -1.7489802e-02
  -3.8006395e-01  -5.0188981e-02   5.4763674e-01   5.9183677e-03   5.6734502e-01  -4.8484371e-03   6.6378615e-01  -7.0761025e-02   7.0064882e-01  -3.4397990e-02   6.6730955e-01  -5.0552115e-02   6.5956631e-01  -3.6709386e-02   6.5019387e-01   5.6838383e-02   6.5320425e-01  -5.2997104e-02
  -4.0328550e-01  -1.0861520e-01   5.4490181e-01  -3.1178563e-02   5.6262190e-01  -4.0612213e-02   6.5013555e-01  -1.0955699e-01   6.9270021e-01  -6.6173989e-02   6.5373946e-01  -9.0932495e-02   6.5006231e-01  -7.9431090e-02   6.5770720e-01   1.2466373e-02   6.4179800e-01  -7.8297328e-02
  -4.3809296e-01  -1.3069262e-01   5.3555077e-01  -5.7429581e-02   5.5184831e-01  -6.4228739e-02   6.3246603e-01  -1.2414068e-01   6.8088361e-01  -8.3467934e-02   6.3444243e-01  -1.1061019e-01   6.3505163e-01  -1.0428481e-01   6.5574749e-01  -2.9374978e-02   6.2732528e-01  -8.8330120e-02
  -4.7363806e-01  -1.1451755e-01   5.2227426e-01  -6.8962240e-02   5.3786045e-01  -7.2361872e-02   6.1455140e-01  -1.1316002e-01   6.6771923e-01  -8.3438000e-02   6.1363714e-01  -1.0702223e-01   6.1779156e-01  -1.0723894e-01   6.4592900e-01  -5.9245250e-02   6.1257095e-01  -8.1679554e-02
  -5.0016160e-01  -6.9374188e-02   5.0819485e-01  -6.5511888e-02   5.2379628e-01  -6.5377212e-02   5.9991556e-01  -8.1217974e-02   6.5584155e-01  -6.7466655e-02   5.9551219e-01  -8.3012221e-02   6.0177172e-01  -8.9474933e-02   6.3149402e-01  -7.1817543e-02   6.0023936e-01  -6.0672380e-02
