   3.1669497e-02   4.8046432e-01   1.8607824e-01   5.0715188e-01   2.9904048e-02   2.5760547e-01   1.0338186e-02   6.2557465e-02   3.0753653e-03   3.8299848e-01   1.0013931e-01   3.4532966e-01   1.4106755e-01   7.2547200e-01   1.9107113e-01   4.9573659e-01   5.5689175e-02   5.0611674e-01
   6.5243647e-02  -2.6490731e-01   3.0727621e-01   8.4828313e-01   1.2243713e-01   6.6927826e-01   5.1869147e-02   4.1769638e-01   9.6373959e-02   7.1965273e-01   1.8289279e-01   6.8862937e-01   2.8929183e-01   9.5462391e-01   3.2936592e-01   8.6001941e-01   1.6778425e-01   8.0801717e-01
  -1.2146801e-01  -8.1598299e-01   4.7174596e-01   1.0000000e+00   2.8003349e-01   9.2093090e-01   1.4777514e-01   7.0218588e-01   2.3421274e-01   9.2122949e-01   3.0953392e-01   9.0496375e-01   4.6064162e-01   1.0000000e+00   5.1829020e-01   1.0000000e+00   3.1864024e-01   9.6891056e-01
  -4.3240317e-01  -1.0000000e+00   6.4653883e-01   9.7091173e-01   4.6973466e-01   1.0000000e+00   2.8476376e-01   9.0069117e-01   3.9504482e-01   1.0000000e+00   4.6046707e-01   1.0000000e+00   6.2755352e-01   9.1292080e-01   7.1245523e-01   9.1798242e-01   4.8530853e-01   1.0000000e+00
  -7.3785886e-01  -7.9300346e-01   8.0318773e-01   8.0074631e-01   6.5940178e-01   9.2584566e-01   4.4713715e-01   1.0000000e+00   5.6009081e-01   9.7540441e-01   6.1750326e-01   9.8457624e-01   7.7200125e-01   7.4863606e-01   8.7232271e-01   6.6715626e-01   6.4794433e-01   9.2521342e-01
  -9.2596403e-01  -3.1711105e-01   9.2136370e-01   5.3890187e-01   8.2262309e-01   7.3470290e-01   6.1714126e-01   9.8939687e-01   7.1380066e-01   8.6611073e-01   7.6410868e-01   8.6850808e-01   8.8446134e-01   5.4823863e-01   9.7181234e-01   3.2395252e-01   7.9097114e-01   7.6989678e-01
  -9.3865178e-01   2.3795214e-01   9.8885700e-01   2.2745521e-01   9.4027971e-01   4.6350115e-01   7.7559934e-01   8.6330304e-01   8.4347846e-01   6.8802153e-01   8.8519918e-01   6.6099249e-01   9.6083623e-01   3.3378290e-01   1.0000000e+00  -3.8370020e-02   9.0267424e-01   5.5443006e-01
  -7.8041438e-01   6.8985899e-01   1.0000000e+00  -1.0010804e-01   1.0000000e+00   1.4478524e-01   9.0310161e-01   6.2530284e-01   9.3894360e-01   4.5574712e-01   9.6737135e-01   3.7504798e-01   9.9958635e-01   1.1340676e-01   9.5934582e-01  -3.5875328e-01   9.7435956e-01   2.9480685e-01
  -5.0956739e-01   9.0389149e-01   9.5487737e-01  -4.0952241e-01   9.9576784e-01  -1.8725016e-01   9.8207467e-01   2.9490125e-01   9.9254549e-01   1.8636587e-01   1.0000000e+00   3.4635628e-02   1.0000000e+00  -1.0824850e-01   8.6335703e-01  -5.8715043e-01   1.0000000e+00   8.4339422e-03
  -2.1741565e-01   8.1502853e-01   8.6019175e-01  -6.5929087e-01   9.2897646e-01  -4.9005701e-01   1.0000000e+00  -8.7351766e-02   1.0000000e+00  -9.6212583e-02   9.7748326e-01  -3.1984310e-01   9.6271337e-01  -3.1965522e-01   7.3434277e-01  -6.8578135e-01   9.7707427e-01  -2.7970269e-01
  -2.0644490e-03   4.5311706e-01   7.3025852e-01  -8.0574506e-01   8.1005736e-01  -7.1450604e-01   9.5302848e-01  -4.5983546e-01   9.6174786e-01  -3.5855532e-01   9.0188574e-01  -6.3134590e-01   8.9137585e-01  -4.9695626e-01   6.0017554e-01  -6.3910773e-01   9.0809867e-01  -5.3429780e-01
   6.4903779e-02  -5.8450082e-02   5.8617867e-01  -8.1770921e-01   6.5869800e-01  -8.1759903e-01   8.4885173e-01  -7.5183203e-01   8.8437845e-01  -5.6173708e-01   7.8490788e-01  -8.3781618e-01   7.9462020e-01  -6.0828968e-01   4.8868216e-01  -4.6312697e-01   8.0209778e-01  -7.1502346e-01
  -3.8210493e-02  -5.4842679e-01   4.5239927e-01  -6.8942435e-01   5.0106990e-01  -7.7758517e-01   7.0642760e-01  -9.0367328e-01   7.8064696e-01  -6.7196115e-01   6.4705025e-01  -8.9183658e-01   6.8637748e-01  -6.2625060e-01   4.2147454e-01  -2.0340575e-01   6.7444344e-01  -7.8825556e-01
  -2.7706348e-01  -8.5886692e-01   3.5185871e-01  -4.4375340e-01   3.6480146e-01  -6.0195214e-01   5.5258694e-01  -8.8469540e-01   6.6771889e-01  -6.7152180e-01   5.1396733e-01  -7.7752303e-01   5.8406653e-01  -5.3966109e-01   4.0916163e-01   7.7771153e-02   5.4477588e-01  -7.3841641e-01
  -5.7486775e-01  -8.9793234e-01   3.0131056e-01  -1.2709986e-01   2.7321985e-01  -3.2651906e-01   4.1612163e-01  -7.0321525e-01   5.6384573e-01  -5.6565611e-01   4.1074117e-01  -5.1841734e-01   5.0507211e-01  -3.6074892e-01   4.4972545e-01   3.1878028e-01   4.3331005e-01  -5.7484861e-01
  -8.3983035e-01  -6.6697023e-01   3.0807068e-01   2.0150047e-01   2.4055309e-01  -6.5517556e-03   3.2110363e-01  -4.0470059e-01   4.8446048e-01  -3.8199159e-01   3.5585308e-01  -1.7264964e-01   4.6259819e-01  -1.2439961e-01   5.3026091e-01   4.7378686e-01   3.5656226e-01  -3.3110961e-01
  -9.9459225e-01  -2.5129798e-01   3.6906283e-01   4.8344118e-01   2.6957656e-01   2.9689662e-01   2.8179894e-01  -5.8307451e-02   4.3917004e-01  -1.6236505e-01   3.5710087e-01   1.8336395e-01   4.6256409e-01   1.2104799e-01   6.3095669e-01   5.1944914e-01   3.2405054e-01  -5.6320502e-02
  -1.0000000e+00   2.1519662e-01   4.7172372e-01   6.7153055e-01   3.5159350e-01   5.3031883e-01   2.9987679e-01   2.6169825e-01   4.3013685e-01   4.8450858e-02   4.1001364e-01   4.7508024e-01   5.0215090e-01   3.2633627e-01   7.2958976e-01   4.5439006e-01   3.3650349e-01   1.9734209e-01
  -8.6196358e-01   5.9686638e-01   5.9676275e-01   7.3586661e-01   4.6903665e-01   6.5606817e-01   3.6534408e-01   4.9251092e-01   4.5263273e-01   2.1246345e-01   4.9979704e-01   6.4590470e-01   5.7083805e-01   4.5210266e-01   8.0546898e-01   2.9479124e-01   3.8654262e-01   3.8584466e-01
  -6.2684528e-01   7.9079512e-01   7.2143986e-01   6.6800332e-01   5.9891488e-01   6.5718577e-01   4.5931260e-01   5.9417731e-01   4.9660267e-01   3.0471603e-01   6.0479979e-01   6.6706370e-01   6.5264032e-01   4.7606227e-01   8.4277555e-01   7.3503106e-02   4.6060695e-01   4.8098510e-01
  -3.6586758e-01   7.5234004e-01   8.2367924e-01   4.8449605e-01   7.1721903e-01   5.4059524e-01   5.5865980e-01   5.5761575e-01   5.4926617e-01   3.1790002e-01   7.0146054e-01   5.4365146e-01   7.2961770e-01   3.9866372e-01   8.3379794e-01  -1.6126712e-01   5.4212188e-01   4.7564804e-01
  -1.5321278e-01   5.0692661e-01   8.8656196e-01   2.2611815e-01   8.0370954e-01   3.3676078e-01   6.4163289e-01   4.0677558e-01   5.9828636e-01   2.6396063e-01   7.6981093e-01   3.1453106e-01   7.8610087e-01   2.4466261e-01   7.8140465e-01  -3.5395366e-01   6.1527286e-01   3.8512924e-01
  -4.4783902e-02   1.3969469e-01   9.0169466e-01  -5.1112300e-02   8.4572542e-01   9.2730653e-02   6.9272324e-01   1.9118617e-01   6.3457432e-01   1.7000559e-01   7.9788636e-01   4.2338099e-02   8.1229162e-01   5.6815968e-02   6.9896295e-01  -4.5671361e-01   6.6828368e-01   2.4210336e-01
  -6.1727826e-02  -2.3328426e-01   8.7087974e-01  -2.9070707e-01   8.4054333e-01  -1.4000020e-01   7.0608880e-01  -2.9090437e-02   6.5427994e-01   6.9332835e-02   7.8442640e-01  -2.0431881e-01   8.0657170e-01  -1.1678489e-01   6.0728665e-01  -4.4552153e-01   6.9572386e-01   8.6568082e-02
  -1.8743694e-01  -5.0430828e-01   8.0470653e-01  -4.4996682e-01   7.9477614e-01  -3.1831486e-01   6.8562934e-01  -2.0101380e-01   6.5880299e-01  -9.2249931e-03   7.3804458e-01  -3.7017020e-01   7.7500677e-01  -2.3689323e-01   5.2884668e-01  -3.2723192e-01   6.9861604e-01  -4.5780818e-02
  -3.7567953e-01  -6.0536825e-01   7.1936346e-01  -5.0852818e-01   7.2186242e-01  -4.1624299e-01   6.4267220e-01  -2.9140701e-01   6.5339193e-01  -4.8955978e-02   6.7406615e-01  -4.2642880e-01   7.2894644e-01  -2.8275535e-01   4.8192358e-01  -1.3620498e-01   6.8298787e-01  -1.3189179e-01
  -5.6695355e-01  -5.2563404e-01   6.3243952e-01  -4.7058829e-01   6.3828602e-01  -4.2864889e-01   5.9199504e-01  -2.9312765e-01   6.4480646e-01  -4.8490095e-02   6.0988052e-01  -3.7565825e-01   6.8142352e-01  -2.5574197e-01   4.7609907e-01   7.6819389e-02   6.5737327e-01  -1.6515725e-01
  -7.0737602e-01  -3.0884584e-01   5.5896083e-01  -3.6032404e-01   5.5967748e-01  -3.6889436e-01   5.4751610e-01  -2.2286287e-01   6.3889888e-01  -1.9597968e-02   5.6030966e-01  -2.4696495e-01   6.4355434e-01  -1.7584345e-01   5.1044677e-01   2.5933115e-01   6.3013608e-01  -1.5378713e-01
  -7.6428135e-01  -3.3393592e-02   5.0857604e-01  -2.1245187e-01   4.9773276e-01  -2.6194074e-01   5.1881872e-01  -1.1240327e-01   6.3884634e-01   1.8951919e-02   5.3419270e-01  -8.4140939e-02   6.2193080e-01  -7.2954915e-02   5.7454683e-01   3.7066436e-01   6.0735148e-01  -1.1516148e-01
  -7.3247292e-01   2.1483708e-01   4.8475352e-01  -6.2227406e-02   4.5889589e-01  -1.3629194e-01   5.0968439e-01   2.2611006e-03   6.4466646e-01   4.8333999e-02   5.3332031e-01   6.7713866e-02   6.1789212e-01   2.2780969e-02   6.5176971e-01   3.8961352e-01   5.9194270e-01  -6.9055195e-02
  -6.3306303e-01   3.6768887e-01   4.8530880e-01   6.2600333e-02   4.4423501e-01  -1.7181300e-02   5.1809347e-01   9.0733689e-02   6.5362787e-01   5.5375307e-02   5.5301517e-01   1.7361410e-01   6.2808620e-01   8.8865319e-02   7.2349560e-01   3.1741412e-01   5.8370136e-01  -3.1790230e-02
  -5.0412885e-01   3.9173131e-01   5.0421776e-01   1.4607124e-01   4.5060878e-01   7.7627390e-02   5.3786931e-01   1.3477340e-01   6.6153816e-01   3.5789976e-02   5.8441406e-01   2.1561258e-01   6.4629332e-01   1.1485546e-01   7.7341087e-01   1.7543160e-01   5.8026097e-01  -1.2578352e-02
  -3.8790015e-01   2.9510912e-01   5.3381250e-01   1.8519959e-01   4.7232735e-01   1.3981149e-01   5.6102861e-01   1.3137296e-01   6.6431323e-01  -4.9952936e-03   6.1738135e-01   1.9529971e-01   6.6564967e-01   1.0354791e-01   7.9107017e-01  -9.2074350e-05   5.7842878e-01  -1.2080415e-02
  -3.1786813e-01   1.2148832e-01   5.6688038e-01   1.8786673e-01   5.0295695e-01   1.6995456e-01   5.8027651e-01   9.1391858e-02   6.5942640e-01  -5.3980218e-02   6.4337314e-01   1.3088583e-01   6.8072908e-01   6.8342467e-02   7.7399654e-01  -1.6641264e-01   5.7553296e-01  -2.3653719e-02
  -3.0927471e-01  -6.6098506e-02   5.9824529e-01   1.6841363e-01   5.3686737e-01   1.7508056e-01   5.9101453e-01   3.4565425e-02   6.4685193e-01  -9.5056812e-02   6.5758093e-01   5.0041101e-02   6.8897713e-01   2.7738732e-02   7.2807100e-01  -2.8448742e-01   5.7041737e-01  -3.6660045e-02
  -3.5634856e-01  -2.0727830e-01   6.2539120e-01   1.4186567e-01   5.7011543e-01   1.6469361e-01   5.9222407e-01  -1.7978797e-02   6.2910064e-01  -1.1468346e-01   6.5965271e-01  -1.9845462e-02   6.9097913e-01  -1.6427640e-03   6.6572786e-01  -3.2872270e-01   5.6373131e-01  -4.1008131e-02
  -4.3653112e-01  -2.6266607e-01   6.4811157e-01   1.1907593e-01   6.0052723e-01   1.4703849e-01   5.8607799e-01  -5.0423761e-02   6.1038924e-01  -1.0627038e-01   6.5293781e-01  -5.9864988e-02   6.8961206e-01  -1.0462579e-02   6.0261886e-01  -2.9287904e-01   5.5749001e-01  -3.0882889e-02
  -5.1927239e-01  -2.2415915e-01   6.6750152e-01   1.0376805e-01   6.2718460e-01   1.2645475e-01   5.7665579e-01  -5.6520672e-02   5.9529702e-01  -7.2137204e-02   6.4275237e-01  -6.4299589e-02   6.8853423e-01   8.1995300e-04   5.5359996e-01  -1.9092103e-01   5.5417304e-01  -6.7189842e-03
  -5.7653705e-01  -1.1413108e-01   6.8465844e-01   9.2461828e-02   6.4956633e-01   1.0274641e-01   5.6822313e-01  -4.0117242e-02   5.8734002e-01  -2.2377861e-02   6.3425663e-01  -4.0463697e-02   6.9054071e-01   2.3153765e-02   5.2909583e-01  -5.2245225e-02   5.5567848e-01   2.5230901e-02
  -5.9138177e-01   2.4970538e-02   6.9961970e-01   7.7177782e-02   6.6677836e-01   7.2698572e-02   5.6372351e-01  -1.2253731e-02   5.8794954e-01   2.8705650e-02   6.3070361e-01  -4.3351621e-03   6.9640311e-01   4.3081659e-02   5.3284070e-01   8.6965903e-02   5.6252980e-01   5.5368942e-02
  -5.6210164e-01   1.4577124e-01   7.1094450e-01   4.9741529e-02   6.7723714e-01   3.2961203e-02   5.6395844e-01   1.3629237e-02   5.9615115e-01   6.7126710e-02   6.3258357e-01   2.5932072e-02   7.0457252e-01   4.8090390e-02   5.6150156e-01   1.9335043e-01   5.7360039e-01   7.4170545e-02
  -5.0137296e-01   2.1081821e-01   7.1606334e-01   6.0597214e-03   6.7894229e-01  -1.6949690e-02   5.6760014e-01   2.6605995e-02   6.0896676e-01   8.3298758e-02   6.3779072e-01   3.6392219e-02   7.1176735e-01   3.1316820e-02   6.0607916e-01   2.4442511e-01   5.8640258e-01   7.5397968e-02
  -4.3108263e-01   2.0288463e-01   7.1225268e-01  -5.1311803e-02   6.7023674e-01  -7.2881833e-02   5.7194576e-01   2.1735080e-02   6.2238001e-01   7.4533096e-02   6.4266530e-01   2.1641535e-02   7.1421029e-01  -5.9038861e-03   6.5458951e-01   2.3309826e-01   5.9782969e-01   5.8099784e-02
  -3.7480831e-01   1.2880263e-01   6.9784667e-01  -1.1310876e-01   6.5073133e-01  -1.2620234e-01   5.7407371e-01   1.3288470e-03   6.3255311e-01   4.5505078e-02   6.4348786e-01  -1.3794106e-02   7.0907872e-01  -5.4208267e-02   6.9525464e-01   1.6812541e-01   6.0509917e-01   2.6953487e-02
  -3.5039142e-01   1.5587878e-02   6.7320713e-01  -1.6590110e-01   6.2198404e-01  -1.6594838e-01   5.7198374e-01  -2.6354326e-02   6.3691646e-01   6.4879445e-03   6.3790539e-01  -5.7469978e-02   6.9565511e-01  -9.9163906e-02   7.1931804e-01   7.0447211e-02   6.0658418e-01  -9.2243823e-03
  -3.6468856e-01  -9.9119510e-02   6.4112625e-01  -1.9610852e-01   5.8766021e-01  -1.8205882e-01   5.6536571e-01  -5.0230949e-02   6.3484953e-01  -2.9926148e-02   6.2586253e-01  -9.3413921e-02   6.7583528e-01  -1.2587980e-01   7.2289856e-01  -3.3073929e-02   6.0230037e-01  -4.0184177e-02
  -4.1205309e-01  -1.7984089e-01   6.0647143e-01  -1.9431114e-01   5.5302345e-01  -1.6868422e-01   5.5575044e-01  -6.0456218e-02   6.2774623e-01  -5.2798529e-02   6.0973431e-01  -1.0772544e-01   6.5377167e-01  -1.2400362e-01   7.0745762e-01  -1.1708018e-01   5.9388266e-01  -5.7460928e-02
  -4.7708431e-01  -2.0383896e-01   5.7516168e-01  -1.5810384e-01   5.2388444e-01  -1.2617013e-01   5.4597806e-01  -5.1675005e-02   6.1844469e-01  -5.5889549e-02   5.9359487e-01  -9.3008491e-02   6.3475007e-01  -9.0986686e-02   6.7881266e-01  -1.6365377e-01   5.8404990e-01  -5.6771231e-02
  -5.3985771e-01  -1.6701784e-01   5.5284541e-01  -9.3020735e-02   5.0534857e-01  -6.1379261e-02   5.3928650e-01  -2.4693859e-02   6.1031504e-01  -3.9152499e-02   5.8200758e-01  -5.0624320e-02   6.2374353e-01  -3.3005305e-02   6.4529292e-01  -1.6585475e-01   5.7580502e-01  -3.9093848e-02
  -5.8216937e-01  -8.3873339e-02   5.4359005e-01  -1.1393278e-02   5.0065837e-01   1.3669002e-02   5.3827355e-01   1.3788069e-02   6.0624511e-01  -8.3850287e-03   5.7866075e-01   9.7132506e-03   6.2401310e-01   3.6628579e-02   6.1547435e-01  -1.2827733e-01   5.7157672e-01  -1.0213576e-02
  -5.9307877e-01   1.8567570e-02   5.4888814e-01   7.0703744e-02   5.1040556e-01   8.4628094e-02   5.4401932e-01   5.3388440e-02   6.0778501e-01   2.6879511e-02   5.8520965e-01   7.2969326e-02   6.3612626e-01   1.0127249e-01   5.9599101e-01  -6.4552186e-02   5.7252399e-01   2.1201218e-02
  -5.7119034e-01   1.0960702e-01   5.6740573e-01   1.3712196e-01   5.3245600e-01   1.3795274e-01   5.5578757e-01   8.3102765e-02   6.1482607e-01   5.6204707e-02   6.0085655e-01   1.2298895e-01   6.5784268e-01   1.4524814e-01   5.9030089e-01   6.9248017e-03   5.7831437e-01   4.6073778e-02
  -5.2474336e-01   1.6432960e-01   5.9522050e-01   1.7547030e-01   5.6234307e-01   1.6403633e-01   5.7112382e-01   9.4564337e-02   6.2563043e-01   7.1244819e-02   6.2243358e-01   1.4701086e-01   6.8456470e-01   1.5806867e-01   5.9806154e-01   6.8015697e-02   5.8721500e-01   5.7497134e-02
  -4.6816178e-01   1.7012704e-01   6.2679493e-01   1.7968838e-01   5.9430110e-01   1.5912760e-01   5.8656981e-01   8.4278098e-02   6.3742228e-01   6.7826920e-02   6.4528750e-01   1.3888314e-01   7.1054493e-01   1.3686097e-01   6.1576254e-01   1.0513690e-01   5.9666100e-01   5.2440587e-02
  -4.1759363e-01   1.2935081e-01   6.5617699e-01   1.5118719e-01   6.2246689e-01   1.2600512e-01   5.9855865e-01   5.4514409e-02   6.4715079e-01   4.6883523e-02   6.6442437e-01   1.0053769e-01   7.3025116e-01   8.6974739e-02   6.3788862e-01   1.1206682e-01   6.0395693e-01   3.2420051e-02
  -3.8623220e-01   5.7554078e-02   6.7825389e-01   9.8203589e-02   6.4207255e-01   7.3139718e-02   6.0433697e-01   1.2607594e-02   6.5230295e-01   1.3998158e-02   6.7573130e-01   4.1330896e-02   7.3966690e-01   2.0501886e-02   6.5846650e-01   9.0725798e-02   6.0699611e-01   2.9420467e-03
  -3.8052834e-01  -2.2305246e-02   6.8983703e-01   3.3427283e-02   6.5042540e-01   1.2429034e-02   6.0271045e-01  -3.1257239e-02   6.5159285e-01  -2.2385296e-02   6.7702502e-01  -2.4704541e-02   7.3726881e-01  -4.7102550e-02   6.7267696e-01   4.9813742e-02   6.0484474e-01  -2.8204030e-02
  -3.9929302e-01  -8.7254929e-02   6.9007517e-01  -2.9243198e-02   6.4721465e-01  -4.3676830e-02   5.9422230e-01  -6.6889625e-02   6.4518023e-01  -5.3393365e-02   6.6840673e-01  -8.2667665e-02   7.2417143e-01  -1.0098573e-01   6.7781348e-01   1.7364310e-03   5.9789146e-01  -5.3140135e-02
  -4.3464694e-01  -1.2098610e-01   6.8042797e-01  -7.7936875e-02   6.3438905e-01  -8.4965699e-02   5.8095982e-01  -8.6745902e-02   6.3457550e-01  -7.2064649e-02   6.5214808e-01  -1.2052563e-01   7.0375240e-01  -1.3051326e-01   6.7373376e-01  -4.0889817e-02   5.8771298e-01  -6.5966021e-02
  -4.7505176e-01  -1.1789640e-01   6.6406540e-01  -1.0523104e-01   6.1549333e-01  -1.0545141e-01   5.6592957e-01  -8.7645344e-02   6.2216283e-01  -7.4968435e-02   6.3199341e-01  -1.3180095e-01   6.8068482e-01  -1.3149507e-01   6.6255198e-01  -6.8431522e-02   5.7660402e-01  -6.4129745e-02
  -5.0897422e-01  -8.3429909e-02   6.4498361e-01  -1.0915686e-01   5.9475791e-01  -1.0410419e-01   5.5227515e-01  -7.1112862e-02   6.1056283e-01  -6.2678607e-02   6.1219573e-01  -1.1650990e-01   6.5977473e-01  -1.0651805e-01   6.4782884e-01  -7.6163727e-02   5.6697740e-01  -4.8755863e-02
