   2.1208275e-01   2.3820245e-02   9.1105107e-02   5.9096226e-01   6.8664973e-02   5.3513085e-02   1.1382773e-01   2.4100396e-01   7.2263460e-02   2.8704617e-01   1.3302052e-01   8.2742038e-01   1.2514340e-01   6.7373187e-01   7.8054040e-02   5.2261128e-01   8.4234615e-03   2.3866467e-01
   9.5344870e-02  -6.3630123e-01   2.4254839e-01   8.8698685e-01   1.2068041e-01   5.0446004e-01   1.7331677e-01   4.9047626e-01   1.4497154e-01   6.1855652e-01   2.9620129e-01   9.8471410e-01   2.5898190e-01   9.0341324e-01   2.4171000e-01   8.7433055e-01   8.1909014e-02   6.0089610e-01
  -2.1160987e-01  -1.0000000e+00   4.3517739e-01   1.0000000e+00   2.4333982e-01   8.2727418e-01   2.6893811e-01   6.9098878e-01   2.6210351e-01   8.4945884e-01   4.7419374e-01   1.0000000e+00   4.1992712e-01   1.0000000e+00   4.6040304e-01   1.0000000e+00   2.0831640e-01   8.5275238e-01
  -5.7850956e-01  -9.6376202e-01   6.3299281e-01   9.4386770e-01   4.1033487e-01   9.9250448e-01   3.9279023e-01   8.4029971e-01   4.0751725e-01   9.7692877e-01   6.4499439e-01   9.0981146e-01   5.8705952e-01   9.8072659e-01   6.8206776e-01   9.0641350e-01   3.6771770e-01   9.8499442e-01
  -8.6633938e-01  -5.8445268e-01   8.0583772e-01   7.5923215e-01   5.9276657e-01   1.0000000e+00   5.3562046e-01   9.2362787e-01   5.6480829e-01   1.0000000e+00   7.9284619e-01   7.4578367e-01   7.4259850e-01   8.6415773e-01   8.6235658e-01   6.4998900e-01   5.3965258e-01   1.0000000e+00
  -9.8019556e-01  -3.4523370e-02   9.3242949e-01   4.8998495e-01   7.6358561e-01   8.6778289e-01   6.8499867e-01   9.1734632e-01   7.1756598e-01   9.1997702e-01   9.0658845e-01   5.2778831e-01   8.7151196e-01   6.6423111e-01   9.7245933e-01   3.0456143e-01   7.0476838e-01   9.0744928e-01
  -8.9384789e-01   4.9524279e-01   9.9942406e-01   1.7119128e-01   8.9966906e-01   6.2004869e-01   8.2460663e-01   7.9927953e-01   8.4997392e-01   7.4374748e-01   9.7775814e-01   2.6808062e-01   9.6084127e-01   3.9317449e-01   1.0000000e+00  -6.2070296e-02   8.4573044e-01   7.2108171e-01
  -6.4366841e-01   8.4927155e-01   1.0000000e+00  -1.6557344e-01   9.8258221e-01   2.8522297e-01   9.3544276e-01   5.5911647e-01   9.4786823e-01   4.8531101e-01   1.0000000e+00  -2.1193194e-02   1.0000000e+00   6.7842079e-02   9.4702499e-01  -3.9015481e-01   9.4786321e-01   4.5816594e-01
  -3.1378158e-01   9.2553166e-01   9.3432126e-01  -4.8055862e-01   1.0000000e+00  -9.5871326e-02   9.9855857e-01   2.1091612e-01   9.9999411e-01   1.6861977e-01   9.6968988e-01  -3.1925246e-01   9.8214045e-01  -2.8197891e-01   8.2882413e-01  -6.2392246e-01   1.0000000e+00   1.4358078e-01
  -1.1506048e-02   7.0006191e-01   8.1176110e-01  -7.2295259e-01   9.4865950e-01  -4.6415619e-01   1.0000000e+00  -1.9741728e-01   1.0000000e+00  -1.6794783e-01   8.8827154e-01  -5.8971868e-01   9.0698683e-01  -6.0776614e-01   6.7249977e-01  -7.1776754e-01   9.9632279e-01  -1.8500423e-01
   1.6441291e-01   2.4704187e-01   6.5198253e-01  -8.4404800e-01   8.3707022e-01  -7.5062176e-01   9.3597255e-01  -5.8874228e-01   9.4868138e-01  -4.7263404e-01   7.6483379e-01  -7.8406217e-01   7.8358881e-01  -8.4812510e-01   5.1283974e-01  -6.5311910e-01   9.3851708e-01  -4.7835686e-01
   1.5791265e-01  -2.8032977e-01   4.8259267e-01  -8.1686546e-01   6.8566517e-01  -8.9695287e-01   8.1616653e-01  -8.7802437e-01   8.5542596e-01  -6.9141390e-01   6.1714630e-01  -8.5667336e-01   6.3116019e-01  -9.4737901e-01   3.8451341e-01  -4.5041720e-01   8.3704621e-01  -6.8632765e-01
  -2.6314172e-02  -7.0999514e-01   3.3338460e-01  -6.4677089e-01   5.2290861e-01  -8.7444169e-01   6.6265747e-01  -1.0000000e+00   7.3720375e-01  -7.8456058e-01   4.6940922e-01  -7.8302945e-01   4.7620682e-01  -8.7652215e-01   3.1337193e-01  -1.6378423e-01   7.0997111e-01  -7.7252452e-01
  -3.2715230e-01  -9.0958495e-01   2.2994165e-01  -3.6924900e-01   3.7913956e-01  -6.9137767e-01   5.0505748e-01  -9.2834516e-01   6.1526286e-01  -7.3895587e-01   3.4744504e-01  -5.7032942e-01   3.4697690e-01  -6.4464618e-01   3.1062268e-01   1.3588636e-01   5.7962442e-01  -7.2474945e-01
  -6.4940268e-01  -8.2766223e-01   1.8844190e-01  -4.0534019e-02   2.7997485e-01  -3.9060480e-01   3.7345783e-01  -6.8370763e-01   5.1044521e-01  -5.7292840e-01   2.7279723e-01  -2.5902599e-01   2.6690583e-01  -2.9934738e-01   3.7130103e-01   3.8122993e-01   4.6798678e-01  -5.5946836e-01
  -8.9623246e-01  -5.0646206e-01   2.1284455e-01   2.7643432e-01   2.4100615e-01  -3.7701781e-02   2.9122616e-01  -3.2701206e-01   4.3853432e-01  -3.3068747e-01   2.5753323e-01   8.6871869e-02   2.4903423e-01   8.5424668e-02   4.7714347e-01   5.2545517e-01   3.9199173e-01  -3.1781222e-01
  -1.0000000e+00  -5.8518736e-02   2.9500252e-01   5.2635683e-01   2.6521047e-01   2.9668456e-01   2.6993498e-01   6.0025477e-02   4.0719037e-01  -6.8100756e-02   3.0155236e-01   3.9775875e-01   2.9323869e-01   4.3023600e-01   6.0227802e-01   5.4895612e-01   3.6020480e-01  -5.3605798e-02
  -9.3980096e-01   3.7930484e-01   4.1722788e-01   6.7027582e-01   3.4353434e-01   5.5218398e-01   3.0781165e-01   3.9673187e-01   4.1533890e-01   1.6222553e-01   3.9319175e-01   6.1522724e-01   3.8704348e-01   6.6937258e-01   7.1919020e-01   4.5551858e-01   3.7185983e-01   1.8051535e-01
  -7.4199529e-01   6.8483723e-01   5.5584536e-01   6.8801243e-01   4.5758950e-01   6.8670269e-01   3.9128157e-01   6.1804734e-01   4.5451568e-01   3.1983332e-01   5.1213059e-01   7.0097537e-01   5.0889066e-01   7.6094598e-01   8.0322090e-01   2.6665124e-01   4.1800536e-01   3.4257093e-01
  -4.7031313e-01   7.8062749e-01   6.8531820e-01   5.8156153e-01   5.8352512e-01   6.8309674e-01   4.9834356e-01   6.8706009e-01   5.1125434e-01   3.8324325e-01   6.3353314e-01   6.4364195e-01   6.3272218e-01   6.9416735e-01   8.3673626e-01   2.1367518e-02   4.8393210e-01   4.0906392e-01
  -2.0504403e-01   6.5163028e-01   7.8294948e-01   3.7690693e-01   6.9700360e-01   5.5278949e-01   6.0399966e-01   6.0312821e-01   5.7053924e-01   3.5400796e-01   7.3328810e-01   4.6229807e-01   7.3356482e-01   4.9214297e-01   8.1283978e-01  -2.2597739e-01   5.5289150e-01   3.7949310e-01
  -2.0494361e-02   3.4955718e-01   8.3332619e-01   1.2116122e-01   7.7812034e-01   3.3449908e-01   6.8601705e-01   4.0312829e-01   6.1933426e-01   2.5682693e-01   7.9311190e-01   2.0470858e-01   7.9280216e-01   2.0893933e-01   7.3788293e-01  -4.1525198e-01   6.0994847e-01   2.7656771e-01
   3.8733829e-02  -2.3861444e-02   8.3196498e-01  -1.2919999e-01   8.1597890e-01   8.3663251e-02   7.3073944e-01   1.5024020e-01   6.5005098e-01   1.3156410e-01   8.0521183e-01  -6.4844265e-02   8.0285532e-01  -8.4360324e-02   6.3104373e-01  -4.9938160e-01   6.4578201e-01   1.3881768e-01
  -3.2430726e-02  -3.5393044e-01   7.8518781e-01  -3.2373980e-01   8.0981978e-01  -1.4372575e-01   7.3519497e-01  -8.6944557e-02   6.6154703e-01   1.9383502e-02   7.7308874e-01  -2.8433859e-01   7.6782792e-01  -3.2010055e-01   5.1910212e-01  -4.5961188e-01   6.5797963e-01   7.5474673e-03
  -2.0053203e-01  -5.4860064e-01   7.0783453e-01  -4.3009172e-01   7.6801604e-01  -3.0513754e-01   7.0659790e-01  -2.5379396e-01   6.5845837e-01  -4.9820054e-02   7.0984431e-01  -4.1046591e-01   7.0163110e-01  -4.5172108e-01   4.2928312e-01  -3.1096514e-01   6.5061453e-01  -8.5076997e-02
  -4.0720522e-01  -5.6514267e-01   6.1887088e-01  -4.3996907e-01   7.0469418e-01  -3.8037693e-01   6.5886405e-01  -3.2304714e-01   6.4868966e-01  -6.5230632e-02   6.3381551e-01  -4.2843157e-01   6.2341101e-01  -4.6409951e-01   3.8200321e-01  -9.6183851e-02   6.3189083e-01  -1.2388773e-01
  -5.8920634e-01  -4.1872949e-01   5.3652862e-01  -3.6812870e-01   6.3542839e-01  -3.7314501e-01   6.0777660e-01  -2.9828806e-01   6.4025074e-01  -3.5734110e-02   5.6332224e-01  -3.5238071e-01   5.5211484e-01  -3.7379624e-01   3.8601081e-01   1.2810050e-01   6.1099385e-01  -1.1224196e-01
  -6.9750630e-01  -1.7117167e-01   4.7438819e-01  -2.4509702e-01   5.7340455e-01  -3.0532994e-01   5.6651556e-01  -2.0735684e-01   6.3860265e-01   1.6142511e-02   5.1223186e-01  -2.1717270e-01   5.0191993e-01  -2.2002384e-01   4.3710880e-01   3.0750871e-01   5.9527623e-01  -6.7484959e-02
  -7.1072358e-01   9.3852604e-02   4.3909582e-01  -1.0648384e-01   5.2685983e-01  -2.0683580e-01   5.4255486e-01  -8.9591288e-02   6.4513079e-01   6.3858437e-02   4.8721453e-01  -6.5423143e-02   4.7940565e-01  -5.0428820e-02   5.2022374e-01   4.0371412e-01   5.8840560e-01  -1.2892734e-02
  -6.3716484e-01   2.9760751e-01   4.3052038e-01   1.6348555e-02   4.9872380e-01  -1.0593680e-01   5.3708824e-01   1.7002927e-02   6.5736207e-01   8.5534148e-02   4.8768323e-01   6.4385786e-02   4.8351365e-01   9.2072824e-02   6.1406287e-01   4.0064404e-01   5.9017497e-01   3.0116000e-02
  -5.0954878e-01   3.8722045e-01   4.4318073e-01   1.0248112e-01   4.8745220e-01  -2.2814843e-02   5.4593791e-01   8.5195270e-02   6.7012711e-01   6.9800222e-02   5.0720762e-01   1.4627946e-01   5.0706127e-01   1.7872049e-01   6.9634208e-01   3.0564766e-01   5.9726214e-01   4.7575212e-02
  -3.7291732e-01   3.4847863e-01   4.6870495e-01   1.4417826e-01   4.8883410e-01   3.3381721e-02   5.6181912e-01   1.0405990e-01   6.7750071e-01   1.8562149e-02   5.3622581e-01   1.7127739e-01   5.3963047e-01   1.9995428e-01   7.4885821e-01   1.4608729e-01   6.0482901e-01   3.6009232e-02
  -2.7019585e-01   2.0713573e-01   4.9844361e-01   1.4626462e-01   4.9797446e-01   6.4079628e-02   5.7706042e-01   7.9685427e-02   6.7485603e-01  -5.3858311e-02   5.6509839e-01   1.4738744e-01   5.7081609e-01   1.6536743e-01   7.6129876e-01  -3.7394627e-02   6.0834524e-01   2.3789445e-03
  -2.2903055e-01   1.7948767e-02   5.2574079e-01   1.2251747e-01   5.1099935e-01   7.8072111e-02   5.8613042e-01   3.0961329e-02   6.6055220e-01  -1.2542328e-01   5.8685449e-01   9.4962265e-02   5.9314207e-01   9.8481525e-02   7.3331343e-01  -2.0060055e-01   6.0519233e-01  -3.9108813e-02
  -2.5518441e-01  -1.5462361e-01   5.4710662e-01   9.0220843e-02   5.2589308e-01   8.6706114e-02   5.8700136e-01  -1.8147279e-02   6.3653351e-01  -1.7349758e-01   5.9860248e-01   3.8876988e-02   6.0356909e-01   2.8010111e-02   6.7402625e-01  -3.0602740e-01   5.9540513e-01  -7.2270587e-02
  -3.3237628e-01  -2.5797931e-01   5.6242100e-01   6.4207508e-02   5.4257370e-01   9.8812568e-02   5.8136438e-01  -4.7444749e-02   6.0788716e-01  -1.8247479e-01   6.0166967e-01  -2.4830601e-04   6.0366640e-01  -2.1942034e-02   5.9948054e-01  -3.3228504e-01   5.8158050e-01  -8.4733923e-02
  -4.3005371e-01  -2.6643880e-01   5.7389006e-01   5.2591008e-02   5.6203033e-01   1.1729383e-01   5.7336671e-01  -4.6886066e-02   5.8124696e-01  -1.4850830e-01   6.0015159e-01  -1.2108753e-02   5.9810240e-01  -3.8744683e-02   5.2826030e-01  -2.7853424e-01   5.6779225e-01  -7.1813489e-02
  -5.1419504e-01  -1.8671366e-01   5.8450357e-01   5.4932171e-02   5.8514038e-01   1.3798546e-01   5.6776756e-01  -1.9027987e-02   5.6284552e-01  -8.0414147e-02   5.9887781e-01   1.1943659e-03   5.9249513e-01  -2.3793248e-02   4.7682112e-01  -1.6375668e-01   5.5816031e-01  -3.7654945e-02
  -5.5835143e-01  -5.2373971e-02   5.9639006e-01   6.3531290e-02   6.1149715e-01   1.5132025e-01   5.6802458e-01   2.3169714e-02   5.5671868e-01   3.5587585e-03   6.0135892e-01   2.7598252e-02   5.9119872e-01   9.9225012e-03   4.5557013e-01  -2.0540215e-02   5.5545705e-01   6.7005499e-03
  -5.5114582e-01   8.9444996e-02   6.0970209e-01   6.7229716e-02   6.3875257e-01   1.4619604e-01   5.7503030e-01   6.1904998e-02   5.6365070e-01   8.1567404e-02   6.0847367e-01   5.0636129e-02   5.9581994e-01   4.3763425e-02   4.6678023e-01   1.1429235e-01   5.6024523e-01   4.7346685e-02
  -4.9830420e-01   1.9363640e-01   6.2240689e-01   5.6190656e-02   6.6276802e-01   1.1464111e-01   5.8687298e-01   8.1119633e-02   5.8111946e-01   1.3448238e-01   6.1826552e-01   5.5804718e-02   6.0487015e-01   6.0447072e-02   5.0475079e-01   2.0919579e-01   5.7078605e-01   7.2060708e-02
  -4.1945119e-01   2.3018866e-01   6.3097741e-01   2.5920205e-02   6.7854539e-01   5.5639359e-02   5.9957555e-01   7.1918931e-02   6.0414024e-01   1.5089306e-01   6.2677035e-01   3.5674766e-02   6.1450246e-01   4.9853479e-02   5.5788892e-01   2.4513218e-01   5.8365902e-01   7.3962499e-02
  -3.4105057e-01   1.9209050e-01   6.3171223e-01  -2.0687699e-02   6.8168220e-01  -2.3158292e-02   6.0852320e-01   3.5506969e-02   6.2673414e-01   1.2983845e-01   6.2955069e-01  -7.4586097e-03   6.2002416e-01   1.2283736e-02   6.1206797e-01   2.1924270e-01   5.9487535e-01   5.3465305e-02
  -2.8760449e-01   9.5770295e-02   6.2222043e-01  -7.4081196e-02   6.6988985e-01  -1.0679892e-01   6.1012050e-01  -1.7400583e-02   6.4361933e-01   8.0422831e-02   6.2344005e-01  -6.2333015e-02   6.1769661e-01  -4.1904267e-02   6.5438231e-01   1.4403747e-01   6.0115255e-01   1.7858376e-02
  -2.7488678e-01  -2.5611864e-02   6.0237610e-01  -1.2103450e-01   6.4387541e-01  -1.7688446e-01   6.0292991e-01  -7.0249990e-02   6.5145123e-01   1.8623338e-02   6.0770467e-01  -1.1241557e-01   6.0601347e-01  -9.5911615e-02   6.7592730e-01   4.2817960e-02   6.0080640e-01  -2.1188893e-02
  -3.0455354e-01  -1.3335124e-01   5.7486135e-01  -1.4878484e-01   6.0772097e-01  -2.1684726e-01   5.8842683e-01  -1.0613090e-01   6.4976715e-01  -3.7697573e-02   5.8476759e-01  -1.4136328e-01   5.8659154e-01  -1.3206084e-01   6.7401357e-01  -5.7192567e-02   5.9437555e-01  -5.1391392e-02
  -3.6575167e-01  -1.9589608e-01   5.4445006e-01  -1.4895311e-01   5.6788427e-01  -2.1661120e-01   5.7035522e-01  -1.1327618e-01   6.4061832e-01  -7.4069236e-02   5.5942242e-01  -1.3837430e-01   5.6355420e-01  -1.3761155e-01   6.5171020e-01  -1.3212745e-01   5.8420287e-01  -6.3676176e-02
  -4.3874613e-01  -1.9766960e-01   5.1697288e-01  -1.1993192e-01   5.3186135e-01  -1.7535636e-01   5.5372025e-01  -8.8545723e-02   6.2784816e-01  -8.3080370e-02   5.3765687e-01  -1.0153336e-01   5.4249510e-01  -1.0858212e-01   6.1668872e-01  -1.6686899e-01   5.7374514e-01  -5.4705531e-02
  -5.0166869e-01  -1.4245441e-01   4.9784916e-01  -6.7330867e-02   5.0642846e-01  -1.0168920e-01   5.4326875e-01  -3.8170581e-02   6.1580756e-01  -6.5708580e-02   5.2494660e-01  -3.8376998e-02   5.2884520e-01  -5.0823961e-02   5.7879105e-01  -1.5772722e-01   5.6647639e-01  -2.7562688e-02
  -5.3723335e-01  -5.0491231e-02   4.9074719e-01  -2.4201304e-03   4.9609442e-01  -1.1329048e-02   5.4210285e-01   2.4367638e-02   6.0808246e-01  -3.0120652e-02   5.2472336e-01   3.6366988e-02   5.2633199e-01   2.1876847e-02   5.4738415e-01  -1.1198148e-01   5.6485753e-01   9.5081277e-03
  -5.3725339e-01   4.8965781e-02   4.9676135e-01   6.0785427e-02   5.0219365e-01   7.6782838e-02   5.5085879e-01   8.2356475e-02   6.0661422e-01   1.1330824e-02   5.3748594e-01   1.0486817e-01   5.3600579e-01   9.1761308e-02   5.2923387e-01  -4.4826478e-02   5.6968843e-01   4.5695435e-02
  -5.0443736e-01   1.2702002e-01   5.1416725e-01   1.0903623e-01   5.2266075e-01   1.4498998e-01   5.6752255e-01   1.2059444e-01   6.1129407e-01   4.5895598e-02   5.6062206e-01   1.5095672e-01   5.5592694e-01   1.4193945e-01   5.2711155e-01   2.5159154e-02   5.7990177e-01   7.0760176e-02
  -4.5052266e-01   1.6341845e-01   5.3893621e-01   1.3296485e-01   5.5266978e-01   1.8080942e-01   5.8805057e-01   1.2942060e-01   6.2021576e-01   6.3906951e-02   5.8912100e-01   1.6416827e-01   5.8172730e-01   1.6070801e-01   5.3963726e-01   8.0848053e-02   5.9293459e-01   7.7784328e-02
  -3.9219879e-01   1.5150147e-01   5.6572586e-01   1.2908943e-01   5.8580225e-01   1.7939525e-01   6.0745970e-01   1.0705297e-01   6.3035337e-01   6.1089227e-02   6.1681084e-01   1.4214390e-01   6.0771856e-01   1.4429022e-01   5.6207168e-01   1.1044236e-01   6.0545056e-01   6.4853785e-02
  -3.4596098e-01   9.9153055e-02   5.8913351e-01   1.0040396e-01   6.1550533e-01   1.4424748e-01   6.2113368e-01   5.9885576e-02   6.3848452e-01   3.9374551e-02   6.3785040e-01   9.1048068e-02   6.2829523e-01   9.7592918e-02   5.8780809e-01   1.0984125e-01   6.1424070e-01   3.5432420e-02
  -3.2318187e-01   2.5165243e-02   6.0495862e-01   5.5238189e-02   6.3655844e-01   8.5789187e-02   6.2604867e-01   3.8863008e-04   6.4214858e-01   5.8648629e-03   6.4815969e-01   2.3627773e-02   6.3933430e-01   3.2539577e-02   6.1026278e-01   8.2849134e-02   6.1710011e-01  -2.8276502e-03
  -3.2758321e-01  -4.7368373e-02   6.1097971e-01   4.8135347e-03   6.4599352e-01   1.8335538e-02   6.2139905e-01  -5.6569171e-02   6.4023234e-01  -2.9626645e-02   6.4620875e-01  -4.4366653e-02   6.3902342e-01  -3.5392521e-02   6.2441240e-01   3.9192942e-02   6.1331342e-01  -4.0375454e-02
  -3.5477068e-01  -9.8179490e-02   6.0729568e-01  -3.9650315e-02   6.4353143e-01  -4.3513942e-02   6.0870983e-01  -9.7753422e-02   6.3320636e-01  -5.7487569e-02   6.3325102e-01  -9.8228449e-02   6.2817448e-01  -9.1211952e-02   6.2787010e-01  -8.5189938e-03   6.0379409e-01  -6.8355730e-02
  -3.9447422e-01  -1.1560134e-01   5.9602332e-01  -6.9644700e-02   6.3129266e-01  -8.8280649e-02   5.9126137e-01  -1.1492582e-01   6.2285798e-01  -7.0970596e-02   6.1278057e-01  -1.2783912e-01   6.0979724e-01  -1.2409553e-01   6.2112000e-01  -4.8382516e-02   5.9074352e-01  -8.0880032e-02
  -4.3416863e-01  -9.8829568e-02   5.8056772e-01  -8.0965064e-02   6.1301883e-01  -1.0966548e-01   5.7313962e-01  -1.0635689e-01   6.1170672e-01  -6.7618232e-02   5.8952716e-01  -1.2949617e-01   5.8820353e-01  -1.2942677e-01   6.0700227e-01  -7.1942372e-02   5.7702584e-01  -7.6171221e-02
  -4.6284254e-01  -5.6970144e-02   5.6471518e-01  -7.4121244e-02   5.9307822e-01  -1.0718045e-01   5.5820558e-01  -7.6587269e-02   6.0231242e-01  -4.9434668e-02   5.6830298e-01  -1.0604842e-01   5.6793699e-01  -1.0915982e-01   5.8974913e-01  -7.5742284e-02   5.6545771e-01  -5.6597972e-02
