   1.4147950e-01   4.5665579e-01   1.4563861e-01   7.5319105e-02   1.2378192e-01   3.2002555e-01   7.1745764e-02   8.4119503e-01   1.1901314e-02   1.7378613e-01   7.7578709e-02   6.2830940e-01   5.0792867e-02   4.1971036e-01   5.5917443e-02   6.6058878e-01   7.5861990e-02   1.3169778e-01
   1.7562211e-01  -2.6466449e-01   2.0297255e-01   5.6286334e-01   2.1823221e-01   7.2768909e-01   2.3867871e-01   1.0000000e+00   7.0864044e-02   5.3962944e-01   2.0587896e-01   8.9563876e-01   1.5379271e-01   7.5613720e-01   2.6229312e-01   9.5198523e-01   1.2868971e-01   5.3167368e-01
  -3.4968039e-02  -8.0692378e-01   3.3016908e-01   8.7689552e-01   3.6859777e-01   9.5387335e-01   4.1686836e-01   9.7934685e-01   1.8043813e-01   7.9951062e-01   3.6443954e-01   1.0000000e+00   3.0195708e-01   9.4605127e-01   5.1115394e-01   1.0000000e+00   2.3408415e-01   8.0918791e-01
  -3.8738211e-01  -1.0000000e+00   4.9508553e-01   1.0000000e+00   5.4256921e-01   1.0000000e+00   5.8097843e-01   8.5463695e-01   3.2323750e-01   9.5157953e-01   5.2937834e-01   9.8004623e-01   4.7078106e-01   1.0000000e+00   7.4383588e-01   8.3181835e-01   3.7270934e-01   9.6200052e-01
  -7.3953820e-01  -8.1361258e-01   6.6615967e-01   9.5418892e-01   7.1113309e-01   8.9946467e-01   7.1892351e-01   6.9477022e-01   4.8215161e-01   1.0000000e+00   6.8358207e-01   8.7587437e-01   6.3876853e-01   9.4030858e-01   9.1497469e-01   5.2184785e-01   5.2593005e-01   1.0000000e+00
  -9.6615097e-01  -3.6044915e-01   8.1765325e-01   7.8076659e-01   8.5240321e-01   6.9618337e-01   8.2851119e-01   5.3962174e-01   6.4089341e-01   9.5051995e-01   8.1556346e-01   7.1399268e-01   7.8836565e-01   7.8902781e-01   1.0000000e+00   1.5613435e-01   6.7702657e-01   9.3684160e-01
  -1.0000000e+00   1.7894889e-01   9.3105882e-01   5.1937782e-01   9.5173286e-01   4.2672625e-01   9.1167842e-01   3.9633365e-01   7.8425976e-01   8.1113667e-01   9.1692120e-01   5.0591631e-01   9.0541904e-01   5.6369979e-01   9.9434177e-01  -1.9381682e-01   8.1137072e-01   7.8548168e-01
  -8.4223818e-01   6.3274006e-01   9.9405957e-01   2.0290284e-01   1.0000000e+00   1.1888480e-01   9.6946310e-01   2.5148772e-01   8.9867395e-01   5.9449907e-01   9.8044191e-01   2.5688403e-01   9.7862359e-01   2.8129357e-01   9.0898579e-01  -4.7389926e-01   9.1630042e-01   5.5921268e-01
  -5.5124915e-01   8.6877701e-01   1.0000000e+00  -1.3430421e-01   9.9288142e-01  -1.9881287e-01   1.0000000e+00   8.7507684e-02   9.7307146e-01   3.1911288e-01   1.0000000e+00  -2.4144087e-02   1.0000000e+00  -3.5603316e-02   7.6693075e-01  -6.4143616e-01   9.8149278e-01   2.7548920e-01
  -2.2479790e-01   8.1680283e-01   9.4900083e-01  -4.4724658e-01   9.3185040e-01  -4.8777480e-01   9.9908866e-01  -1.0125094e-01   1.0000000e+00   1.2044215e-02   9.7189858e-01  -3.1487381e-01   9.6638595e-01  -3.5226268e-01   6.0026236e-01  -6.6826840e-01   1.0000000e+00  -3.8310763e-02
   2.9585743e-02   4.9730525e-01   8.4982348e-01  -6.8298287e-01   8.2605818e-01  -7.0082920e-01   9.6343581e-01  -2.9856079e-01   9.7728531e-01  -2.8869435e-01   8.9762604e-01  -5.7538695e-01   8.8181637e-01  -6.2062130e-01   4.4496591e-01  -5.5289247e-01   9.7014583e-01  -3.4189454e-01
   1.2972991e-01   2.1583503e-02   7.1993920e-01  -7.9657711e-01   6.9267437e-01  -7.9651668e-01   8.9434697e-01  -4.7067559e-01   9.0952624e-01  -5.3836175e-01   7.8620442e-01  -7.5651363e-01   7.5902766e-01  -7.8963579e-01   3.3322367e-01  -3.2757404e-01   8.9714692e-01  -5.8794751e-01
   4.6470408e-02  -4.4933706e-01   5.8269747e-01  -7.6710782e-01   5.5447142e-01  -7.5467964e-01   7.9971978e-01  -5.7978474e-01   8.0840209e-01  -6.9613875e-01   6.5443323e-01  -8.1626873e-01   6.1858823e-01  -8.2203849e-01   2.8559291e-01  -5.0779711e-02   7.9332508e-01  -7.3425631e-01
  -1.8873965e-01  -7.6443495e-01   4.6248537e-01  -6.0340363e-01   4.3530035e-01  -5.8337977e-01   6.9345448e-01  -5.9839650e-01   6.9104628e-01  -7.3706180e-01   5.2434291e-01  -7.3540372e-01   4.8524123e-01  -7.0804727e-01   3.0656326e-01   2.1085091e-01   6.7634140e-01  -7.5574006e-01
  -4.9743370e-01  -8.3151344e-01   3.7980294e-01  -3.4081381e-01   3.5522840e-01  -3.1702786e-01   5.9263709e-01  -5.1950561e-01   5.7677853e-01  -6.6002490e-01   4.1862882e-01  -5.2604992e-01   3.8262406e-01  -4.7069905e-01   3.8495427e-01   4.0129877e-01   5.6589159e-01  -6.5223017e-01
  -7.8261136e-01  -6.4546258e-01   3.4728045e-01  -3.2608449e-02   3.2645941e-01  -8.4185610e-03   5.1338141e-01  -3.6059342e-01   4.8297740e-01  -4.8916111e-01   3.5529535e-01  -2.3120551e-01   3.2776405e-01  -1.6168745e-01   4.9846682e-01   4.8907841e-01   4.7955607e-01  -4.5026856e-01
  -9.6088874e-01  -2.8130585e-01   3.6775165e-01   2.6255296e-01   3.5129584e-01   2.8393688e-01   4.6693337e-01  -1.5776532e-01   4.2160206e-01  -2.6634775e-01   3.4352562e-01   8.7078844e-02   3.2740189e-01   1.5273614e-01   6.2036391e-01   4.6958786e-01   4.2920784e-01  -1.9602060e-01
  -9.8718023e-01   1.3938081e-01   4.3428946e-01   4.9258848e-01   4.2215827e-01   5.0824199e-01   4.5727633e-01   4.5523230e-02   3.9719134e-01  -3.9337274e-02   3.8178815e-01   3.6424080e-01   3.7685629e-01   4.0903584e-01   7.2539778e-01   3.5788725e-01   4.1882119e-01   5.7067002e-02
  -8.6440955e-01   4.9270909e-01   5.3216390e-01   6.2045470e-01   5.2363348e-01   6.2820214e-01   4.8081662e-01   2.0981729e-01   4.0684945e-01   1.4966774e-01   4.5870009e-01   5.4808167e-01   4.6181240e-01   5.6053985e-01   7.9366622e-01   1.8006359e-01   4.4433980e-01   2.6115009e-01
  -6.3692881e-01   6.8316930e-01   6.4186906e-01   6.2831939e-01   6.3562349e-01   6.2707165e-01   5.2790442e-01   3.0666105e-01   4.4184851e-01   2.7085014e-01   5.5593838e-01   6.0715365e-01   5.6193884e-01   5.8413325e-01   8.1267634e-01  -2.9984791e-02   4.9535258e-01   3.8233351e-01
  -3.7642695e-01   6.6644446e-01   7.4279537e-01   5.2229174e-01   7.3709840e-01   5.1195611e-01   5.8523539e-01   3.2504447e-01   4.8999706e-01   3.1249502e-01   6.5214610e-01   5.3784383e-01   6.5527749e-01   4.8508105e-01   7.7947822e-01  -2.3025069e-01   5.5769868e-01   4.0763601e-01
  -1.5904167e-01   4.6134078e-01   8.1762876e-01   3.3280259e-01   8.1052687e-01   3.1404351e-01   6.3947661e-01   2.7488873e-01   5.3893913e-01   2.8339120e-01   7.2798093e-01   3.6662872e-01   7.2334193e-01   2.9667158e-01   7.0217826e-01  -3.7604770e-01   6.1712168e-01   3.4782290e-01
  -4.3594897e-02   1.4203278e-01   8.5578244e-01   1.0722044e-01   8.4534062e-01   8.1493570e-02   6.8058307e-01   1.8341517e-01   5.7907478e-01   2.0915769e-01   7.7038621e-01   1.4337575e-01   7.5504684e-01   7.1937405e-02   5.9911330e-01  -4.3194599e-01   6.6252447e-01   2.3319968e-01
  -5.3442901e-02  -1.8676899e-01   8.5553766e-01  -1.0370086e-01   8.4014208e-01  -1.3382201e-01   7.0433016e-01   8.5302957e-02   6.0583038e-01   1.2306358e-01   7.7569065e-01  -7.3303944e-02   7.4924792e-01  -1.3148639e-01   4.9496392e-01  -3.8515500e-01   6.8850230e-01   1.0329614e-01
  -1.7297720e-01  -4.2699852e-01   8.2310849e-01  -2.5990914e-01   8.0180781e-01  -2.9057047e-01   7.1231038e-01   1.0075898e-02   6.1975929e-01   5.4216647e-02   7.4928627e-01  -2.3390799e-01   7.1375616e-01  -2.6821552e-01   4.1407016e-01  -2.5023391e-01   6.9555792e-01  -6.3730544e-03
  -3.5571001e-01  -5.1623971e-01   7.7006851e-01  -3.4042775e-01   7.4286087e-01  -3.6680462e-01   7.1024560e-01  -2.6342161e-02   6.2518948e-01   1.9294829e-02   7.0309900e-01  -3.1027943e-01   6.6230194e-01  -3.1593439e-01   3.7420732e-01  -6.4135635e-02   6.8874437e-01  -7.3624932e-02
  -5.4113277e-01  -4.4433435e-01   7.0976005e-01  -3.4589656e-01   6.7773528e-01  -3.6287378e-01   7.0520248e-01  -2.5023727e-02   6.2788341e-01   1.9113282e-02   6.5156273e-01  -3.0061808e-01   6.1018151e-01  -2.7888627e-01   3.8229657e-01   1.2535662e-01   6.7522493e-01  -9.3751001e-02
  -6.7482486e-01  -2.5135661e-01   6.5376596e-01  -2.9458016e-01   6.1905560e-01  -2.9761379e-01   7.0269848e-01  -1.1054621e-03   6.3257038e-01   4.1110256e-02   6.0740549e-01  -2.2579867e-01   5.6995060e-01  -1.8298191e-01   4.3336543e-01   2.7340021e-01   6.6162407e-01  -7.7402456e-02
  -7.2404011e-01  -8.5968559e-03   6.0962198e-01  -2.1351748e-01   5.7515220e-01  -1.9960593e-01   7.0488014e-01   2.4045842e-02   6.4132379e-01   6.6152584e-02   5.7872447e-01  -1.1922637e-01   5.4862886e-01  -6.4961621e-02   5.1282309e-01   3.4899705e-01   6.5216028e-01  -4.3788849e-02
  -6.8483148e-01   2.0643584e-01   5.8012599e-01  -1.2899787e-01   5.4918197e-01  -9.7711409e-02   7.1018645e-01   3.1465998e-02   6.5310367e-01   7.5982228e-02   5.6784830e-01  -1.5530883e-02   5.4684224e-01   3.9268951e-02   6.0068990e-01   3.4043225e-01   6.4791836e-01  -1.2953604e-02
  -5.7992769e-01   3.3267390e-01   5.6413160e-01  -5.9521755e-02   5.3976833e-01  -1.3800985e-02   7.1440689e-01   1.1145752e-02   6.6440246e-01   5.9047996e-02   5.7194115e-01   5.8599203e-02   5.5981292e-01   1.0386045e-01   6.7651742e-01   2.5539740e-01   6.4723796e-01   4.9686726e-04
  -4.4934749e-01   3.4124562e-01   5.5822776e-01  -1.2566987e-02   5.4262026e-01   4.1172557e-02   7.1261116e-01  -3.4773200e-02   6.7063265e-01   1.3863385e-02   5.8483356e-01   9.0142538e-02   5.7960573e-01   1.1843887e-01   7.2388829e-01   1.1766277e-01   6.4688057e-01  -8.8134195e-03
  -3.3675108e-01   2.4149315e-01   5.5865331e-01   1.4846129e-02   5.5254614e-01   6.7625703e-02   7.0131377e-01  -9.2733316e-02   6.6783659e-01  -5.0542162e-02   5.9948811e-01   8.1425446e-02   5.9794638e-01   8.9099443e-02   7.3376585e-01  -3.8660296e-02   6.4356880e-01  -3.6207953e-02
  -2.7595436e-01   7.5413022e-02   5.6280286e-01   3.2603842e-02   5.6522530e-01   7.4681272e-02   6.8011160e-01  -1.4236660e-01   6.5417885e-01  -1.1734486e-01   6.1032926e-01   4.7387953e-02   6.0875919e-01   3.4813516e-02   7.0611655e-01  -1.7662698e-01   6.3537506e-01  -6.9302084e-02
  -2.8089893e-01  -9.7728266e-02   5.7003843e-01   5.2285124e-02   5.7839212e-01   7.5330235e-02   6.5234175e-01  -1.6375061e-01   6.3085105e-01  -1.6729021e-01   6.1490810e-01   9.1548620e-03   6.0987691e-01  -1.9804992e-02   6.4965611e-01  -2.6508115e-01   6.2260955e-01  -9.2857130e-02
  -3.4329812e-01  -2.2188730e-01   5.8146570e-01   8.1897627e-02   5.9197082e-01   8.0834514e-02   6.2426299e-01  -1.4480681e-01   6.0189973e-01  -1.8510239e-01   6.1418788e-01  -1.4173918e-02   6.0318968e-01  -5.3222822e-02   5.7933262e-01  -2.8601391e-01   6.0776726e-01  -9.4635684e-02
  -4.3720190e-01  -2.6163049e-01   5.9899496e-01   1.2233868e-01   6.0738024e-01   9.6398571e-02   6.0321061e-01  -8.5962013e-02   5.7316533e-01  -1.6445148e-01   6.1164025e-01  -1.2200606e-02   5.9350325e-01  -5.3894006e-02   5.1247200e-01  -2.3871424e-01   5.9469972e-01  -6.9903370e-02
  -5.2883626e-01  -2.1152921e-01   6.2398866e-01   1.6644426e-01   6.2626179e-01   1.1928056e-01   5.9526916e-01  -5.7227231e-04   5.5063480e-01  -1.0989135e-01   6.1149397e-01   1.3697949e-02   5.8649694e-01  -2.3322191e-02   4.6443038e-01  -1.3923331e-01   5.8727777e-01  -2.3171554e-02
  -5.8803822e-01  -9.5053844e-02   6.5599242e-01   2.0095204e-01   6.4913747e-01   1.3994181e-01   6.0325588e-01   8.9000985e-02   5.3876522e-01  -3.5233508e-02   6.1684221e-01   5.1776008e-02   5.8654841e-01   2.5498021e-02   4.4493955e-01  -1.5316261e-02   5.8803551e-01   3.3341314e-02
  -5.9733444e-01   4.5702499e-02   6.9204250e-01   2.1082745e-01   6.7452983e-01   1.4580796e-01   6.2571517e-01   1.5816622e-01   5.3932962e-01   4.0826329e-02   6.2832246e-01   8.4914767e-02   5.9519093e-01   7.3327193e-02   4.5616666e-01   1.0144455e-01   5.9728194e-01   8.3793309e-02
  -5.5640060e-01   1.6464204e-01   7.2679594e-01   1.8462894e-01   6.9883857e-01   1.2625748e-01   6.5714710e-01   1.8739109e-01   5.5103959e-01   1.0011323e-01   6.4372671e-01   9.7025113e-02   6.1058417e-01   1.0141848e-01   4.9273863e-01   1.8377488e-01   6.1290683e-01   1.1372989e-01
  -4.8071202e-01   2.2593553e-01   7.5360153e-01   1.1925759e-01   7.1711861e-01   7.7183391e-02   6.8947582e-01   1.6790301e-01   5.7005542e-01   1.2986042e-01   6.5868644e-01   7.8788791e-02   6.2816885e-01   9.7664509e-02   5.4370478e-01   2.1503372e-01   6.3096717e-01   1.1449312e-01
  -3.9562180e-01   2.1382876e-01   7.6620043e-01   2.2378900e-02   7.2448666e-01   3.4807946e-03   7.1425406e-01   1.0429018e-01   5.9114393e-01   1.2580995e-01   6.6811265e-01   3.0987508e-02   6.4217824e-01   6.0361015e-02   5.9566652e-01   1.9235429e-01   6.4681451e-01   8.5764620e-02
  -3.2801787e-01   1.3584764e-01   7.6053690e-01  -8.8536139e-02   7.1768769e-01  -8.1471116e-02   7.2496954e-01   1.3323749e-02   6.0912901e-01   9.2837649e-02   6.6790106e-01  -3.5463853e-02   6.4749920e-01  -1.3476385e-03   6.3620268e-01   1.2614586e-01   6.5641218e-01   3.5601351e-02
  -2.9820468e-01   1.9429942e-02   7.3612770e-01  -1.9020626e-01   6.9631701e-01  -1.5903041e-01   7.1883362e-01  -8.0458214e-02   6.2022544e-01   4.3195156e-02   6.5636717e-01  -1.0251628e-01   6.4131168e-01  -7.0131341e-02   6.5675411e-01   3.6600139e-02   6.5746079e-01  -2.1827765e-02
  -3.1359658e-01  -9.8105186e-02   6.9660233e-01  -2.6001840e-01   6.6335339e-01  -2.1075616e-01   6.9764774e-01  -1.5204722e-01   6.2300510e-01  -7.6127845e-03   6.3506109e-01  -1.5078465e-01   6.2414591e-01  -1.2607958e-01   6.5451032e-01  -5.2444135e-02   6.5009183e-01  -7.0659655e-02
  -3.6772790e-01  -1.8134466e-01   6.4900103e-01  -2.8185954e-01   6.2460751e-01  -2.2345005e-01   6.6717612e-01  -1.8265690e-01   6.1847510e-01  -4.5330976e-02   6.0842293e-01  -1.6530090e-01   5.9972151e-01  -1.5254374e-01   6.3238780e-01  -1.1949503e-01   6.3671384e-01  -9.7791365e-02
  -4.4293103e-01  -2.0790013e-01   6.0222891e-01  -2.5059514e-01   5.8743038e-01  -1.9307814e-01   6.3553744e-01  -1.6507513e-01   6.0955848e-01  -6.1076887e-02   5.8264640e-01  -1.4030679e-01   5.7395132e-01  -1.4126382e-01   5.9780526e-01  -1.5072941e-01   6.2128821e-01  -9.6714984e-02
  -5.1655253e-01  -1.7369967e-01   5.6503398e-01  -1.7300861e-01   5.5898719e-01  -1.2564459e-01   6.1097404e-01  -1.0493773e-01   6.0003143e-01  -5.3165899e-02   5.6398827e-01  -8.0663989e-02   5.5327340e-01  -9.4322245e-02   5.6038252e-01  -1.4238761e-01   6.0816382e-01  -6.8870327e-02
  -5.6775771e-01  -9.2693930e-02   5.4411722e-01  -6.5946086e-02   5.4464168e-01  -3.5617298e-02   5.9975533e-01  -1.8727356e-02   5.9338777e-01  -2.6846242e-02   5.5714230e-01  -4.0238654e-04   5.4295781e-01  -2.3284364e-02   5.2945525e-01  -1.0065729e-01   6.0091405e-01  -2.2854256e-02
  -5.8374568e-01   8.4855492e-03   5.4263232e-01   4.7860099e-02   5.4668142e-01   5.7685339e-02   6.0452802e-01   7.0952742e-02   5.9181726e-01   7.7844267e-03   5.6393451e-01   8.1134433e-02   5.4565444e-01   5.4115466e-02   5.1174522e-01  -3.9251742e-02   6.0135780e-01   2.8221513e-02
  -5.6261661e-01   9.9838821e-02   5.5972106e-01   1.4538935e-01   5.6395347e-01   1.3496532e-01   6.2387111e-01   1.4171279e-01   5.9572846e-01   3.9231766e-02   5.8294774e-01   1.4467249e-01   5.6081985e-01   1.1907199e-01   5.1007219e-01   2.4923470e-02   6.0920008e-01   7.0646830e-02
  -5.1299338e-01   1.5652219e-01   5.9088918e-01   2.0824962e-01   5.9224226e-01   1.8119665e-01   6.5281659e-01   1.7677338e-01   6.0378393e-01   5.7764612e-02   6.0992126e-01   1.7566527e-01   5.8493629e-01   1.5634014e-01   5.2309606e-01   7.6015511e-02   6.2221168e-01   9.3587631e-02
  -4.5081340e-01   1.6566412e-01   6.2914269e-01   2.2656799e-01   6.2531170e-01   1.8893620e-01   6.8421093e-01   1.6899287e-01   6.1339104e-01   5.8019774e-02   6.3882797e-01   1.6785221e-01   6.1244251e-01   1.5799832e-01   5.4603492e-01   1.0302117e-01   6.3688503e-01   9.1814351e-02
  -3.9408096e-01   1.2904172e-01   6.6666183e-01   2.0063297e-01   6.5640251e-01   1.5960806e-01   7.1061411e-01   1.2214501e-01   6.2153941e-01   4.0186677e-02   6.6340133e-01   1.2448854e-01   6.3718856e-01   1.2508974e-01   5.7222232e-01   1.0199349e-01   6.4942215e-01   6.6753089e-02
  -3.5761939e-01   6.1215101e-02   6.9650706e-01   1.4004137e-01   6.7972653e-01   1.0256432e-01   7.2612254e-01   4.9312224e-02   6.2567534e-01   9.5509756e-03   6.7862071e-01   5.7053256e-02   6.5392992e-01   6.6836735e-02   5.9492945e-01   7.6251333e-02   6.5671795e-01   2.5694383e-02
  -3.4915140e-01  -1.5656189e-02   7.1400327e-01   6.0853262e-02   6.9164367e-01   3.2410195e-02   7.2771948e-01  -3.0862769e-02   6.2439626e-01  -2.5256634e-02   6.8182743e-01  -1.7957330e-02   6.5951963e-01  -2.0658450e-03   6.0901095e-01   3.4871019e-02   6.5711267e-01  -2.0402155e-02
  -3.6773405e-01  -7.9266943e-02   7.1751740e-01  -1.8830218e-02   6.9126734e-01  -3.4996117e-02   7.1583084e-01  -9.9441590e-02   6.1779201e-01  -5.4999091e-02   6.7320431e-01  -8.3623712e-02   6.5352497e-01  -6.5646435e-02   6.1203190e-01  -1.0317025e-02   6.5073180e-01  -6.0131721e-02
  -4.0509098e-01  -1.1346302e-01   7.0839123e-01  -8.3074267e-02   6.8031006e-01  -8.6234112e-02   6.9390568e-01  -1.4177709e-01   6.0730859e-01  -7.2334324e-02   6.5545880e-01  -1.2664998e-01   6.3805913e-01  -1.1056364e-01   6.0449452e-01  -4.7929417e-02   6.3929751e-01  -8.4517469e-02
  -4.4866282e-01  -1.1229648e-01   6.9029795e-01  -1.2141604e-01   6.6242354e-01  -1.1311493e-01   6.6737949e-01  -1.5072584e-01   5.9530367e-01  -7.3614111e-02   6.3299909e-01  -1.4022043e-01   6.1709044e-01  -1.2904848e-01   5.8940653e-01  -6.9777070e-02   6.2560174e-01  -8.9058294e-02
  -4.8574997e-01  -8.0626394e-02   6.6811294e-01  -1.3045588e-01   6.4213240e-01  -1.1387553e-01   6.4219284e-01  -1.2762172e-01   5.8437265e-01  -5.9489716e-02   6.1074077e-01  -1.2490218e-01   5.9533581e-01  -1.2012999e-01   5.7123429e-01  -7.2508724e-02   6.1272940e-01  -7.4401670e-02
