   1.4058121e-01   4.2714419e-01   1.0507638e-01   6.7376776e-01   1.0245679e-01   3.4841183e-01   2.9943327e-02   6.0995050e-02   1.7707716e-02   2.7425312e-01   2.0599665e-03   7.3477511e-01   5.0493153e-02   7.6926646e-01   5.2830101e-03   3.1188243e-01   3.1531682e-02   2.4488927e-01
   1.5725512e-01  -3.1569207e-01   2.7393475e-01   9.2871605e-01   2.0248070e-01   7.2864516e-01   6.8365523e-02   3.8842600e-01   9.3418179e-02   6.3706770e-01   1.7882078e-01   9.4643389e-01   2.2419048e-01   9.6437320e-01   1.3383778e-01   7.6416438e-01   1.0644062e-01   6.2804308e-01
  -5.5004578e-02  -8.4557139e-01   4.7662553e-01   1.0000000e+00   3.5756300e-01   9.4949779e-01   1.5799524e-01   6.6619800e-01   2.1795012e-01   8.7484642e-01   3.8266493e-01   1.0000000e+00   4.2018697e-01   1.0000000e+00   3.4342669e-01   1.0000000e+00   2.3488355e-01   8.8106609e-01
  -3.8961806e-01  -1.0000000e+00   6.7601978e-01   9.0253892e-01   5.3718694e-01   1.0000000e+00   2.8888396e-01   8.7491425e-01   3.7117752e-01   9.9191194e-01   5.8358232e-01   9.2413158e-01   6.1024144e-01   9.1097910e-01   5.7971859e-01   9.9587784e-01   3.9444221e-01   1.0000000e+00
  -7.0870143e-01  -7.6919227e-01   8.4154367e-01   6.8136267e-01   7.1193091e-01   9.0115849e-01   4.4759788e-01   9.9297024e-01   5.3439812e-01   1.0000000e+00   7.5861231e-01   7.5573803e-01   7.7385165e-01   7.3810656e-01   7.9046713e-01   7.9067576e-01   5.6342253e-01   9.9612372e-01
  -8.9807221e-01  -2.8747652e-01   9.5302143e-01   3.8803537e-01   8.5786748e-01   6.8918003e-01   6.1709442e-01   1.0000000e+00   6.9096979e-01   9.1229278e-01   8.9212144e-01   5.2741152e-01   8.9792641e-01   5.1438347e-01   9.3730623e-01   4.5899504e-01   7.2272529e-01   8.8786193e-01
  -9.0287817e-01   2.5467160e-01   1.0000000e+00   6.3750547e-02   9.5768769e-01   3.9897073e-01   7.7737988e-01   8.8200201e-01   8.2642157e-01   7.4239528e-01   9.7435396e-01   2.6344098e-01   9.7472800e-01   2.6130282e-01   1.0000000e+00   7.8536543e-02   8.5647122e-01   6.9448974e-01
  -7.3323241e-01   6.8430626e-01   9.7949048e-01  -2.5913140e-01   1.0000000e+00   6.1516060e-02   9.0703844e-01   6.3753640e-01   9.2861151e-01   5.0569474e-01   1.0000000e+00  -1.6564677e-02   1.0000000e+00  -6.1547856e-03   9.7528317e-01  -2.8284619e-01   9.5197401e-01   4.3508535e-01
  -4.5228227e-01   8.7552703e-01   8.9522836e-01  -5.4609746e-01   9.7932700e-01  -2.8734599e-01   9.8606757e-01   2.8609657e-01   9.8823769e-01   2.2253566e-01   9.6789174e-01  -2.9074861e-01   9.7247609e-01  -2.7079931e-01   8.7471168e-01  -5.6503787e-01   1.0000000e+00   1.3283498e-01
  -1.5601925e-01   7.6824264e-01   7.5887506e-01  -7.5524325e-01   8.9777716e-01  -5.9945153e-01   1.0000000e+00  -1.2559171e-01   1.0000000e+00  -7.7691758e-02   8.8214677e-01  -5.2950624e-01   8.9513757e-01  -5.0627645e-01   7.2290397e-01  -7.1638838e-01   9.9595853e-01  -1.7946918e-01
   5.3668037e-02   3.9653182e-01   5.9092974e-01  -8.4576029e-01   7.6709815e-01  -8.1866618e-01   9.4443001e-01  -5.2504658e-01   9.6423278e-01  -3.5475620e-01   7.5382362e-01  -6.9587102e-01   7.7714675e-01  -6.7664576e-01   5.5440396e-01  -7.0691297e-01   9.4168212e-01  -4.5797978e-01
   1.0507695e-01  -1.1092798e-01   4.1870219e-01  -7.9525884e-01   6.0873083e-01  -8.9841807e-01   8.2841416e-01  -8.3076474e-01   8.8837891e-01  -5.6414595e-01   6.0165774e-01  -7.5538067e-01   6.3501446e-01  -7.4619968e-01   4.0647379e-01  -5.4378945e-01   8.4685739e-01  -6.5587771e-01
  -1.9590120e-02  -5.8184903e-01   2.7113582e-01  -6.1114631e-01   4.5024417e-01  -8.1960013e-01   6.7360444e-01  -9.7735670e-01   7.8651388e-01  -6.7043911e-01   4.4997569e-01  -6.9015853e-01   4.9098949e-01  -6.9425353e-01   3.1020895e-01  -2.7222723e-01   7.2821891e-01  -7.3766082e-01
  -2.7939218e-01  -8.6306437e-01   1.7258746e-01  -3.2925800e-01   3.1958529e-01  -5.9737721e-01   5.0990437e-01  -9.3485038e-01   6.7692692e-01  -6.5877903e-01   3.2426918e-01  -5.0771154e-01   3.6907745e-01  -5.2471658e-01   2.8300254e-01   3.8280172e-02   6.0669132e-01  -6.9035435e-01
  -5.9081393e-01  -8.7040411e-01   1.3786816e-01  -4.2322536e-03   2.3908297e-01  -2.7728738e-01   3.6861566e-01  -7.1722509e-01   5.7824528e-01  -5.4022408e-01   2.4571502e-01  -2.4189083e-01   2.8988069e-01  -2.6799202e-01   3.2530182e-01   3.1462590e-01   5.0310795e-01  -5.2835417e-01
  -8.5690090e-01  -6.1381856e-01   1.6966405e-01   3.0398438e-01   2.2085072e-01   7.6375779e-02   2.7516828e-01  -3.7862729e-01   5.0532389e-01  -3.4901417e-01   2.2630707e-01   5.4263843e-02   2.6583858e-01   2.5225274e-02   4.2206660e-01   4.9983792e-01   4.3373387e-01  -2.9063029e-01
  -1.0000000e+00  -1.8640096e-01   2.5889863e-01   5.4370495e-01   2.6481085e-01   3.9688942e-01   2.4349605e-01   2.9430701e-03   4.6623039e-01  -1.3167866e-01   2.6621672e-01   3.2249497e-01   2.9841667e-01   2.9727417e-01   5.4814065e-01   5.6433644e-01   4.0690695e-01  -2.9906342e-02
  -9.8320936e-01   2.7621907e-01   3.8742256e-01   6.7913385e-01   3.5968445e-01   6.2856148e-01   2.7396914e-01   3.4605272e-01   4.6143295e-01   6.5778766e-02   3.5432905e-01   5.1299198e-01   3.7826418e-01   4.9713493e-01   6.7464216e-01   5.0483185e-01   4.2199699e-01   2.0069658e-01
  -8.1847429e-01   6.3949098e-01   5.3148734e-01   6.9279758e-01   4.8561430e-01   7.3458392e-01   3.5404428e-01   5.8257657e-01   4.8454532e-01   2.0700243e-01   4.7079819e-01   5.9313126e-01   4.8732260e-01   5.8956593e-01   7.7443249e-01   3.3921634e-01   4.7012607e-01   3.5834989e-01
  -5.5904581e-01   8.0647958e-01   6.6581160e-01   5.8687416e-01   6.1822201e-01   7.0186729e-01   4.6183172e-01   6.7087521e-01   5.2451866e-01   2.7133990e-01   5.9134157e-01   5.5251104e-01   6.0271343e-01   5.6100646e-01   8.2675605e-01   1.0326977e-01   5.3671109e-01   4.1843051e-01
  -2.8204998e-01   7.3879850e-01   7.6767770e-01   3.8458492e-01   7.3310077e-01   5.4384305e-01   5.7126296e-01   6.0385155e-01   5.6846498e-01   2.5723556e-01   6.9199528e-01   4.0508423e-01   7.0126956e-01   4.2262989e-01   8.2096746e-01  -1.5139858e-01   6.0489616e-01   3.7900449e-01
  -6.6349837e-02   4.6837617e-01   8.2124802e-01   1.2904965e-01   8.1065550e-01   3.0023461e-01   6.5817033e-01   4.1229184e-01   6.0485995e-01   1.8359079e-01   7.5412409e-01   1.8860843e-01   7.6444917e-01   2.1051335e-01   7.5963017e-01  -3.6467820e-01   6.5947632e-01   2.6225708e-01
   3.2248747e-02   8.6781691e-02   8.2107946e-01  -1.2608541e-01   8.4042589e-01   2.7635665e-02   7.0643094e-01   1.5585649e-01   6.2669021e-01   8.3932327e-02   7.6886176e-01  -4.4146542e-02   7.8282731e-01  -2.2882243e-02   6.5878889e-01  -4.8462862e-01   6.9072501e-01   1.0791941e-01
  -4.7656101e-03  -2.8739545e-01   7.7261522e-01  -3.3037873e-01   8.2250040e-01  -2.1565727e-01   7.1096927e-01  -9.5499328e-02   6.3273745e-01  -4.9108573e-03   7.3845710e-01  -2.3967812e-01   7.5762645e-01  -2.2322904e-01   5.4390972e-01  -4.8357462e-01   6.9609029e-01  -3.9246227e-02
  -1.5512656e-01  -5.4649881e-01   6.9033309e-01  -4.4890369e-01   7.6661210e-01  -3.8428070e-01   6.7798400e-01  -2.8140599e-01   6.2724478e-01  -5.4587497e-02   6.7508161e-01  -3.5796638e-01   6.9977127e-01  -3.4891388e-01   4.4315146e-01  -3.6660316e-01   6.8005027e-01  -1.4244756e-01
  -3.6575705e-01  -6.2609437e-01   5.9367489e-01  -4.6926209e-01   6.8877709e-01  -4.5552424e-01   6.2190652e-01  -3.6632457e-01   6.1778330e-01  -5.3380323e-02   5.9691780e-01  -3.8193279e-01   6.2626548e-01  -3.8097121e-01   3.7987620e-01  -1.6870650e-01   6.5188809e-01  -1.8226177e-01
  -5.7124571e-01  -5.2141410e-01   5.0221583e-01  -4.0218992e-01   6.0681989e-01  -4.3212291e-01   5.6054479e-01  -3.4606784e-01   6.1229349e-01  -8.3277641e-03   5.2305347e-01  -3.1971853e-01   5.5533786e-01  -3.2582672e-01   3.6690084e-01   5.6733860e-02   6.2241822e-01  -1.5990437e-01
  -7.1461916e-01  -2.8291099e-01   4.3135844e-01  -2.7579870e-01   5.3605655e-01  -3.3752628e-01   5.0995729e-01  -2.4414348e-01   6.1630623e-01   5.9231453e-02   4.6868366e-01  -1.9929168e-01   5.0179949e-01  -2.1024418e-01   4.0401813e-01   2.5387062e-01   6.0071965e-01  -9.3715126e-02
  -7.6315092e-01   6.0692425e-03   3.8971904e-01  -1.2579599e-01   4.8639366e-01  -2.0588543e-01   4.8066462e-01  -1.0045657e-01   6.3130141e-01   1.2238179e-01   4.4204653e-01  -5.7977436e-02   4.7400547e-01  -7.0987715e-02   4.7923569e-01   3.7892454e-01   5.9191611e-01  -1.0899449e-02
  -7.1482276e-01   2.5735239e-01   3.7858485e-01   1.3990723e-02   4.6137313e-01  -7.1665431e-02   4.7602246e-01   4.1630159e-02   6.5453606e-01   1.5729301e-01   4.4363743e-01   6.8182915e-02   4.7298204e-01   5.5849051e-02   5.7264971e-01   4.0867773e-01   5.9646096e-01   6.1296889e-02
  -5.9558506e-01   4.0333837e-01   3.9306305e-01   1.1865690e-01   4.5886435e-01   3.8379150e-02   4.9257736e-01   1.4649341e-01   6.8009967e-01   1.4973824e-01   4.6736313e-01   1.5279127e-01   4.9341393e-01   1.4332305e-01   6.6168385e-01   3.4310514e-01   6.1074331e-01   1.0278158e-01
  -4.4880619e-01   4.1333857e-01   4.2437381e-01   1.7572730e-01   4.7293365e-01   1.0939883e-01   5.2208720e-01   1.9353422e-01   7.0080257e-01   9.8367401e-02   5.0311308e-01   1.8371794e-01   5.2601644e-01   1.7844763e-01   7.2625707e-01   2.0302662e-01   6.2870726e-01   1.0479287e-01
  -3.2098428e-01   2.9943580e-01   4.6254370e-01   1.8580228e-01   4.9615088e-01   1.3948343e-01   5.5439397e-01   1.8048385e-01   7.1034125e-01   1.4980632e-02   5.3990481e-01   1.6430535e-01   5.6049118e-01   1.6360430e-01   7.5308404e-01   2.4704544e-02   6.4390459e-01   7.1149347e-02
  -2.4836237e-01   1.0965703e-01   4.9878689e-01   1.6026389e-01   5.2167205e-01   1.3749698e-01   5.8028949e-01   1.2171664e-01   7.0510527e-01  -7.8720115e-02   5.6871026e-01   1.1066737e-01   5.8821909e-01   1.1402645e-01   7.3816555e-01  -1.4818713e-01   6.5136209e-01   1.6060656e-02
  -2.4552868e-01  -8.9506999e-02   5.2757858e-01   1.1652495e-01   5.4506458e-01   1.1839815e-01   5.9419533e-01   4.2190853e-02   6.8553642e-01  -1.5775868e-01   5.8486620e-01   4.5526681e-02   6.0458828e-01   5.1809707e-02   6.8774280e-01  -2.7548134e-01   6.4915948e-01  -4.1064970e-02
  -3.0468052e-01  -2.3567045e-01   5.4697749e-01   7.2220470e-02   5.6459501e-01   9.7333550e-02   5.9483899e-01  -3.1533996e-02   6.5577037e-01  -2.0142138e-01   5.8826772e-01  -9.3846678e-03   6.0923745e-01  -1.6406833e-03   6.1588123e-01  -3.2958990e-01   6.3849676e-01  -8.2164186e-02
  -3.9944116e-01  -2.8939779e-01   5.5831585e-01   4.0079184e-02   5.8095552e-01   8.4580760e-02   5.8504174e-01  -7.9393348e-02   6.2256764e-01  -1.9947484e-01   5.8269156e-01  -3.9806189e-02   6.0547095e-01  -3.2085680e-02   5.4094514e-01  -3.0243902e-01   6.2313518e-01  -9.6054843e-02
  -4.9537424e-01  -2.4413074e-01   5.6474983e-01   2.4889076e-02   5.9600675e-01   8.2646959e-02   5.7004408e-01  -9.2975019e-02   5.9328562e-01  -1.5468511e-01   5.7375013e-01  -4.2280353e-02   5.9836135e-01  -3.5871195e-02   4.8072985e-01  -2.0648791e-01   6.0789767e-01  -8.1276562e-02
  -5.6140681e-01  -1.2463190e-01   5.6957067e-01   2.3359523e-02   6.1134796e-01   8.6390038e-02   5.5544878e-01  -7.6169220e-02   5.7386604e-01  -8.1168380e-02   5.6667566e-01  -2.3581372e-02   5.9267112e-01  -1.9451578e-02   4.4814447e-01  -7.0273693e-02   5.9705819e-01  -4.5506987e-02
  -5.7908139e-01   2.4145387e-02   5.7475932e-01   2.6744904e-02   6.2715556e-01   8.5983089e-02   5.4538364e-01  -4.1767465e-02   5.6735218e-01   5.2884451e-04   5.6454861e-01   3.0952802e-03   5.9118223e-01   4.3632017e-03   4.4840101e-01   7.0127270e-02   5.9306246e-01  -2.1190100e-03
  -5.4689866e-01   1.5285957e-01   5.8028234e-01   2.5065092e-02   6.4173784e-01   7.1500146e-02   5.4146423e-01  -5.8050128e-03   5.7334861e-01   6.9663768e-02   5.6751355e-01   2.3468266e-02   5.9395979e-01   2.1728050e-02   4.7840064e-01   1.8079169e-01   5.9596956e-01   3.4617000e-02
  -4.7912575e-01   2.2282908e-01   5.8428323e-01   1.1275345e-02   6.5193877e-01   3.7382359e-02   5.4274140e-01   1.8136130e-02   5.8846395e-01   1.1088256e-01   5.7308977e-01   2.7136753e-02   5.9865753e-01   2.2720345e-02   5.2823225e-01   2.3808620e-01   6.0369228e-01   5.4009988e-02
  -4.0006888e-01   2.1655324e-01   5.8400431e-01  -1.6004063e-02   6.5421901e-01  -1.4754383e-02   5.4648969e-01   2.3037950e-02   6.0751168e-01   1.1784709e-01   5.7734634e-01   1.0837034e-02   6.0164241e-01   4.5531105e-03   5.8419327e-01   2.3349289e-01   6.1287160e-01   5.1914404e-02
  -3.3580500e-01   1.4140165e-01   5.7705246e-01  -5.1974469e-02   6.4602104e-01  -7.5915728e-02   5.4948378e-01   1.0016338e-02   6.2509043e-01   9.4173246e-02   5.7650527e-01  -2.0774728e-02   5.9951377e-01  -2.7733173e-02   6.3246651e-01   1.7432019e-01   6.2007275e-01   3.1511949e-02
  -3.0598791e-01   2.5557266e-02   5.6253160e-01  -8.7390896e-02   6.2691910e-01  -1.3222081e-01   5.4929806e-01  -1.2946008e-02   6.3707910e-01   5.1495837e-02   5.6842829e-01  -5.6982812e-02   5.9049109e-01  -6.3242305e-02   6.6247685e-01   8.0374812e-02   6.2291300e-01   1.7566019e-03
  -3.1818143e-01  -9.2328321e-02   5.4165391e-01  -1.1177092e-01   5.9914302e-01  -1.6916919e-01   5.4520231e-01  -3.4481319e-02   6.4163484e-01   5.3159626e-03   5.5350828e-01  -8.4843444e-02   5.7521431e-01  -8.9133124e-02   6.6913527e-01  -2.2238954e-02   6.2077745e-01  -2.5935411e-02
  -3.6650192e-01  -1.7591110e-01   5.1762332e-01  -1.1683138e-01   5.6726751e-01  -1.7607327e-01   5.3835878e-01  -4.4130064e-02   6.3940917e-01  -2.9893957e-02   5.3465954e-01  -9.3562034e-02   5.5667720e-01  -9.4998714e-02   6.5345137e-01  -1.0816741e-01   6.1489818e-01  -4.1518641e-02
  -4.3442446e-01  -2.0209095e-01   4.9489385e-01  -9.9086100e-02   5.3720541e-01  -1.4926707e-01   5.3134899e-01  -3.5966461e-02   6.3303242e-01  -4.4781084e-02   5.1649142e-01  -7.7976550e-02   5.3939042e-01  -7.6271299e-02   6.2163226e-01  -1.5883333e-01   6.0784925e-01  -3.9427368e-02
  -5.0061372e-01  -1.6694967e-01   4.7803509e-01  -6.0953993e-02   5.1479443e-01  -9.3250657e-02   5.2722299e-01  -1.0500652e-02   6.2607665e-01  -3.7287134e-02   5.0394324e-01  -4.0147194e-02   5.2805226e-01  -3.5678144e-02   5.8302871e-01  -1.6614685e-01   6.0264412e-01  -2.0089565e-02
  -5.4568366e-01  -8.5265329e-02   4.7055226e-01  -1.0160240e-02   5.0439243e-01  -1.9567447e-02   5.2841802e-01   2.5623971e-02   6.2186273e-01  -1.2459567e-02   5.0083151e-01   1.1308990e-02   5.2616469e-01   1.7574253e-02   5.4757254e-01  -1.3325825e-01   6.0174628e-01   1.0493344e-02
  -5.5798052e-01   1.5686008e-02   4.7394920e-01   4.2343063e-02   5.0780919e-01   5.6198829e-02   5.3586316e-01   6.1912785e-02   6.2243099e-01   1.9788343e-02   5.0869433e-01   6.3810382e-02   5.3496152e-01   7.0529683e-02   5.2327789e-01  -7.2519342e-02   6.0626307e-01   4.2843737e-02
  -5.3607785e-01   1.0513974e-01   4.8739867e-01   8.5134049e-02   5.2397523e-01   1.1816556e-01   5.4865331e-01   8.7274930e-02   6.2806892e-01   4.7947127e-02   5.2639230e-01   1.0425362e-01   5.5307856e-01   1.1000195e-01   5.1467073e-01  -1.5567872e-03   6.1564786e-01   6.6878414e-02
  -4.8869999e-01   1.5837170e-01   5.0788631e-01   1.0926664e-01   5.4917015e-01   1.5404144e-01   5.6418093e-01   9.3496374e-02   6.3727095e-01   6.2438740e-02   5.5029741e-01   1.2262388e-01   5.7679627e-01   1.2621438e-01   5.2195133e-01   6.1553307e-02   6.2779917e-01   7.4938551e-02
  -4.3104157e-01   1.6312000e-01   5.3101093e-01   1.1032440e-01   5.7800031e-01   1.5775103e-01   5.7889276e-01   7.7581383e-02   6.4733504e-01   5.8159399e-02   5.7527915e-01   1.1444475e-01   6.0103710e-01   1.1518903e-01   5.4154648e-01   1.0259864e-01   6.3970411e-01   6.3835702e-02
  -3.7998167e-01   1.2213410e-01   5.5201759e-01   8.9364963e-02   6.0463321e-01   1.3061058e-01   5.8924262e-01   4.2637287e-02   6.5518559e-01   3.5710505e-02   5.9595636e-01   8.1825551e-02   6.2059969e-01   7.9683370e-02   5.6733734e-01   1.1425281e-01   6.4825653e-01   3.5685157e-02
  -3.4916237e-01   5.1225636e-02   5.6688155e-01   5.2451387e-02   6.2407978e-01   8.0669717e-02   5.9264732e-01  -3.0097667e-03   6.5826866e-01   9.8361566e-04   6.0798837e-01   3.2769183e-02   6.3140420e-01   2.8348416e-02   5.9238582e-01   9.7145599e-02   6.5109335e-01  -2.7457230e-03
  -3.4500687e-01  -2.6618410e-02   5.7325260e-01   8.8625061e-03   6.3331266e-01   2.0343690e-02   5.8824223e-01  -4.8305245e-02   6.5533257e-01  -3.6802130e-02   6.0916858e-01  -2.1138653e-02   6.3151970e-01  -2.6747415e-02   6.1081845e-01   5.8892831e-02   6.4728052e-01  -4.2052888e-02
  -3.6591506e-01  -8.8730985e-02   5.7078119e-01  -3.1417944e-02   6.3166637e-01  -3.6877260e-02   5.7699939e-01  -8.2614695e-02   6.4667414e-01  -6.7910938e-02   5.9974463e-01  -6.7857546e-02   6.2142291e-01  -7.3351492e-02   6.1902028e-01   1.1224321e-02   6.3746840e-01  -7.2844458e-02
  -4.0333991e-01  -1.1933132e-01   5.6105634e-01  -6.0133701e-02   6.2079386e-01  -7.9627337e-02   5.6145633e-01  -9.8529896e-02   6.3404138e-01  -8.4755301e-02   5.8225732e-01  -9.7856494e-02   6.0378680e-01  -1.0203996e-01   6.1627905e-01  -3.3329116e-02   6.2371732e-01  -8.8185161e-02
  -4.4505994e-01  -1.1345854e-01   5.4703053e-01  -7.2561500e-02   6.0402796e-01  -1.0105428e-01   5.4499217e-01  -9.3596691e-02   6.2010353e-01  -8.3772992e-02   5.6076503e-01  -1.0620824e-01   5.8268026e-01  -1.0827177e-01   6.0456874e-01  -6.4646926e-02   6.0892058e-01  -8.5224578e-02
  -4.7908873e-01  -7.7127572e-02   5.3219830e-01  -6.8186982e-02   5.8545254e-01  -9.9758506e-02   5.3095921e-01  -7.0483069e-02   6.0773520e-01  -6.5963326e-02   5.3979904e-01  -9.3242203e-02   5.6252796e-01  -9.2931468e-02   5.8771700e-01  -7.7085325e-02   5.9607267e-01  -6.5551880e-02
