   6.1559263e-03   5.9372127e-01   8.4792417e-02   5.3972961e-01   1.6341426e-01   7.2976201e-01   1.9883517e-01   5.6617916e-01   3.3200652e-02   2.3234761e-01   5.7860889e-02   5.3516360e-01   4.8624040e-02   7.4221600e-01   1.2991730e-01   6.5764190e-01   2.1298955e-02   9.7285899e-02
   6.7507565e-02  -1.8935032e-01   2.2706204e-01   8.6049817e-01   3.2875215e-01   9.5603199e-01   2.8166025e-01   7.4717289e-01   1.0476746e-01   6.2400363e-01   1.8068228e-01   8.3455471e-01   2.3180432e-01   9.6574599e-01   3.2056007e-01   9.5084533e-01   7.5018932e-02   5.2061659e-01
  -9.1724799e-02  -7.8094006e-01   4.1543822e-01   1.0000000e+00   5.1999537e-01   1.0000000e+00   3.7982059e-01   8.2389156e-01   2.2920064e-01   8.7957320e-01   3.4301268e-01   9.8478362e-01   4.4160678e-01   1.0000000e+00   5.5091687e-01   1.0000000e+00   1.8951850e-01   8.1523526e-01
  -3.8026144e-01  -1.0000000e+00   6.1357500e-01   9.6243131e-01   7.0390487e-01   8.8656298e-01   4.8406417e-01   8.5341747e-01   3.8415408e-01   1.0000000e+00   5.1960055e-01   1.0000000e+00   6.4216641e-01   8.8658508e-01   7.6630741e-01   8.3044354e-01   3.4205288e-01   9.7211991e-01
  -6.7327925e-01  -8.1863278e-01   7.8949870e-01   7.8488325e-01   8.5456223e-01   6.6359791e-01   5.9090870e-01   8.6851099e-01   5.4863636e-01   9.9952006e-01   6.8871931e-01   9.0422335e-01   8.0815782e-01   6.8057750e-01   9.2389230e-01   5.1468368e-01   5.0994090e-01   1.0000000e+00
  -8.6144091e-01  -3.5682850e-01   9.2022901e-01   5.1679502e-01   9.5578674e-01   3.8094768e-01   6.9875750e-01   8.6609058e-01   7.0450915e-01   8.9784242e-01   8.3298607e-01   7.2144529e-01   9.2552904e-01   4.3152277e-01   1.0000000e+00   1.4056996e-01   6.7294615e-01   9.1778079e-01
  -8.8648426e-01   1.9425190e-01   9.9227967e-01   2.0207120e-01   1.0000000e+00   7.7040591e-02   8.0370253e-01   8.1498195e-01   8.3698534e-01   7.1596813e-01   9.3892424e-01   4.7213262e-01   9.8918845e-01   1.7450062e-01   9.9045337e-01  -2.1431392e-01   8.1436641e-01   7.4753691e-01
  -7.5033130e-01   6.4952513e-01   1.0000000e+00  -1.2356331e-01   9.8595330e-01  -2.1940465e-01   8.9728265e-01   6.7727384e-01   9.3475311e-01   4.7574978e-01   9.9657190e-01   1.7676083e-01   1.0000000e+00  -6.7765631e-02   9.0697060e-01  -4.8991987e-01   9.2125825e-01   5.1191269e-01
  -5.0621214e-01   8.6808425e-01   9.4463538e-01  -4.2525148e-01   9.1770018e-01  -4.8078016e-01   9.6712404e-01   4.3065973e-01   9.9021199e-01   2.0113942e-01   1.0000000e+00  -1.3849853e-01   9.6287097e-01  -2.7869001e-01   7.7325115e-01  -6.4273485e-01   9.8462557e-01   2.3547434e-01
  -2.4103458e-01   7.8147250e-01   8.3479862e-01  -6.6373335e-01   8.0498442e-01  -6.7547718e-01   1.0000000e+00   8.6553532e-02   1.0000000e+00  -7.9279251e-02   9.4874423e-01  -4.3714646e-01   8.8606278e-01  -4.4222319e-01   6.2086882e-01  -6.4985400e-01   1.0000000e+00  -5.2002440e-02
  -4.7614017e-02   4.2095927e-01   6.8703207e-01  -8.0038951e-01   6.6374135e-01  -7.7234065e-01   9.8663187e-01  -3.0422219e-01   9.6590860e-01  -3.3130091e-01   8.4968166e-01  -6.7360286e-01   7.8133974e-01  -5.4129499e-01   4.8337565e-01  -5.1756120e-01   9.6849356e-01  -3.1460750e-01
   5.8851309e-03  -8.8129741e-02   5.2445515e-01  -8.0997535e-01   5.1496179e-01  -7.5201190e-01   9.2580694e-01  -6.6462528e-01   8.9546702e-01  -5.1958004e-01   7.1778290e-01  -8.0325182e-01   6.6382295e-01  -5.6211548e-01   3.8925905e-01  -2.8377624e-01   8.9744579e-01  -5.1521090e-01
  -9.9912754e-02  -5.7127888e-01   3.7298474e-01  -6.9086262e-01   3.8146128e-01  -6.1598629e-01   8.2635859e-01  -9.1533196e-01   8.0151905e-01  -6.1626916e-01   5.7480237e-01  -7.9662633e-01   5.5065595e-01  -5.0032315e-01   3.5527587e-01  -8.7466253e-03   8.0000431e-01  -6.2399772e-01
  -3.3107424e-01  -8.7043202e-01   2.5629109e-01  -4.6642477e-01   2.8355823e-01  -3.8800337e-01   7.0571642e-01  -1.0000000e+00   7.0019615e-01  -6.0976721e-01   4.4541187e-01  -6.5094193e-01   4.5848195e-01  -3.6527397e-01   3.8336661e-01   2.4265891e-01   6.9309337e-01  -6.2679101e-01
  -6.1386265e-01  -8.9507505e-01   1.9138464e-01  -1.7910977e-01   2.3526681e-01  -1.0881235e-01   5.8600672e-01  -9.0122467e-01   6.0788188e-01  -5.0906301e-01   3.5212432e-01  -3.9375197e-01   4.0050032e-01  -1.8021813e-01   4.6165482e-01   4.1830188e-01   5.9437844e-01  -5.2959318e-01
  -8.6101770e-01  -6.4959376e-01   1.8568449e-01   1.1956138e-01   2.4177953e-01   1.7289590e-01   4.8873675e-01  -6.4526266e-01   5.3783690e-01  -3.4220369e-01   3.1017801e-01  -7.7792658e-02   3.8381590e-01   2.1432411e-02   5.6888784e-01   4.9038207e-01   5.1875016e-01  -3.5827222e-01
  -1.0000000e+00  -2.2237226e-01   2.3644239e-01   3.7996884e-01   2.9903894e-01   4.1069671e-01   4.2999967e-01  -2.9225982e-01   4.9777690e-01  -1.4838471e-01   3.2436850e-01   2.3242834e-01   4.0812203e-01   2.0341557e-01   6.8031989e-01   4.5596909e-01   4.7556621e-01  -1.5206270e-01
  -9.9493281e-01   2.5000539e-01   3.3188245e-01   5.6296923e-01   3.9486949e-01   5.6853099e-01   4.1707353e-01   8.0174612e-02   4.8873440e-01   3.2110503e-02   3.8812604e-01   4.7615327e-01   4.6580591e-01   3.3432936e-01   7.7285022e-01   3.3080919e-01   4.6703590e-01   4.6014736e-02
  -8.5365098e-01   6.3052952e-01   4.5392177e-01   6.4431766e-01   5.1156924e-01   6.2506566e-01   4.4752917e-01   3.9568583e-01   5.0574144e-01   1.6673646e-01   4.8555302e-01   6.0917521e-01   5.4372853e-01   3.9336904e-01   8.2849006e-01   1.4238207e-01   4.8852315e-01   1.9880881e-01
  -6.2207162e-01   8.1645314e-01   5.8128434e-01   6.1675422e-01   6.2889306e-01   5.7577979e-01   5.1033287e-01   5.9399141e-01   5.3952283e-01   2.3599730e-01   5.9496420e-01   6.1115867e-01   6.2575344e-01   3.7343496e-01   8.3668983e-01  -7.2352048e-02   5.3010944e-01   2.8179725e-01
  -3.6939686e-01   7.6517978e-01   6.9309995e-01   4.9196707e-01   7.2749337e-01   4.3483656e-01   5.8868952e-01   6.4486409e-01   5.7894955e-01   2.3724090e-01   6.9353739e-01   4.9016018e-01   6.9589666e-01   2.8345066e-01   7.9642323e-01  -2.6865078e-01   5.7917274e-01   2.8821338e-01
  -1.6656912e-01   5.0575843e-01   7.7276149e-01   2.9956747e-01   7.9258129e-01   2.3385974e-01   6.6447179e-01   5.5613227e-01   6.1396249e-01   1.8511201e-01   7.6246407e-01   2.8161691e-01   7.4180525e-01   1.4774238e-01   7.1727235e-01  -4.0174533e-01   6.2364464e-01   2.3036823e-01
  -6.6477091e-02   1.2718365e-01   8.1067937e-01   8.0797433e-02   8.1647986e-01   1.5382781e-02   7.2252621e-01   3.6923644e-01   6.3786566e-01   1.0669031e-01   7.9075590e-01   3.9532224e-02   7.5724710e-01   4.4039036e-04   6.1795316e-01  -4.3929049e-01   6.5471817e-01   1.3515122e-01
  -8.7377796e-02  -2.5110829e-01   8.0599865e-01  -1.2189506e-01   8.0011590e-01  -1.7787707e-01   7.5445868e-01   1.4493046e-01   6.4895090e-01   3.2333671e-02   7.7778336e-01  -1.7840127e-01   7.4357436e-01  -1.2412495e-01   5.2202174e-01  -3.7362652e-01   6.6891203e-01   3.5107441e-02
  -2.1160848e-01  -5.2020159e-01   7.6545266e-01  -2.7487472e-01   7.5168756e-01  -3.1328814e-01   7.5940824e-01  -5.7067623e-02   6.4993686e-01  -1.4232478e-02   7.3206528e-01  -3.2633674e-01   7.0840294e-01  -2.0091381e-01   4.5159330e-01  -2.2400229e-01   6.6786865e-01  -4.1829710e-02
  -3.9330128e-01  -6.1331756e-01   7.0106511e-01  -3.5969833e-01   6.8419012e-01  -3.7472217e-01   7.4302769e-01  -1.9405031e-01   6.4642114e-01  -2.2435787e-02   6.6837707e-01  -3.8077265e-01   6.6312459e-01  -2.1997207e-01   4.2177905e-01  -3.0421371e-02   6.5704551e-01  -7.9470207e-02
  -5.7488448e-01  -5.2312970e-01   6.2681023e-01  -3.7499938e-01   6.1195131e-01  -3.6416520e-01   7.1467987e-01  -2.4955376e-01   6.4448564e-01   3.3528434e-03   6.0332860e-01  -3.4413170e-01   6.1949108e-01  -1.8743052e-01   4.3715873e-01   1.5867832e-01   6.4339449e-01  -7.6244730e-02
  -7.0532548e-01  -2.9746842e-01   5.5547942e-01  -3.3346354e-01   5.4745114e-01  -2.9818274e-01   6.8416391e-01  -2.3249431e-01   6.4851222e-01   4.7327194e-02   5.5113093e-01  -2.4039321e-01   5.8662089e-01  -1.2146753e-01   4.9145735e-01   2.9970873e-01   6.3304480e-01  -4.3008764e-02
  -7.5476394e-01  -1.8287222e-02   4.9639960e-01  -2.5560357e-01   4.9906430e-01  -2.0111135e-01   6.5896662e-01  -1.6876101e-01   6.5978939e-01   8.8953562e-02   5.2049783e-01  -1.0551955e-01   5.6910271e-01  -4.5306621e-02   5.6990681e-01   3.6432402e-01   6.2959174e-01   2.4703485e-03
  -7.2032374e-01   2.2696044e-01   4.5463178e-01  -1.6300330e-01   4.7035511e-01  -9.7736091e-02   6.4294083e-01  -8.9654346e-02   6.7638183e-01   1.1000909e-01   5.1360620e-01   2.3503834e-02   5.6677296e-01   1.9879296e-02   6.5342508e-01   3.4370550e-01   6.3353201e-01   4.1950178e-02
  -6.2389997e-01   3.7066460e-01   4.3126037e-01  -7.3333586e-02   4.6053154e-01  -7.7150153e-03   6.3624485e-01  -2.1996178e-02   6.9393678e-01   9.9772278e-02   5.2670595e-01   1.1768346e-01   5.7569391e-01   6.0075630e-02   7.2313623e-01   2.4812439e-01   6.4262341e-01   6.1933441e-02
  -5.0301960e-01   3.8235817e-01   4.2447086e-01   2.2391152e-03   4.6577708e-01   5.7566614e-02   6.3634816e-01   1.8527885e-02   7.0716568e-01   5.7750587e-02   5.5209466e-01   1.6185904e-01   5.8997463e-01   7.0960645e-02   7.6441166e-01   1.0318656e-01   6.5299083e-01   5.6931674e-02
  -3.9803367e-01   2.7434110e-01   4.3091742e-01   5.9418457e-02   4.8094724e-01   9.5634708e-02   6.3961362e-01   2.9815784e-02   7.1154718e-01  -6.3823744e-03   5.8078297e-01   1.5656586e-01   6.0383870e-01   5.7702205e-02   7.6976848e-01  -5.6070978e-02   6.6058223e-01   3.0266586e-02
  -3.3950778e-01   9.4286908e-02   4.4698979e-01   9.9415784e-02   5.0117552e-01   1.1129903e-01   6.4291291e-01   2.1305919e-02   7.0479346e-01  -7.5742449e-02   6.0512823e-01   1.1562329e-01   6.1338050e-01   3.2137250e-02   7.4020890e-01  -1.9284330e-01   6.6254633e-01  -7.7580379e-03
  -3.3993384e-01  -9.2638287e-02   4.6965803e-01   1.2645381e-01   5.2295735e-01   1.1334890e-01   6.4471229e-01   8.2775232e-03   6.8760426e-01  -1.3141846e-01   6.2065652e-01   6.0170774e-02   6.1747647e-01   8.1344281e-03   6.8463741e-01  -2.7684187e-01   6.5808250e-01  -4.3779878e-02
  -3.9160576e-01  -2.2575756e-01   4.9679877e-01   1.4494039e-01   5.4455095e-01   1.1063117e-01   6.4536768e-01   4.7312070e-03   6.6352673e-01  -1.5834379e-01   6.2671255e-01   1.1147846e-02   6.1769350e-01  -3.3909637e-03   6.1749692e-01  -2.9150924e-01   6.4857050e-01  -6.6069933e-02
  -4.7113312e-01  -2.6771200e-01   5.2698173e-01   1.5710921e-01   5.6564558e-01   1.0869607e-01   6.4657029e-01   1.7423997e-02   6.3792284e-01  -1.4988833e-01   6.2581049e-01  -1.7305917e-02   6.1724515e-01   1.8750755e-03   5.5505970e-01  -2.3784024e-01   6.3694631e-01  -6.8393916e-02
  -5.4852559e-01  -2.1400971e-01   5.5889619e-01   1.6188934e-01   5.8652643e-01   1.0809875e-01   6.5024308e-01   4.3309698e-02   6.1640473e-01  -1.0957470e-01   6.2206644e-01  -2.1344008e-02   6.1943629e-01   2.0588617e-02   5.1137583e-01  -1.3342380e-01   6.2659405e-01  -5.1696308e-02
  -5.9732714e-01  -9.1042419e-02   5.9072071e-01   1.5536402e-01   6.0713031e-01   1.0482495e-01   6.5739568e-01   7.1130659e-02   6.0328091e-01  -4.9518448e-02   6.1938445e-01  -6.9949249e-03   6.2620526e-01   4.3471151e-02   4.9502016e-01  -7.0565096e-03   6.2018956e-01  -2.3196188e-02
  -6.0284131e-01   5.5317564e-02   6.1971145e-01   1.3271241e-01   6.2634071e-01   9.2582518e-02   6.6735792e-01   8.6274225e-02   6.0043066e-01   1.3620516e-02   6.1996559e-01   1.3447992e-02   6.3721116e-01   5.9026295e-02   5.0733854e-01   1.0937431e-01   6.1884546e-01   6.5339815e-03
  -5.6554252e-01   1.7595234e-01   6.4230863e-01   9.0965199e-02   6.4187864e-01   6.6067273e-02   6.7776765e-01   7.6902094e-02   6.0700259e-01   6.3688341e-02   6.2369104e-01   2.6687529e-02   6.4985334e-01   5.7831125e-02   5.4276784e-01   1.8903835e-01   6.2188443e-01   2.7347344e-02
  -4.9973695e-01   2.3358400e-01   6.5475707e-01   3.1481452e-02   6.5078018e-01   2.3898338e-02   6.8523547e-01   3.8981085e-02   6.1986027e-01   8.9463262e-02   6.2837614e-01   2.3305493e-02   6.6007639e-01   3.5949551e-02   5.9073647e-01   2.1630784e-01   6.2719055e-01   3.2800589e-02
  -4.2807612e-01   2.1317471e-01   6.5411549e-01  -3.8882118e-02   6.5033449e-01  -2.9807558e-02   6.8649561e-01  -2.1342465e-02   6.3464229e-01   8.7426541e-02   6.3077301e-01   9.9889246e-04   6.6373414e-01  -3.4565508e-03   6.3866385e-01   1.8962483e-01   6.3202143e-01   2.2083065e-02
  -3.7388905e-01   1.2499783e-01   6.3930956e-01  -1.0860293e-01   6.3913928e-01  -8.5891829e-02   6.7963877e-01  -8.8945256e-02   6.4709385e-01   6.2182425e-02   6.2793116e-01  -3.4754550e-02   6.5805860e-01  -5.0832770e-02   6.7520414e-01   1.2064132e-01   6.3399453e-01   5.6420039e-05
  -3.5399321e-01  -2.4545413e-04   6.1179892e-01  -1.6416350e-01   6.1785040e-01  -1.3250671e-01   6.6495339e-01  -1.4415778e-01   6.5423606e-01   2.4484592e-02   6.1840126e-01  -7.2712533e-02   6.4271221e-01  -9.3035650e-02   6.9282723e-01   3.0145137e-02   6.3189591e-01  -2.4544854e-02
  -3.7368699e-01  -1.2198648e-01   5.7565590e-01  -1.9364059e-01   5.8941361e-01  -1.5848974e-01   6.4515473e-01  -1.6888927e-01   6.5512279e-01  -1.2343600e-02   6.0296703e-01  -9.9671432e-02   6.2017748e-01  -1.1730827e-01   6.8934561e-01  -5.7848067e-02   6.2612099e-01  -4.2050042e-02
  -4.2584781e-01  -2.0340052e-01   5.3686827e-01  -1.9011922e-01   5.5857315e-01  -1.5676634e-01   6.2477626e-01  -1.5263876e-01   6.5089590e-01  -3.6683141e-02   5.8456967e-01  -1.0504959e-01   5.9520990e-01  -1.1532101e-01   6.6787523e-01  -1.2245529e-01   6.1853777e-01  -4.5135518e-02
  -4.9395842e-01  -2.2215805e-01   5.0212752e-01  -1.5360044e-01   5.3086042e-01  -1.2641567e-01   6.0898765e-01  -9.5896363e-02   6.4421677e-01  -4.1829008e-02   5.6751450e-01  -8.4271477e-02   5.7361285e-01  -8.5647730e-02   6.3551847e-01  -1.5057311e-01   6.1187805e-01  -3.1082642e-02
  -5.5762606e-01  -1.7615980e-01   4.7740783e-01  -9.1165208e-02   5.1134300e-01  -7.3101254e-02   6.0218592e-01  -1.0412394e-02   6.3831966e-01  -2.7555320e-02   5.5625583e-01  -4.0287311e-02   5.6070029e-01  -3.4280667e-02   6.0125214e-01  -1.3928383e-01   6.0887400e-01  -2.6101675e-03
  -5.9882766e-01  -8.2665362e-02   4.6670743e-01  -1.5362698e-02   5.0347377e-01  -7.7516276e-03   6.0677116e-01   8.3778970e-02   6.3598220e-01   3.4807104e-04   5.5412714e-01   1.7210217e-02   5.5989032e-01   2.6966254e-02   5.7359271e-01  -9.5522950e-02   6.1140243e-01   3.2956097e-02
  -6.0732943e-01   2.8444640e-02   4.7117998e-01   5.8781688e-02   5.0826590e-01   5.6163888e-02   6.2237808e-01   1.6382365e-01   6.3865391e-01   3.2260654e-02   5.6231156e-01   7.4558509e-02   5.7173209e-01   8.3712155e-02   5.5848196e-01  -3.3337531e-02   6.1983702e-01   6.5900138e-02
  -5.8268802e-01   1.2442933e-01   4.8906048e-01   1.1706268e-01   5.2418713e-01   1.0576559e-01   6.4598244e-01   2.0987762e-01   6.4614604e-01   5.7748797e-02   5.7955448e-01   1.1782411e-01   5.9385299e-01   1.2265821e-01   5.5826905e-01   3.0247154e-02   6.3293670e-01   8.6847648e-02
  -5.3401145e-01   1.7944720e-01   5.1606938e-01   1.4923867e-01   5.4749603e-01   1.3177553e-01   6.7253402e-01   2.1039230e-01   6.5668142e-01   6.8592407e-02   6.0236242e-01   1.3650968e-01   6.2146381e-01   1.3498733e-01   5.7138220e-01   7.9660832e-02   6.4807384e-01   8.9406647e-02
  -4.7634989e-01   1.8135469e-01   5.4647703e-01   1.5101612e-01   5.7319403e-01   1.3044740e-01   6.9624335e-01   1.6490011e-01   6.6749564e-01   6.0958770e-02   6.2592014e-01   1.2617361e-01   6.4860333e-01   1.1836079e-01   5.9321164e-01   1.0439855e-01   6.6193589e-01   7.1853475e-02
  -4.2602506e-01   1.3404466e-01   5.7435930e-01   1.2467472e-01   5.9615703e-01   1.0416529e-01   7.1197081e-01   8.4059017e-02   6.7562871e-01   3.6274847e-02   6.4525380e-01   8.9428312e-02   6.6955234e-01   7.7299938e-02   6.1752318e-01   1.0106304e-01   6.7135605e-01   3.7573375e-02
  -3.9607335e-01   5.5102877e-02   5.9479393e-01   7.8184988e-02   6.1221120e-01   6.0578529e-02   7.1640988e-01  -1.3099014e-02   6.7872134e-01   6.4609607e-04   6.5637915e-01   3.5113551e-02   6.8011257e-01   2.1880387e-02   6.3809107e-01   7.3478249e-02   6.7408387e-01  -5.8353674e-03
  -3.9239445e-01  -3.0470812e-02   6.0491276e-01   2.2991783e-02   6.1906694e-01   1.0448741e-02   7.0895718e-01  -1.0431628e-01   6.7572095e-01  -3.7014696e-02   6.5731834e-01  -2.4165593e-02   6.7864128e-01  -3.5029569e-02   6.5036220e-01   3.1073212e-02   6.6941631e-01  -4.8626978e-02
  -4.1321041e-01  -9.8346953e-02   6.0417787e-01  -2.8881369e-02   6.1653400e-01  -3.5135741e-02   6.9161434e-01  -1.6975711e-01   6.6704285e-01  -6.7593644e-02   6.4834394e-01  -7.5422311e-02   6.6614447e-01  -8.1061658e-02   6.5224867e-01  -1.4237099e-02   6.5825632e-01  -8.1466476e-02
  -4.5010381e-01  -1.3171005e-01   5.9429377e-01  -6.7529299e-02   6.0639715e-01  -6.7312560e-02   6.6845922e-01  -1.9674633e-01   6.5445299e-01  -8.4137869e-02   6.3183431e-01  -1.0839829e-01   6.4593745e-01  -1.0724426e-01   6.4442595e-01  -5.1185221e-02   6.4289536e-01  -9.7688751e-02
  -4.9118236e-01  -1.2538875e-01   5.7855288e-01  -8.7130619e-02   5.9177877e-01  -8.1248525e-02   6.4454570e-01  -1.8236290e-01   6.4055398e-01  -8.3497931e-02   6.1155920e-01  -1.1778405e-01   6.2268838e-01  -1.0984744e-01   6.2982737e-01  -7.1889431e-02   6.2641125e-01  -9.4754314e-02
  -5.2482648e-01  -8.5972994e-02   5.6092845e-01  -8.6664193e-02   5.7628696e-01  -7.6708280e-02   6.2468022e-01  -1.3325159e-01   6.2811353e-01  -6.6752899e-02   5.9172386e-01  -1.0390924e-01   6.0125655e-01  -9.0696457e-02   6.1265954e-01  -7.3322132e-02   6.1193548e-01  -7.4496226e-02
