   1.2982164e-01   3.8048289e-01   5.5404621e-02   7.4241203e-01   2.2373714e-02   6.1259829e-01   1.6354695e-01   8.0943207e-01   2.1910697e-03   1.7822303e-01   1.8531661e-01   8.1735573e-01   3.5330212e-02   5.3572936e-01   2.2074530e-02   4.2449879e-01   9.3859871e-02   3.0927127e-01
   1.2674757e-01  -3.7709039e-01   2.4464330e-01   9.5989052e-01   1.8284759e-01   8.9150272e-01   2.8565966e-01   9.7592375e-01   6.7350080e-02   5.6184975e-01   3.3300266e-01   9.8459294e-01   1.7237046e-01   8.5032469e-01   1.7552226e-01   8.2540254e-01   1.7432565e-01   6.7659860e-01
  -9.2634477e-02  -8.8748078e-01   4.6198904e-01   1.0000000e+00   3.8405049e-01   1.0000000e+00   4.1982828e-01   1.0000000e+00   1.8873661e-01   8.2992779e-01   4.9481841e-01   1.0000000e+00   3.5455985e-01   1.0000000e+00   3.9859418e-01   1.0000000e+00   3.0252537e-01   9.0608183e-01
  -4.1736078e-01  -1.0000000e+00   6.7028838e-01   8.8347950e-01   5.9071306e-01   9.4817491e-01   5.5142617e-01   9.4800048e-01   3.4564204e-01   9.7488583e-01   6.5004585e-01   9.1091292e-01   5.5014733e-01   9.9184094e-01   6.3493265e-01   9.4077657e-01   4.5639016e-01   1.0000000e+00
  -7.1288843e-01  -7.2767276e-01   8.4016082e-01   6.5700648e-01   7.7284010e-01   7.7318943e-01   6.7373288e-01   8.6695703e-01   5.1706281e-01   1.0000000e+00   7.8533680e-01   7.5823566e-01   7.3099116e-01   8.5359667e-01   8.3381702e-01   6.9862627e-01   6.1543306e-01   9.7416774e-01
  -8.7418314e-01  -2.2176012e-01   9.5308106e-01   3.6961756e-01   9.0924533e-01   5.1856705e-01   7.8407890e-01   7.6973089e-01   6.8321702e-01   9.1589479e-01   8.9253164e-01   5.6498006e-01   8.7522670e-01   6.2032997e-01   9.6072885e-01   3.5211956e-01   7.6213569e-01   8.4877116e-01
  -8.5597572e-01   3.2224086e-01   1.0000000e+00   5.8158957e-02   9.8709442e-01   2.1935320e-01   8.7944068e-01   6.3973432e-01   8.2665456e-01   7.3882504e-01   9.6583554e-01   3.3835830e-01   9.6776878e-01   3.2621683e-01   1.0000000e+00  -2.2601630e-02   8.8215793e-01   6.4293710e-01
  -6.7531806e-01   7.3240449e-01   9.7879398e-01  -2.4919496e-01   1.0000000e+00  -9.6683696e-02   9.5353470e-01   4.4909143e-01   9.3313094e-01   4.8987554e-01   1.0000000e+00   8.0209795e-02   1.0000000e+00   4.2498128e-03   9.5284547e-01  -3.6073342e-01   9.6412954e-01   3.7540731e-01
  -3.9855741e-01   8.8673088e-01   8.9359943e-01  -5.2153932e-01   9.4752058e-01  -3.9877261e-01   9.9688189e-01   1.8262400e-01   9.9251180e-01   1.9606494e-01   9.9052843e-01  -1.9959149e-01   9.6994789e-01  -3.0926678e-01   8.3492764e-01  -6.0574166e-01   1.0000000e+00   7.0187221e-02
  -1.2108235e-01   7.3515528e-01   7.5615734e-01  -7.2046843e-01   8.3663015e-01  -6.4674119e-01   1.0000000e+00  -1.4304267e-01   1.0000000e+00  -1.0724102e-01   9.3592620e-01  -4.7301267e-01   8.8332114e-01  -5.7132133e-01   6.7425457e-01  -7.1209804e-01   9.8639037e-01  -2.3768417e-01
   6.0344964e-02   3.2663589e-01   5.8676832e-01  -8.0869308e-01   6.8331703e-01  -7.9675018e-01   9.5807117e-01  -4.7482608e-01   9.5758310e-01  -3.7653502e-01   8.4074908e-01  -6.9337995e-01   7.5456006e-01  -7.3623013e-01   5.0717487e-01  -6.5937319e-01   9.2640806e-01  -5.0227139e-01
   8.2518976e-02  -1.9730495e-01   4.1225055e-01  -7.6625645e-01   5.1180092e-01  -8.1713116e-01   8.7521171e-01  -7.3925567e-01   8.7499835e-01  -5.6802007e-01   7.1785598e-01  -8.0890183e-01   6.0622184e-01  -7.6920343e-01   3.7034264e-01  -4.6511992e-01   8.3082212e-01  -6.7684802e-01
  -6.3613259e-02  -6.5922459e-01   2.6086417e-01  -6.0056006e-01   3.5037079e-01  -7.0192859e-01   7.6507773e-01  -8.7138628e-01   7.6857054e-01  -6.5030821e-01   5.8738662e-01  -7.8351434e-01   4.6530459e-01  -6.6069296e-01   2.9191073e-01  -1.8175222e-01   7.1685949e-01  -7.2890545e-01
  -3.3110326e-01  -9.0933473e-01   1.5633577e-01  -3.4463956e-01   2.2553183e-01  -4.7380260e-01   6.4819499e-01  -8.3721592e-01   6.5821500e-01  -6.1429923e-01   4.7298418e-01  -6.1173098e-01   3.5765532e-01  -4.3230635e-01   2.8484176e-01   1.1955239e-01   6.0506624e-01  -6.5067822e-01
  -6.3496906e-01  -8.7392835e-01   1.1316818e-01  -4.8176059e-02   1.5651411e-01  -1.7817747e-01   5.4687431e-01  -6.4505048e-01   5.6319622e-01  -4.7673369e-01   3.9629269e-01  -3.2387564e-01   3.0216718e-01  -1.3293815e-01   3.4494619e-01   3.6970156e-01   5.1497786e-01  -4.6264406e-01
  -8.8158186e-01  -5.7662119e-01   1.3427791e-01   2.3476892e-01   1.5160245e-01   1.2820294e-01   4.7955037e-01  -3.4289297e-01   4.9794033e-01  -2.7589421e-01   3.7153605e-01   2.0206716e-02   3.0651388e-01   1.7323283e-01   4.5357553e-01   5.1958194e-01   4.6086332e-01  -2.0900636e-01
  -1.0000000e+00  -1.2217126e-01   2.1139962e-01   4.5783029e-01   2.0718273e-01   3.9103646e-01   4.5631503e-01  -2.2172450e-03   4.6918538e-01  -6.0082569e-02   4.0192069e-01   3.4787160e-01   3.6575499e-01   4.2367630e-01   5.8370068e-01   5.4822834e-01   4.4876555e-01   5.4470823e-02
  -9.6100139e-01   3.4768255e-01   3.2768737e-01   5.8908206e-01   3.0949471e-01   5.6839314e-01   4.7730129e-01   3.0213587e-01   4.7549448e-01   1.2493491e-01   4.7924509e-01   5.9185915e-01   4.6422561e-01   5.7134584e-01   7.0635815e-01   4.5945424e-01   4.7590671e-01   2.7423067e-01
  -7.8264145e-01   6.9807658e-01   4.6105899e-01   6.1320585e-01   4.3768373e-01   6.3564025e-01   5.3315895e-01   5.0722167e-01   5.0838279e-01   2.4474918e-01   5.8571983e-01   7.0331837e-01   5.7920052e-01   5.9213602e-01   7.9583713e-01   2.7619537e-01   5.3179592e-01   4.0938972e-01
  -5.2147359e-01   8.3662834e-01   5.8805957e-01   5.3258313e-01   5.6784717e-01   5.8808906e-01   6.0761818e-01   5.7483105e-01   5.5490379e-01   2.8227849e-01   6.9788594e-01   6.6162141e-01   6.8586305e-01   4.8805141e-01   8.3395874e-01   3.7383194e-02   6.0099191e-01   4.3943366e-01
  -2.5439503e-01   7.3411898e-01   6.8774020e-01   3.6796643e-01   6.7728910e-01   4.4212948e-01   6.8149496e-01   5.0060329e-01   6.0090878e-01   2.4083846e-01   7.9165672e-01   4.8007581e-01   7.6231100e-01   2.8710985e-01   8.1345369e-01  -2.0481780e-01   6.6670885e-01   3.6833699e-01
  -5.6649453e-02   4.3328183e-01   7.4546763e-01   1.5647109e-01   7.4875068e-01   2.3351335e-01   7.3742149e-01   3.1741762e-01   6.3451477e-01   1.4406813e-01   8.4776385e-01   2.0606306e-01   7.9422433e-01   3.9496046e-02   7.4031161e-01  -3.9344650e-01   7.1469611e-01   2.2453759e-01
   2.2003931e-02   3.4881199e-02   7.5597538e-01  -5.6878833e-02   7.7401411e-01   8.9648461e-03   7.6470002e-01   8.5623308e-02   6.4935333e-01   2.8799925e-02   8.5686439e-01  -9.0810495e-02   7.7847634e-01  -1.9463986e-01   6.3322332e-01  -4.8321708e-01   7.3687445e-01   5.2711681e-02
  -3.0675120e-02  -3.3840852e-01   7.2352608e-01  -2.3055704e-01   7.5461260e-01  -1.8584483e-01   7.6133478e-01  -1.2725152e-01   6.4555570e-01  -6.6944879e-02   8.2111396e-01  -3.3897105e-01   7.2309843e-01  -3.6140197e-01   5.1875747e-01  -4.5452048e-01   7.3255757e-01  -1.0009380e-01
  -1.8782980e-01  -5.8069357e-01   6.6018633e-01  -3.3627589e-01   7.0059671e-01  -3.1715967e-01   7.3378206e-01  -2.6674347e-01   6.2906895e-01  -1.1554665e-01   7.5306597e-01  -4.8451761e-01   6.4481176e-01  -4.2744930e-01   4.2441404e-01  -3.1938664e-01   7.0788356e-01  -1.9775737e-01
  -3.9485558e-01  -6.3423394e-01   5.8222118e-01  -3.6429224e-01   6.2720600e-01  -3.6981188e-01   6.9406205e-01  -3.0620224e-01   6.0910981e-01  -1.0726648e-01   6.7157939e-01  -5.0447639e-01   5.6411855e-01  -3.8763115e-01   3.7142099e-01  -1.1667536e-01   6.7324483e-01  -2.2396414e-01
  -5.8792070e-01  -5.0305014e-01   5.0600046e-01  -3.2340657e-01   5.5081463e-01  -3.4831279e-01   6.5563416e-01  -2.5150265e-01   5.9494390e-01  -5.1371154e-02   5.9650775e-01  -4.0989736e-01   4.9985885e-01  -2.6406984e-01   3.6974411e-01   1.0015625e-01   6.3991611e-01  -1.8422805e-01
  -7.1453039e-01  -2.4596428e-01   4.4426836e-01  -2.3589918e-01   4.8503732e-01  -2.7243397e-01   6.2916968e-01  -1.3486960e-01   5.9286103e-01   2.8978829e-02   5.4347382e-01  -2.3870169e-01   4.6446929e-01  -9.7267446e-02   4.1626266e-01   2.7885239e-01   6.1674690e-01  -1.0113862e-01
  -7.4692679e-01   4.8832332e-02   4.0426002e-01  -1.2938963e-01   4.3854253e-01  -1.6909833e-01   6.2012247e-01  -5.2538032e-04   6.0469636e-01   1.0577193e-01   5.2088918e-01  -4.1388525e-02   4.6194331e-01   6.7111250e-02   4.9693614e-01   3.8093192e-01   6.0831514e-01  -4.9688038e-03
  -6.8785083e-01   2.9228663e-01   3.8723531e-01  -2.9253306e-02   4.1423844e-01  -6.4593913e-02   6.2793500e-01   1.0965821e-01   6.2761815e-01   1.5461534e-01   5.2887906e-01   1.3303593e-01   4.8782829e-01   1.9032408e-01   5.9089288e-01   3.8906515e-01   6.1431809e-01   7.5504181e-02
  -5.6597493e-01   4.1982090e-01   3.8968516e-01   4.6641948e-02   4.1014029e-01   2.1154545e-02   6.4725597e-01   1.6732466e-01   6.5540110e-01   1.6093258e-01   5.6060270e-01   2.4831473e-01   5.3157723e-01   2.4890419e-01   6.7583345e-01   3.0804988e-01   6.3049843e-01   1.2018040e-01
  -4.2504550e-01   4.0680255e-01   4.0525209e-01   9.0290242e-02   4.2102847e-01   7.7479561e-02   6.7018421e-01   1.6349794e-01   6.8039601e-01   1.2301195e-01   6.0487609e-01   2.8761052e-01   5.7990133e-01   2.3833200e-01   7.3297973e-01   1.6189398e-01   6.5036670e-01   1.2160500e-01
  -3.0948049e-01   2.7264153e-01   4.2693525e-01   1.0341977e-01   4.4049737e-01   1.0343881e-01   6.8900275e-01   1.0914358e-01   6.9580450e-01   5.1927573e-02   6.4956362e-01   2.5546505e-01   6.2047520e-01   1.7220972e-01   7.5105319e-01  -1.2195432e-02   6.6734224e-01   8.5667182e-02
  -2.5163827e-01   7.1645860e-02   4.4888799e-01   9.5106276e-02   4.6273127e-01   1.0590949e-01   6.9843818e-01   2.9975646e-02   6.9751128e-01  -3.1951596e-02   6.8463945e-01   1.7415463e-01   6.4483497e-01   7.7041364e-02   7.2829770e-01  -1.7204528e-01   6.7658818e-01   2.8644013e-02
  -2.6176989e-01  -1.2673636e-01   4.6782751e-01   7.7694897e-02   4.8399420e-01   9.5858685e-02   6.9731326e-01  -4.3367908e-02   6.8539709e-01  -1.0546236e-01   7.0477424e-01   7.5157947e-02   6.5044218e-01  -1.6607649e-02   6.7281582e-01  -2.8112038e-01   6.7644835e-01  -2.8816521e-02
  -3.2851727e-01  -2.6092562e-01   4.8302066e-01   6.2465399e-02   5.0279183e-01   8.3998421e-02   6.8816997e-01  -8.5855063e-02   6.6295165e-01  -1.4956501e-01   7.0958328e-01  -1.1276439e-02   6.4017720e-01  -8.3021713e-02   5.9977656e-01  -3.1659791e-01   6.6834623e-01  -6.8522679e-02
  -4.2378394e-01  -2.9579166e-01   4.9578685e-01   5.6063360e-02   5.1955769e-01   7.7114688e-02   6.7611563e-01  -8.6175116e-02   6.3620938e-01  -1.5488994e-01   7.0291202e-01  -6.5031837e-02   6.2090552e-01  -1.0839483e-01   5.2759649e-01  -2.7508384e-01   6.5606946e-01  -8.0305323e-02
  -5.1357731e-01  -2.3080110e-01   5.0821392e-01   5.8883772e-02   5.3554507e-01   7.6223233e-02   6.6666259e-01  -4.9366318e-02   6.1180593e-01  -1.2369934e-01   6.9068445e-01  -8.0510923e-02   6.0076151e-01  -9.3307785e-02   4.7314972e-01  -1.7233398e-01   6.4419918e-01  -6.4338120e-02
  -5.6915482e-01  -9.6557067e-02   5.2182506e-01   6.5674027e-02   5.5162831e-01   7.6968319e-02   6.6368388e-01   6.2510819e-03   5.9508171e-01  -6.8196254e-02   6.7857768e-01  -6.5771854e-02   5.8649819e-01  -5.0680539e-02   4.4772067e-01  -3.8018580e-02   6.3652018e-01  -2.9908639e-02
  -5.7536704e-01   5.8150225e-02   5.3660770e-01   6.8174527e-02   5.6741233e-01   7.2112820e-02   6.6810139e-01   5.6539620e-02   5.8874083e-01  -5.9788327e-03   6.7020411e-01  -3.7278673e-02   5.8160608e-01  -1.4860048e-04   4.5469133e-01   9.2943153e-02   6.3487061e-01   8.6884485e-03
  -5.3394602e-01   1.8287078e-01   5.5074274e-01   5.8680163e-02   5.8098857e-01   5.5005898e-02   6.7769295e-01   8.0219158e-02   5.9239771e-01   4.5445966e-02   6.6631771e-01  -1.2923772e-02   5.8567450e-01   3.8746362e-02   4.8939473e-01   1.8948727e-01   6.3875340e-01   3.7279936e-02
  -4.6152382e-01   2.4071844e-01   5.6109130e-01   3.3337405e-02   5.8940203e-01   2.2819248e-02   6.8797923e-01   6.6117041e-02   6.0301881e-01   7.3576318e-02   6.6510479e-01  -5.5931773e-03   5.9500295e-01   5.2600594e-02   5.4094387e-01   2.3174898e-01   6.4572579e-01   4.6395603e-02
  -3.8323905e-01   2.1818329e-01   5.6428025e-01  -6.0329433e-03   5.8968002e-01  -2.1687120e-02   6.9388775e-01   1.6753230e-02   6.1609059e-01   7.3960729e-02   6.6337127e-01  -1.9181111e-02   6.0420684e-01   3.7742315e-02   5.9546748e-01   2.1486882e-01   6.5240706e-01   3.3960557e-02
  -3.2439460e-01   1.2754183e-01   5.5795483e-01  -5.2135722e-02   5.8000703e-01  -7.0450501e-02   6.9158146e-01  -5.2548729e-02   6.2708659e-01   5.0786861e-02   6.5808847e-01  -4.7910714e-02   6.0819517e-01   6.7987824e-04   6.3974795e-01   1.4882864e-01   6.5570780e-01   5.5314226e-03
  -3.0261094e-01   1.2711249e-03   5.4177263e-01  -9.4343742e-02   5.6062933e-01  -1.1237215e-01   6.7987851e-01  -1.1881102e-01   6.3281699e-01   1.4879349e-02   6.4777869e-01  -7.9037968e-02   6.0392921e-01  -4.4638744e-02   6.6437200e-01   5.4541244e-02   6.5390089e-01  -2.7940289e-02
  -3.2292610e-01  -1.1948752e-01   5.1778595e-01  -1.2194413e-01   5.3414503e-01  -1.3669822e-01   6.6078244e-01  -1.5901286e-01   6.3225468e-01  -2.0172581e-02   6.3325507e-01  -9.7843598e-02   5.9141093e-01  -8.1741702e-02   6.6562012e-01  -4.2444734e-02   6.4718632e-01  -5.3983394e-02
  -3.7717303e-01  -1.9821732e-01   4.9009889e-01  -1.2732065e-01   5.0507532e-01  -1.3628404e-01   6.3896962e-01  -1.5747437e-01   6.2662640e-01  -4.2380073e-02   6.1749302e-01  -9.3016071e-02   5.7363912e-01  -9.6986713e-02   6.4574966e-01  -1.1865942e-01   6.3759495e-01  -6.2723753e-02
  -4.4738936e-01  -2.1391884e-01   4.6392923e-01  -1.0816956e-01   4.7885778e-01  -1.0978200e-01   6.2043826e-01  -1.1080345e-01   6.1882207e-01  -4.4880903e-02   6.0473407e-01  -6.0700654e-02   5.5563406e-01  -8.3751434e-02   6.1182053e-01  -1.5820777e-01   6.2831162e-01  -4.9988921e-02
  -5.1198847e-01  -1.6614794e-01   4.4435068e-01  -6.8124282e-02   4.6055399e-01  -6.2107973e-02   6.1074632e-01  -2.8858659e-02   6.1234388e-01  -2.7543948e-02   5.9913214e-01  -5.8902688e-03   5.4286277e-01  -4.4176431e-02   5.7347307e-01  -1.5572217e-01   6.2264704e-01  -1.8429493e-02
  -5.5260687e-01  -7.3406072e-02   4.3505158e-01  -1.5771630e-02   4.5361477e-01  -3.2034001e-03   6.1335360e-01   6.8209006e-02   6.1014441e-01   3.5464686e-03   6.0338039e-01   5.9011910e-02   5.3955723e-01   1.1760704e-02   5.4029624e-01  -1.1650033e-01   6.2298098e-01   2.3466425e-02
  -5.5904951e-01   3.4186012e-02   4.3752790e-01   3.7595190e-02   4.5912268e-01   5.4478997e-02   6.2867107e-01   1.5573595e-01   6.1377848e-01   3.8407369e-02   6.1784360e-01   1.1787044e-01   5.4753537e-01   6.9419702e-02   5.1962439e-01  -5.3951659e-02   6.3006770e-01   6.4053445e-02
  -5.3184091e-01   1.2452327e-01   4.5073749e-01   8.0727859e-02   4.7552315e-01   9.8959217e-02   6.5382605e-01   2.1120812e-01   6.2294606e-01   6.6214396e-02   6.4025598e-01   1.5531787e-01   5.6562151e-01   1.1361400e-01   5.1496237e-01   1.4355645e-02   6.4275022e-01   9.1858500e-02
  -4.8107002e-01   1.7330302e-01   4.7144564e-01   1.0515305e-01   4.9906565e-01   1.2159911e-01   6.8342730e-01   2.2035424e-01   6.3565174e-01   7.8505948e-02   6.6624631e-01   1.6113340e-01   5.8999836e-01   1.3285747e-01   5.2559360e-01   7.1476633e-02   6.5828388e-01   9.8864784e-02
  -4.2266775e-01   1.7003920e-01   4.9504552e-01   1.0694638e-01   5.2471042e-01   1.1889298e-01   7.1092688e-01   1.8052387e-01   6.4881688e-01   7.1317853e-02   6.9040341e-01   1.3285941e-01   6.1522691e-01   1.2215610e-01   5.4724327e-01   1.0493880e-01   6.7306767e-01   8.2524266e-02
  -3.7347517e-01   1.2016159e-01   5.1663432e-01   8.7486130e-02   5.4727512e-01   9.3134218e-02   7.3023561e-01   1.0135593e-01   6.5913444e-01   4.6156228e-02   7.0759410e-01   7.6574335e-02   6.3562170e-01   8.4214620e-02   5.7344146e-01   1.0936377e-01   6.8357267e-01   4.6435622e-02
  -3.4604069e-01   4.2071262e-02   5.3218451e-01   5.2807240e-02   5.6264733e-01   5.1563345e-02   7.3730905e-01   1.9407858e-03   6.6402520e-01   9.3478222e-03   7.1430666e-01   5.1892574e-03   6.4676067e-01   2.8463061e-02   5.9742094e-01   8.7115356e-02   6.8730863e-01  -7.6460899e-04
  -3.4594095e-01  -3.9444982e-02   5.3925460e-01   1.1792736e-02   5.6848939e-01   4.3132850e-03   7.3089949e-01  -9.4378292e-02   6.6220340e-01  -2.9981738e-02   7.0933015e-01  -6.5074161e-02   6.4637717e-01  -3.1737912e-02   6.1363886e-01   4.6651986e-02   6.8333451e-01  -4.7861942e-02
  -3.7006784e-01  -1.0114985e-01   5.3755016e-01  -2.6162218e-02   5.6477358e-01  -3.8202414e-02   7.1298739e-01  -1.6629066e-01   6.5409640e-01  -6.2508230e-02   6.9417528e-01  -1.1902350e-01   6.3502906e-01  -8.2681410e-02   6.1921071e-01  -5.4024555e-05   6.7259454e-01  -8.4118195e-02
  -4.0915430e-01  -1.2798803e-01   5.2860228e-01  -5.3443134e-02   5.5339028e-01  -6.7748371e-02   6.8788424e-01  -1.9961893e-01   6.4150810e-01  -8.1208458e-02   6.7237635e-01  -1.4619560e-01   6.1558571e-01  -1.1379309e-01   6.1406622e-01  -4.1151353e-02   6.5746231e-01  -1.0196729e-01
  -4.5069556e-01  -1.1648978e-01   5.1528900e-01  -6.5736906e-02   5.3760418e-01  -7.9868592e-02   6.6119109e-01  -1.9019475e-01   6.2715598e-01  -8.2883377e-02   6.4865032e-01  -1.4298493e-01   5.9250610e-01  -1.1984582e-01   6.0070839e-01  -6.7614298e-02   6.4117383e-01  -9.8609315e-02
  -4.8303134e-01  -7.4581925e-02   5.0099699e-01  -6.2649007e-02   5.2114860e-01  -7.4467672e-02   6.3835661e-01  -1.4400325e-01   6.1393116e-01  -6.8600483e-02   6.2769918e-01  -1.1290180e-01   5.7065693e-01  -1.0174303e-01   5.8325592e-01  -7.5122178e-02   6.2699382e-01  -7.6308513e-02
