   1.7533072e-01   3.9375468e-01   1.2339533e-01   7.4633832e-01   1.3186941e-01   2.0709767e-01   8.0588838e-03   1.6959148e-01   8.7495552e-02   1.0446430e-01   3.9204397e-02   4.7313234e-01   7.6881569e-02   8.9528319e-02   9.8090866e-02   7.1357050e-02   1.7382613e-02   4.5646594e-01
   1.8385219e-01  -3.3128236e-01   3.0064762e-01   9.6193219e-01   2.0413405e-01   6.1613630e-01   6.8609789e-02   5.3238735e-01   1.3217673e-01   4.7519963e-01   1.4959062e-01   7.9667927e-01   1.2299762e-01   4.5490319e-01   1.6669492e-01   5.6820057e-01   1.2378981e-01   7.6658957e-01
  -4.1663049e-02  -8.4863177e-01   5.0371803e-01   1.0000000e+00   3.3528506e-01   8.8762119e-01   1.8167318e-01   7.9201935e-01   2.2515346e-01   7.4810739e-01   3.0154284e-01   9.6432546e-01   2.2312483e-01   7.3842173e-01   3.2200946e-01   8.9403683e-01   2.7201363e-01   9.4537699e-01
  -3.9251594e-01  -1.0000000e+00   6.9793459e-01   8.8128522e-01   4.9943226e-01   1.0000000e+00   3.2966074e-01   9.4717630e-01   3.5171587e-01   9.2316501e-01   4.7038409e-01   1.0000000e+00   3.6233954e-01   9.2431664e-01   5.2246228e-01   1.0000000e+00   4.3998125e-01   1.0000000e+00
  -7.2744635e-01  -7.7283905e-01   8.5573007e-01   6.5142798e-01   6.6959899e-01   9.6102791e-01   4.9514112e-01   1.0000000e+00   4.9719078e-01   1.0000000e+00   6.3613240e-01   9.3247039e-01   5.2338022e-01   1.0000000e+00   7.2250738e-01   8.9615091e-01   6.0796744e-01   9.4914107e-01
  -9.2804811e-01  -2.9598320e-01   9.5943988e-01   3.5818971e-01   8.2181060e-01   7.9526989e-01   6.6098979e-01   9.5160412e-01   6.4669407e-01   9.7659503e-01   7.8326880e-01   7.8439851e-01   6.8718403e-01   9.5663436e-01   8.8358694e-01   6.3537958e-01   7.5972117e-01   8.1333264e-01
  -9.3671880e-01   2.4286048e-01   1.0000000e+00   3.7126515e-02   9.3666982e-01   5.2969016e-01   8.1016987e-01   8.0210277e-01   7.8516971e-01   8.5339097e-01   8.9943751e-01   5.7036390e-01   8.3373935e-01   7.9218298e-01   9.8002948e-01   2.8463963e-01   8.8221685e-01   6.0919594e-01
  -7.6332081e-01   6.7406613e-01   9.7457505e-01  -2.8404291e-01   9.9931198e-01   1.9110018e-01   9.2585804e-01   5.5553610e-01   8.9808351e-01   6.3776745e-01   9.7435679e-01   3.0186123e-01   9.4355890e-01   5.1605567e-01   1.0000000e+00  -9.1151514e-02   9.6495678e-01   3.5072187e-01
  -4.7148728e-01   8.7303453e-01   8.8624370e-01  -5.7340058e-01   1.0000000e+00  -1.8582162e-01   9.9279517e-01   2.2752615e-01   9.7272752e-01   3.4700026e-01   1.0000000e+00  -5.1180538e-03   1.0000000e+00   1.5386805e-01   9.4482450e-01  -4.2888798e-01   1.0000000e+00   5.4677167e-02
  -1.5995455e-01   7.7893361e-01   7.4564525e-01  -7.8875166e-01   9.3631746e-01  -5.4917922e-01   1.0000000e+00  -1.4480886e-01   1.0000000e+00   1.3187388e-02   9.7209063e-01  -3.2066789e-01   9.9241791e-01  -2.4621921e-01   8.2892116e-01  -6.6642969e-01   9.8302086e-01  -2.5199000e-01
   6.6646167e-02   4.2263146e-01   5.7248065e-01  -8.8623191e-01   8.1619994e-01  -8.3261736e-01   9.4492652e-01  -4.9990213e-01   9.7698811e-01  -3.1403270e-01   8.9304596e-01  -5.9680558e-01   9.2016866e-01  -6.1364234e-01   6.7859595e-01  -7.5456218e-01   9.1551291e-01  -5.2871856e-01
   1.3218882e-01  -7.4650528e-02   3.9396418e-01  -8.3905707e-01   6.5888089e-01  -9.7437985e-01   8.3656686e-01  -7.6553949e-01   9.0907346e-01  -5.7577830e-01   7.7432766e-01  -7.7789465e-01   7.9514756e-01  -8.7087135e-01   5.2734694e-01  -6.7580827e-01   8.0660802e-01  -7.2857462e-01
   1.5307345e-02  -5.4503031e-01   2.3981081e-01  -6.5065283e-01   4.9216296e-01  -9.3945558e-01   6.9534877e-01  -8.8224927e-01   8.1012539e-01  -7.2091060e-01   6.3616428e-01  -8.1993349e-01   6.4100864e-01  -9.5770269e-01   4.0804483e-01  -4.5395489e-01   6.7300465e-01  -8.1256091e-01
  -2.4490950e-01  -8.3615873e-01   1.3581948e-01  -3.5506768e-01   3.4658628e-01  -7.3178365e-01   5.4914890e-01  -8.2361548e-01   7.0000604e-01  -7.2294418e-01   5.0400377e-01  -7.0774374e-01   4.8844325e-01  -8.5190453e-01   3.4480356e-01  -1.4725111e-01   5.3638767e-01  -7.6311281e-01
  -5.6436626e-01  -8.6097468e-01   9.8431843e-02  -8.2455362e-03   2.4864811e-01  -3.9380959e-01   4.2677824e-01  -6.0564788e-01   6.0006711e-01  -5.8933392e-01   4.0280027e-01  -4.6283806e-01   3.6800217e-01  -5.7791668e-01   3.4756981e-01   1.6914264e-01   4.1906047e-01  -5.9120711e-01
  -8.4325786e-01  -6.2388198e-01   1.3157960e-01   3.2582108e-01   2.1498719e-01   4.5268411e-03   3.5096074e-01  -2.8302467e-01   5.2803781e-01  -3.5985550e-01   3.5092756e-01  -1.3947767e-01   3.0262498e-01  -2.0118035e-01   4.1073991e-01   4.2430372e-01   3.3905971e-01  -3.3490403e-01
  -1.0000000e+00  -2.1229204e-01   2.2660739e-01   5.9035292e-01   2.4914411e-01   3.8472585e-01   3.3297787e-01   6.7996221e-02   4.9395506e-01  -9.3368073e-02   3.5572351e-01   1.9129779e-01   3.0219768e-01   1.9161958e-01   5.1599496e-01   5.6875407e-01   3.0624408e-01  -4.8529536e-02
  -9.9354220e-01   2.4232820e-01   3.6491926e-01   7.4479546e-01   3.4188380e-01   6.7704651e-01   3.7112256e-01   3.7057962e-01   4.9881623e-01   1.4934164e-01   4.1253696e-01   4.6070793e-01   3.6230434e-01   5.1580252e-01   6.3754219e-01   5.7973063e-01   3.2094504e-01   2.1157416e-01
  -8.3339751e-01   6.0737190e-01   5.2154532e-01   7.6820515e-01   4.7348673e-01   8.3197311e-01   4.5170171e-01   5.6368497e-01   5.3508357e-01   3.1880083e-01   5.0608667e-01   6.1631982e-01   4.6576879e-01   7.0677079e-01   7.4760896e-01   4.6092117e-01   3.7443532e-01   3.9891067e-01
  -5.7171693e-01   7.8465990e-01   6.6936932e-01   6.6011393e-01   6.1803350e-01   8.2652954e-01   5.5295699e-01   6.1275600e-01   5.8927732e-01   3.8532865e-01   6.1430152e-01   6.3080057e-01   5.8729476e-01   7.3108547e-01   8.2177278e-01   2.4019251e-01   4.5154306e-01   4.8477457e-01
  -2.8674787e-01   7.3273528e-01   7.8343752e-01   4.4284400e-01   7.4827700e-01   6.6916607e-01   6.5004734e-01   5.1694044e-01   6.4530654e-01   3.4473103e-01   7.1301831e-01   5.0795892e-01   6.9908459e-01   5.9308949e-01   8.4378020e-01  -3.1540128e-02   5.3408744e-01   4.6350718e-01
  -5.9873859e-02   4.7902650e-01   8.4562137e-01   1.6096711e-01   8.4114146e-01   4.0049014e-01   7.2094902e-01   3.1127158e-01   6.8847863e-01   2.2059354e-01   7.8147215e-01   2.8458085e-01   7.7721918e-01   3.3582003e-01   8.0974894e-01  -2.8777150e-01   6.0499464e-01   3.5428724e-01
   4.9854367e-02   1.1024447e-01   8.4861496e-01  -1.2777660e-01   8.8284153e-01   8.3614524e-02   7.5216940e-01   5.6992188e-02   7.0949689e-01   5.7469551e-02   8.0758420e-01   2.1237740e-02   8.0763226e-01   2.9659193e-02   7.2984485e-01  -4.6446111e-01   6.5236760e-01   1.9529466e-01
   2.0873489e-02  -2.5886967e-01   7.9689095e-01  -3.6695049e-01   8.7100514e-01  -2.1292537e-01   7.4130454e-01  -1.7723662e-01   7.0634066e-01  -9.3516761e-02   7.9023082e-01  -2.1557336e-01   7.8864345e-01  -2.4809743e-01   6.2546336e-01  -5.1920713e-01   6.7152920e-01   3.1718029e-02
  -1.2669976e-01  -5.2223137e-01   7.0514253e-01  -5.1500097e-01   8.1426181e-01  -4.3233520e-01   6.9678917e-01  -3.3483291e-01   6.8418884e-01  -1.9023162e-01   7.3879901e-01  -3.7208527e-01   7.3051036e-01  -4.3435107e-01   5.2342088e-01  -4.4346572e-01   6.6522597e-01  -9.7073149e-02
  -3.4052807e-01  -6.1397553e-01   5.9424047e-01  -5.5376343e-01   7.2903666e-01  -5.4191112e-01   6.3450298e-01  -3.8565805e-01   6.5309507e-01  -2.1112550e-01   6.6972136e-01  -4.2079907e-01   6.5163651e-01  -4.9564154e-01   4.4864618e-01  -2.6318860e-01   6.4170060e-01  -1.6730752e-01
  -5.5419311e-01  -5.2522474e-01   4.8618952e-01  -4.9044834e-01   6.3492278e-01  -5.3800034e-01   5.7275416e-01  -3.3164765e-01   6.2451004e-01  -1.5954211e-01   6.0150121e-01  -3.6537763e-01   5.7307897e-01  -4.3405805e-01   4.1787806e-01  -2.9647634e-02   6.1160878e-01  -1.7501077e-01
  -7.0868324e-01  -3.0157557e-01   3.9921554e-01  -3.5274698e-01   5.4976759e-01  -4.4246452e-01   5.2698397e-01  -2.0236670e-01   6.0766014e-01  -5.9720023e-02   5.4956888e-01  -2.3572045e-01   5.1277934e-01  -2.8236511e-01   4.3582361e-01   1.9654253e-01   5.8465614e-01  -1.3381644e-01
  -7.6825159e-01  -2.1785770e-02   3.4472383e-01  -1.7883647e-01   4.8629758e-01  -2.9200555e-01   5.0627932e-01  -4.2267592e-02   6.0726814e-01   5.3674649e-02   5.2299319e-01  -7.5308870e-02   4.8171680e-01  -9.0348697e-02   4.9521320e-01   3.6184547e-01   5.6727947e-01  -6.7482652e-02
  -7.2827260e-01   2.2840681e-01   3.2608553e-01  -7.2490618e-03   4.5046366e-01  -1.2661373e-01   5.1190234e-01   1.0304666e-01   6.2272420e-01   1.4642530e-01   5.2318103e-01   7.2003543e-02   4.8218534e-01   9.0010104e-02   5.7938002e-01   4.3169355e-01   5.6154792e-01  -1.6670512e-03
  -6.1284720e-01   3.8170958e-01   3.3950297e-01   1.3130587e-01   4.4179654e-01   2.0192623e-02   5.3820173e-01   1.9874730e-01   6.4891563e-01   1.9388622e-01   5.4486218e-01   1.7306516e-01   5.0861990e-01   2.1769539e-01   6.6706791e-01   3.9620576e-01   5.6551467e-01   4.3354585e-02
  -4.6468200e-01   4.0504295e-01   3.7612501e-01   2.1830572e-01   4.5505879e-01   1.2664492e-01   5.7508905e-01   2.2748279e-01   6.7809284e-01   1.8589149e-01   5.7850805e-01   2.1140777e-01   5.5015918e-01   2.7039777e-01   7.3751637e-01   2.6981870e-01   5.7455865e-01   5.6867249e-02
  -3.3102057e-01   3.0651318e-01   4.2476514e-01   2.4930722e-01   4.8249039e-01   1.8508529e-01   6.1126750e-01   1.9208823e-01   7.0221783e-01   1.2855045e-01   6.1341828e-01   1.8952590e-01   5.9409271e-01   2.4802310e-01   7.7519577e-01   8.7150629e-02   5.8320307e-01   3.9518799e-02
  -2.4978151e-01   1.2985114e-01   4.7458010e-01   2.3261444e-01   5.1607666e-01   2.0070577e-01   6.3733974e-01   1.1277119e-01   7.1516633e-01   4.1634463e-02   6.4065198e-01   1.2605856e-01   6.2927771e-01   1.7022194e-01   7.7301801e-01  -1.0527024e-01   5.8690181e-01   1.8290244e-03
  -2.3784646e-01  -6.2001114e-02   5.1755260e-01   1.8508613e-01   5.4965425e-01   1.8732041e-01   6.4846123e-01   1.9389646e-02   7.1454797e-01  -4.8179326e-02   6.5550426e-01   4.8358511e-02   6.4916689e-01   6.8563116e-02   7.3401652e-01  -2.6103824e-01   5.8357026e-01  -4.0174981e-02
  -2.8953644e-01  -2.0821294e-01   5.4933759e-01   1.2626705e-01   5.7961214e-01   1.6129464e-01   6.4476407e-01  -5.8483672e-02   7.0184073e-01  -1.1574556e-01   6.5784145e-01  -1.6858531e-02   6.5251714e-01  -2.4085767e-02   6.6968983e-01  -3.4475191e-01   5.7382755e-01  -7.0712201e-02
  -3.7985593e-01  -2.6898170e-01   5.6942598e-01   7.2568370e-02   6.0501080e-01   1.3574438e-01   6.3077553e-01  -1.0060407e-01   6.8175045e-01  -1.4507649e-01   6.5149134e-01  -5.1924942e-02   6.4303613e-01  -8.3477427e-02   5.9699928e-01  -3.4107089e-01   5.6064168e-01  -7.9432782e-02
  -4.7491881e-01  -2.3536899e-01   5.7994961e-01   3.3340525e-02   6.2656315e-01   1.1675527e-01   6.1323444e-01  -1.0091984e-01   6.6040527e-01  -1.3309789e-01   6.4215009e-01  -5.2445418e-02   6.2725898e-01  -9.9773609e-02   5.3370379e-01  -2.5725300e-01   5.4804637e-01  -6.4179304e-02
  -5.4328418e-01  -1.2870868e-01   5.8409770e-01   9.6418823e-03   6.4533623e-01   1.0248383e-01   5.9866785e-01  -6.7591298e-02   6.4343000e-01  -8.9160502e-02   6.3512997e-01  -2.6870621e-02   6.1207113e-01  -7.8285772e-02   4.9393645e-01  -1.1991065e-01   5.3973000e-01  -3.0895779e-02
  -5.6532817e-01   9.5180106e-03   5.8457715e-01  -3.9416438e-03   6.6156085e-01   8.5479317e-02   5.9134879e-01  -1.8423117e-02   6.3438487e-01  -3.0722818e-02   6.3354211e-01   8.1796300e-03   6.0250438e-01  -3.5339390e-02   4.8502777e-01   3.3321636e-02   5.3786671e-01   9.1222726e-03
  -5.3819145e-01   1.3250323e-01   5.8262645e-01  -1.5500134e-02   6.7400215e-01   5.7118269e-02   5.9219306e-01   2.6081093e-02   6.3396373e-01   2.2795325e-02   6.3742113e-01   3.4628318e-02   6.0040878e-01   8.5460880e-03   5.0621369e-01   1.6427434e-01   5.4251579e-01   4.3335296e-02
  -4.7480166e-01   2.0259502e-01   5.7793054e-01  -3.1654686e-02   6.8020104e-01   1.2338936e-02   5.9894242e-01   4.9580955e-02   6.4019082e-01   5.5924263e-02   6.4407804e-01   3.9292927e-02   6.0440022e-01   3.5741351e-02   5.4961940e-01   2.4369831e-01   5.5178869e-01   6.1983625e-02
  -3.9854442e-01   2.0163312e-01   5.6923569e-01  -5.4642715e-02   6.7738144e-01  -4.7145931e-02   6.0729227e-01   4.4716841e-02   6.4933910e-01   6.1294265e-02   6.4931321e-01   1.8084613e-02   6.1079348e-01   3.6788624e-02   6.0280924e-01   2.5764726e-01   5.6257646e-01   6.0889928e-02
  -3.3521093e-01   1.3491648e-01   5.5536548e-01  -8.1471359e-02   6.6369506e-01  -1.1232112e-01   6.1258722e-01   1.4764424e-02   6.5728856e-01   4.1123566e-02   6.4909474e-01  -2.2954035e-02   6.1518649e-01   1.2675108e-02   6.5224037e-01   2.0950629e-01   5.7160852e-01   4.2379785e-02
  -3.0463917e-01   2.7915186e-02   5.3620789e-01  -1.0519134e-01   6.3933186e-01  -1.6922922e-01   6.1153812e-01  -2.8183450e-02   6.6091446e-01   5.7336581e-03   6.4115986e-01  -6.9998761e-02   6.1416907e-01  -2.6353977e-02   6.8673456e-01   1.1748950e-01   5.7651388e-01   1.4127709e-02
  -3.1526410e-01  -8.3224273e-02   5.1321739e-01  -1.1762346e-01   6.0696292e-01  -2.0327605e-01   6.0327666e-01  -6.7822435e-02   6.5897157e-01  -3.0417056e-02   6.2587529e-01  -1.0635630e-01   6.0647441e-01  -6.4977494e-02   6.9983396e-01   8.4989179e-03   5.7646752e-01  -1.3661202e-02
  -3.6185806e-01  -1.6366031e-01   4.8942262e-01  -1.1236005e-01   5.7152712e-01  -2.0387035e-01   5.8970587e-01  -8.9217256e-02   6.5243476e-01  -5.3655343e-02   6.0634941e-01  -1.1814374e-01   5.9348366e-01  -8.8185571e-02   6.9101973e-01  -8.9454221e-02   5.7240091e-01  -3.1653512e-02
  -4.2858036e-01  -1.9079773e-01   4.6873917e-01  -8.7167165e-02   5.3914266e-01  -1.6787916e-01   5.7473396e-01  -8.3702440e-02   6.4395534e-01  -5.5496426e-02   5.8743089e-01  -9.8906895e-02   5.7864158e-01  -8.6359192e-02   6.6500282e-01  -1.5441571e-01   5.6652340e-01  -3.4349108e-02
  -4.9449189e-01  -1.5990267e-01   4.5502447e-01  -4.4900877e-02   5.1573441e-01  -1.0071796e-01   5.6301984e-01  -5.1230689e-02   6.3691854e-01  -3.4831489e-02   5.7428694e-01  -5.1466492e-02   5.6633730e-01  -5.7977510e-02   6.3001477e-01  -1.7493437e-01   5.6154735e-01  -2.1478793e-02
  -5.4017331e-01  -8.3992147e-02   4.5107974e-01   7.0021909e-03   5.0565419e-01  -1.5170307e-02   5.5852729e-01  -6.0566509e-05   6.3433253e-01   2.2236215e-03   5.7088534e-01   1.3030192e-02   5.6053055e-01  -9.7643860e-03   5.9544757e-01  -1.5151647e-01   5.5980113e-01   2.2262873e-03
  -5.5359106e-01   1.1469792e-02   4.5784411e-01   5.8287191e-02   5.1061059e-01   7.1660605e-02   5.6327809e-01   5.5924914e-02   6.3785531e-01   4.4540541e-02   5.7877959e-01   7.8401983e-02   5.6350165e-01   4.5542449e-02   5.6942040e-01  -9.5165632e-02   5.6247146e-01   2.8701817e-02
  -5.3293432e-01   9.7528514e-02   4.7410496e-01   9.8507006e-02   5.2931614e-01   1.4253576e-01   5.7678986e-01   1.0156094e-01   6.4733083e-01   7.9633332e-02   5.9668532e-01   1.2817199e-01   5.7520163e-01   9.3234626e-02   5.5702200e-01  -2.3287116e-02   5.6927321e-01   4.9202593e-02
  -4.8627438e-01   1.5016454e-01   4.9671976e-01   1.1950141e-01   5.5780149e-01   1.8389624e-01   5.9622200e-01   1.2452210e-01   6.6085813e-01   9.7138095e-02   6.2080698e-01   1.4983349e-01   5.9327379e-01   1.2065311e-01   5.5949911e-01   4.5033182e-02   5.7855464e-01   5.6788857e-02
  -4.2857428e-01   1.5703944e-01   5.2128407e-01   1.1744424e-01   5.9030175e-01   1.8893812e-01   6.1712783e-01   1.1871940e-01   6.7531631e-01   9.1713116e-02   6.4578882e-01   1.3817573e-01   6.1366568e-01   1.2067622e-01   5.7435347e-01   9.3825249e-02   5.8777143e-01   4.8339741e-02
  -3.7662750e-01   1.2011022e-01   5.4315560e-01   9.3716178e-02   6.2059025e-01   1.5890509e-01   6.3469723e-01   8.5761110e-02   6.8726754e-01   6.4353312e-02   6.6613029e-01   9.6458166e-02   6.3175689e-01   9.3480731e-02   5.9643767e-01   1.1378896e-01   5.9425105e-01   2.5360333e-02
  -3.4420355e-01   5.3723088e-02   5.5845652e-01   5.4393295e-02   6.4328433e-01   1.0235402e-01   6.4497944e-01   3.4163414e-02   6.9386034e-01   2.1828527e-02   6.7751561e-01   3.5236055e-02   6.4353053e-01   4.6138061e-02   6.1949544e-01   1.0368942e-01   5.9593034e-01  -6.5841818e-03
  -3.3824051e-01  -2.0473615e-02   5.6490876e-01   8.6612639e-03   6.5495101e-01   3.2845814e-02   6.4588640e-01  -2.3138616e-02   6.9358177e-01  -2.5316878e-02   6.7786235e-01  -3.0563833e-02   6.4658662e-01  -9.4802774e-03   6.3782438e-01   6.9860824e-02   5.9194410e-01  -3.9462235e-02
  -3.5750444e-01  -8.0857429e-02   5.6222448e-01  -3.3639593e-02   6.5466485e-01  -3.4661627e-02   6.3762262e-01  -7.2611470e-02   6.8659321e-01  -6.5924771e-02   6.6770887e-01  -8.5865615e-02   6.4065726e-01  -6.0238071e-02   6.4762447e-01   2.3563568e-02   5.8284661e-01  -6.5152580e-02
  -3.9386847e-01  -1.1201542e-01   5.5198027e-01  -6.4320025e-02   6.4392307e-01  -8.7243686e-02   6.2246173e-01  -1.0359432e-01   6.7458053e-01  -9.1132621e-02   6.4988805e-01  -1.1917322e-01   6.2750553e-01  -9.5124514e-02   6.4763158e-01  -2.2428789e-02   5.7042595e-01  -7.7567277e-02
  -4.3530082e-01  -1.0861704e-01   5.3710639e-01  -7.8577401e-02   6.2607516e-01  -1.1665043e-01   6.0405732e-01  -1.1075547e-01   6.6025536e-01  -9.6452430e-02   6.2870140e-01  -1.2512642e-01   6.1036484e-01  -1.0781333e-01   6.3910153e-01  -5.7163279e-02   5.5723172e-01  -7.4115547e-02
  -4.6981656e-01  -7.5911277e-02   5.2109178e-01  -7.5739015e-02   6.0538184e-01  -1.2054539e-01   5.8643804e-01  -9.4908565e-02   6.4661715e-01  -8.2487679e-02   6.0876926e-01  -1.0523101e-01   5.9303893e-01  -9.7754133e-02   6.2515406e-01  -7.3969453e-02   5.4591621e-01  -5.6125457e-02
