   7.1167899e-02   1.0934801e-01   1.6740310e-01   3.2584821e-01   1.6290041e-01   1.2067157e-01   1.0933165e-01   3.2261718e-01   5.5818716e-02   3.6645988e-01   7.9174440e-03   3.6455579e-01   3.4393503e-02   7.2726187e-01   1.3848050e-01   1.1559560e-01   3.9555376e-02   1.9897923e-01
  -7.0902289e-03  -5.9116951e-01   2.6094218e-01   7.1751106e-01   2.2116096e-01   5.5447581e-01   1.7888076e-01   5.5592074e-01   1.4186361e-01   6.8269756e-01   1.0435579e-01   6.8038283e-01   2.0302515e-01   9.4319592e-01   2.1280122e-01   6.0174512e-01   1.0607846e-01   5.7158711e-01
  -2.5946941e-01  -1.0000000e+00   4.0949069e-01   9.4760376e-01   3.4199503e-01   8.5749069e-01   2.8093650e-01   7.3808236e-01   2.7082079e-01   8.9604888e-01   2.4960333e-01   8.9751615e-01   3.9836687e-01   1.0000000e+00   3.6826824e-01   9.1145401e-01   2.2688671e-01   8.3701445e-01
  -5.7468123e-01  -9.9601975e-01   5.8277477e-01   1.0000000e+00   5.0049319e-01   1.0000000e+00   4.0751896e-01   8.6775062e-01   4.2544467e-01   1.0000000e+00   4.2411608e-01   1.0000000e+00   5.9156301e-01   9.2757725e-01   5.6398694e-01   1.0000000e+00   3.8237012e-01   9.8021360e-01
  -8.2922917e-01  -6.2211300e-01   7.5068840e-01   8.9102587e-01   6.6921717e-01   9.8093779e-01   5.4955558e-01   9.3250002e-01   5.8798540e-01   9.9455451e-01   6.0623890e-01   9.8074019e-01   7.6060625e-01   7.6271866e-01   7.5589011e-01   8.7946711e-01   5.5157064e-01   1.0000000e+00
  -9.3406026e-01  -4.9775061e-02   8.8775637e-01   6.5441263e-01   8.2236619e-01   8.1888124e-01   6.9538070e-01   9.1239062e-01   7.4116803e-01   8.8560707e-01   7.7387965e-01   8.4199697e-01   8.9049338e-01   5.3796750e-01   9.0673280e-01   6.0193369e-01   7.1428793e-01   9.0578436e-01
  -8.6057541e-01   5.1321377e-01   9.7491759e-01   3.2819590e-01   9.3814677e-01   5.4162592e-01   8.3009817e-01   7.8793714e-01   8.6916748e-01   6.8529871e-01   9.0622436e-01   5.9579621e-01   9.7193063e-01   2.7818417e-01   9.9169871e-01   2.3532683e-01   8.5251381e-01   7.1347948e-01
  -6.3957565e-01   8.9353426e-01   1.0000000e+00  -4.6322702e-02   1.0000000e+00   1.8402698e-01   9.3645176e-01   5.5051843e-01   9.5865878e-01   4.1256731e-01   9.8565151e-01   2.6545632e-01   1.0000000e+00   3.7731852e-03   1.0000000e+00  -1.4988313e-01   9.5134866e-01   4.4408382e-01
  -3.4552658e-01   9.7934702e-01   9.5879427e-01  -4.1848204e-01   9.9813869e-01  -2.0711095e-01   9.9738327e-01   2.1259686e-01   1.0000000e+00   9.4408897e-02   1.0000000e+00  -1.1177343e-01   9.7388725e-01  -2.6352879e-01   9.3497436e-01  -4.8318417e-01   1.0000000e+00   1.2566391e-01
  -7.5101406e-02   7.4395145e-01   8.5700274e-01  -7.2648707e-01   9.3193729e-01  -5.6953066e-01   1.0000000e+00  -1.8346613e-01   9.8873050e-01  -2.3130522e-01   9.4535457e-01  -4.8201538e-01   8.9768518e-01  -4.9530973e-01   8.1379925e-01  -6.9932905e-01   9.9327945e-01  -2.0278138e-01
   8.3142732e-02   2.6415623e-01   7.1139530e-01  -9.0932002e-01   8.1208050e-01  -8.3434942e-01   9.4044713e-01  -5.6783490e-01   9.2741117e-01  -5.1707339e-01   8.2890376e-01  -7.7992068e-01   7.8180584e-01  -6.5750225e-01   6.6494747e-01  -7.5411182e-01   9.3356200e-01  -4.9243542e-01
   7.7228158e-02  -3.0162311e-01   5.4788765e-01  -9.2659515e-01   6.5999655e-01  -9.4568622e-01   8.2677180e-01  -8.6141296e-01   8.2642277e-01  -7.1520047e-01   6.6956533e-01  -9.4449149e-01   6.4321929e-01  -7.1996679e-01   5.2226997e-01  -6.4017868e-01   8.3162713e-01  -6.9441949e-01
  -9.0789045e-02  -7.6933218e-01   3.9654659e-01  -7.7281820e-01   5.0409245e-01  -8.7887360e-01   6.7858111e-01  -1.0000000e+00   7.0296415e-01  -7.9134450e-01   4.9550329e-01  -9.3827179e-01   5.0353305e-01  -6.6785615e-01   4.1688905e-01  -3.9144558e-01   7.0558630e-01  -7.7327488e-01
  -3.6716364e-01  -9.9384725e-01   2.8507936e-01  -4.7969509e-01   3.7363856e-01  -6.4854237e-01   5.2299954e-01  -9.5431624e-01   5.7790330e-01  -7.3570970e-01   3.3844266e-01  -7.6090378e-01   3.8511888e-01  -5.0893700e-01   3.6970900e-01  -7.2987997e-02   5.7759230e-01  -7.1796076e-01
  -6.6602339e-01  -9.1474439e-01   2.3294678e-01  -1.0786439e-01   2.9234714e-01  -3.0500907e-01   3.8836228e-01  -7.3868455e-01   4.7140040e-01  -5.6692639e-01   2.2655324e-01  -4.5143204e-01   3.0648818e-01  -2.7392573e-01   3.8703642e-01   2.3799021e-01   4.6926500e-01  -5.4599246e-01
  -8.9816905e-01  -5.7188242e-01   2.4753450e-01   2.6869910e-01   2.7335751e-01   7.9210812e-02   2.9760881e-01  -4.0601548e-01   3.9860959e-01  -3.2689997e-01   1.7799925e-01  -7.8241269e-02   2.7830578e-01  -9.4467873e-03   4.6019325e-01   4.7320445e-01   3.9710637e-01  -2.9909081e-01
  -1.0000000e+00  -8.2646140e-02   3.2337232e-01   5.8069378e-01   3.1701881e-01   4.2859818e-01   2.6332599e-01  -3.0602654e-02   3.6679995e-01  -6.8046955e-02   1.9718241e-01   2.8052156e-01   3.0135550e-01   2.3437248e-01   5.6905037e-01   5.8850514e-01   3.6925404e-01  -3.1098389e-02
  -9.4892407e-01   4.0406569e-01   4.4424745e-01   7.7513933e-01   4.1195396e-01   6.7974144e-01   2.8621870e-01   3.1091279e-01   3.7492518e-01   1.5964591e-01   2.7498711e-01   5.5539133e-01   3.6714872e-01   4.1477256e-01   6.8738622e-01   5.6707920e-01   3.8476407e-01   2.0503217e-01
  -7.6763158e-01   7.5189026e-01   5.8651706e-01   8.2207143e-01   5.3775465e-01   7.9116520e-01   3.5565191e-01   5.5453200e-01   4.1462319e-01   3.1798848e-01   3.9134606e-01   6.9870371e-01   4.5995611e-01   5.0331477e-01   7.8829534e-01   4.1890984e-01   4.3445985e-01   3.6759733e-01
  -5.1349310e-01   8.7203685e-01   7.2365855e-01   7.1831312e-01   6.6938001e-01   7.4906211e-01   4.5280732e-01   6.6044121e-01   4.7279322e-01   3.8655553e-01   5.2018937e-01   6.9197037e-01   5.6023925e-01   4.8997767e-01   8.4944787e-01   1.7866295e-01   5.0364820e-01   4.3329941e-01
  -2.6092734e-01   7.4375647e-01   8.3110502e-01   4.8989160e-01   7.8201801e-01   5.7056961e-01   5.5507121e-01   6.2114061e-01   5.3470625e-01   3.6613483e-01   6.3497262e-01   5.4896020e-01   6.4849490e-01   3.8558045e-01   8.5767662e-01  -9.7328311e-02   5.7555934e-01   4.0148060e-01
  -7.9771236e-02   4.2010999e-01   8.9117151e-01   1.8894703e-01   8.5615938e-01   3.0157661e-01   6.4129481e-01   4.6375716e-01   5.8743256e-01   2.7850816e-01   7.1436286e-01   3.1316389e-01   7.0932258e-01   2.2069505e-01   8.1251293e-01  -3.4119063e-01   6.3520170e-01   2.9414102e-01
  -1.3677177e-02   8.6699695e-03   8.9691688e-01  -1.1916230e-01   8.8185050e-01   4.7318202e-03   6.9698604e-01   2.4096328e-01   6.2295074e-01   1.5914157e-01   7.4702774e-01   4.5794774e-02   7.3490078e-01   3.7528729e-02   7.2681836e-01  -4.9277947e-01   6.7290527e-01   1.4861655e-01
  -7.0601075e-02  -3.6536044e-01   8.5263006e-01  -3.7235455e-01   8.5975353e-01  -2.5687512e-01   7.1664818e-01   1.4420346e-02   6.3919736e-01   4.6004622e-02   7.3294170e-01  -1.9061973e-01   7.2583779e-01  -1.2164300e-01   6.2317788e-01  -5.1686280e-01   6.8567261e-01   6.1100584e-03
  -2.2218716e-01  -5.9870015e-01   7.7215030e-01  -5.2693233e-01   8.0014876e-01  -4.3541238e-01   7.0409594e-01  -1.6297048e-01   6.3973380e-01  -3.1818671e-02   6.8243668e-01  -3.4844777e-01   6.9026526e-01  -2.2579013e-01   5.2780698e-01  -4.1345865e-01   6.7704360e-01  -1.0000195e-01
  -4.1605617e-01  -6.3913650e-01   6.7467627e-01  -5.6579220e-01   7.1932055e-01  -5.0780757e-01   6.6981124e-01  -2.5994663e-01   6.3155721e-01  -6.1229726e-02   6.1229149e-01  -4.0503504e-01   6.4072796e-01  -2.6179964e-01   4.6347502e-01  -2.1561847e-01   6.5492770e-01  -1.5190226e-01
  -5.9346098e-01  -4.9682086e-01   5.7992885e-01  -4.9931561e-01   6.3511538e-01  -4.7803812e-01   6.2706788e-01  -2.7207800e-01   6.2233265e-01  -4.6661255e-02   5.4085625e-01  -3.6527532e-01   5.9043828e-01  -2.3556389e-01   4.4383331e-01   2.1737835e-02   6.2871116e-01  -1.4971776e-01
  -7.0684879e-01  -2.3387588e-01   5.0393953e-01  -3.5856601e-01   5.6286954e-01  -3.7145004e-01   5.8801272e-01  -2.1775284e-01   6.1791110e-01  -5.6716868e-03   4.8355047e-01  -2.5596386e-01   5.4998481e-01  -1.6712253e-01   4.7077398e-01   2.3811934e-01   6.0650773e-01  -1.0800775e-01
  -7.3296423e-01   5.9770313e-02   4.5616755e-01  -1.8434338e-01   5.1246834e-01  -2.2457256e-01   5.6065076e-01  -1.2855472e-01   6.2068453e-01   3.8598760e-02   4.4958310e-01  -1.1552184e-01   5.2514184e-01  -8.2688615e-02   5.3471246e-01   3.8357462e-01   5.9315664e-01  -4.8932811e-02
  -6.7619433e-01   2.9669727e-01   4.3895711e-01  -1.5794754e-02   4.8754721e-01  -7.3947985e-02   5.4780819e-01  -3.7509370e-02   6.2943692e-01   6.5494566e-02   4.4105037e-01   1.7708951e-02   5.1660214e-01  -6.3632746e-03   6.1812745e-01   4.2934597e-01   5.8968776e-01   5.5610909e-03
  -5.6410361e-01   4.1528327e-01   4.4853361e-01   1.1733015e-01   4.8617401e-01   5.1647637e-02   5.4762081e-01   2.9589053e-02   6.4020682e-01   6.2328676e-02   4.5377257e-01   1.1418744e-01   5.2096299e-01   4.5325401e-02   7.0021351e-01   3.7181920e-01   5.9385505e-01   3.9362555e-02
  -4.3708991e-01   3.9479123e-01   4.7707592e-01   1.9913877e-01   5.0257490e-01   1.3585346e-01   5.5513174e-01   5.9753618e-02   6.4784888e-01   2.7453290e-02   4.7945103e-01   1.5891601e-01   5.3255010e-01   6.6320612e-02   7.6189530e-01   2.3130024e-01   6.0143965e-01   4.5671170e-02
  -3.3511687e-01   2.5802606e-01   5.1527679e-01   2.2836942e-01   5.2936872e-01   1.7576920e-01   5.6447575e-01   5.4235303e-02   6.4786364e-01  -2.9799768e-02   5.0853932e-01   1.5305180e-01   5.4554217e-01   6.0895371e-02   7.9011939e-01   4.5999473e-02   6.0792702e-01   2.7630348e-02
  -2.8586055e-01   6.0708998e-02   5.5469458e-01   2.1572096e-01   5.5965418e-01   1.7960404e-01   5.7092010e-01   2.5688139e-02   6.3793029e-01  -9.2391875e-02   5.3296551e-01   1.1111370e-01   5.5574503e-01   4.0634402e-02   7.8049690e-01  -1.3754005e-01   6.1001898e-01  -3.9507728e-03
  -2.9732617e-01  -1.2898251e-01   5.8947576e-01   1.7855492e-01   5.8854604e-01   1.6176321e-01   5.7225846e-01  -7.8840694e-03   6.1875064e-01  -1.4130126e-01   5.4809655e-01   5.4651473e-02   5.6161233e-01   1.9421985e-02   7.3789916e-01  -2.7603062e-01   6.0661192e-01  -3.5073580e-02
  -3.5776968e-01  -2.5263803e-01   6.1692453e-01   1.3475328e-01   6.1368031e-01   1.3710064e-01   5.6905465e-01  -3.0034552e-02   5.9383568e-01  -1.6155975e-01   5.5326914e-01   4.7526441e-03   5.6414117e-01   8.3690520e-03   6.7467357e-01  -3.3958079e-01   5.9887481e-01  -5.3515472e-02
  -4.4144861e-01  -2.7884036e-01   6.3711558e-01   9.7327362e-02   6.3486439e-01   1.1594474e-01   5.6394288e-01  -3.1452149e-02   5.6845805e-01  -1.4681211e-01   5.5110978e-01  -2.4323851e-02   5.6593471e-01   1.2173023e-02   6.0720530e-01  -3.1847508e-01   5.8960008e-01  -5.2761653e-02
  -5.1816809e-01  -2.1004488e-01   6.5173347e-01   7.1351972e-02   6.5305311e-01   1.0138651e-01   5.6027315e-01  -1.2440588e-02   5.4809579e-01  -1.0086418e-01   5.4594400e-01  -2.8422780e-02   5.6978489e-01   2.8085564e-02   5.5165450e-01  -2.2441420e-01   5.8206624e-01  -3.3645615e-02
  -5.6312254e-01  -7.8130490e-02   6.6265115e-01   5.4011487e-02   6.6912242e-01   8.9537908e-02   5.6065984e-01   1.8203993e-02   5.3689914e-01  -3.6006611e-02   5.4195634e-01  -1.3077272e-02   5.7733066e-01   4.7581108e-02   5.2004381e-01  -8.6103621e-02   5.7885045e-01  -3.4033972e-03
  -5.6428182e-01   6.8753066e-02   6.7073190e-01   3.7574795e-02   6.8288149e-01   7.2543564e-02   5.6589888e-01   4.7229083e-02   5.3658896e-01   3.1103754e-02   5.4165889e-01   9.9633281e-03   5.8821275e-01   6.0004741e-02   5.1756281e-01   5.9440306e-02   5.8094549e-01   2.7322240e-02
  -5.2458550e-01   1.8252209e-01   6.7539766e-01   1.3905006e-02   6.9280750e-01   4.2977811e-02   5.7471694e-01   6.2104757e-02   5.4619481e-01   8.4378080e-02   5.4525458e-01   2.7681420e-02   6.0010575e-01   5.6676471e-02   5.4201082e-01   1.7676883e-01   5.8753696e-01   4.8260230e-02
  -4.5978499e-01   2.2949499e-01   6.7491939e-01  -2.1350964e-02   6.9645297e-01  -2.1253205e-03   5.8423337e-01   5.5529561e-02   5.6248798e-01   1.1261090e-01   5.5081541e-01   3.0424639e-02   6.0943631e-01   3.4166755e-02   5.8495601e-01   2.4060452e-01   5.9634155e-01   5.2821794e-02
  -3.9247959e-01   1.9929568e-01   6.6733042e-01  -6.6371401e-02   6.9141978e-01  -5.9064339e-02   5.9101610e-01   2.7960947e-02   5.8101805e-01   1.1212864e-01   5.5521661e-01   1.5010070e-02   6.1261195e-01  -4.2294953e-03   6.3438980e-01   2.4111476e-01   6.0442340e-01   4.0046352e-02
  -3.4462782e-01   1.0633882e-01   6.5152717e-01  -1.1331062e-01   6.7647903e-01  -1.1785466e-01   5.9231534e-01  -1.2529160e-02   5.9738667e-01   8.7194215e-02   5.5541438e-01  -1.4497405e-02   6.0731310e-01  -4.9230363e-02   6.7798563e-01   1.8490747e-01   6.0917561e-01   1.4694099e-02
  -3.3065537e-01  -1.6385907e-02   6.2814840e-01  -1.5081239e-01   6.5243258e-01  -1.6507500e-01   5.8708622e-01  -5.3029011e-02   6.0841963e-01   4.8095995e-02   5.4966253e-01  -4.8478299e-02   5.9344981e-01  -8.8375813e-02   7.0617214e-01   9.1719749e-02   6.0917490e-01  -1.4519544e-02
  -3.5359304e-01  -1.2905937e-01   5.9984693e-01  -1.6782770e-01   6.2232681e-01  -1.8807417e-01   5.7639477e-01  -8.0183452e-02   6.1284969e-01   7.5809981e-03   5.3820397e-01  -7.5278275e-02   5.7338817e-01  -1.0995845e-01   7.1412047e-01  -1.2012802e-02   6.0459342e-01  -3.7916540e-02
  -4.0488751e-01  -1.9775930e-01   5.7092103e-01  -1.5724095e-01   5.9099287e-01  -1.7893470e-01   5.6315212e-01  -8.4532196e-02   6.1140855e-01  -2.3018440e-02   5.2329424e-01  -8.5121559e-02   5.5144186e-01  -1.0666928e-01   7.0238492e-01  -1.0039201e-01   5.9710599e-01  -4.7936510e-02
  -4.6788676e-01  -2.0448931e-01   5.4637951e-01  -1.1829349e-01   5.6399792e-01  -1.3705437e-01   5.5123518e-01  -6.3507947e-02   6.0632434e-01  -3.6878300e-02   5.0854434e-01  -7.3270026e-02   5.3273167e-01  -7.7875456e-02   6.7611926e-01  -1.5435585e-01   5.8931562e-01  -4.1415170e-02
  -5.2349924e-01  -1.5128109e-01   5.3075191e-01  -5.7089997e-02   5.4634656e-01  -6.9565400e-02   5.4431836e-01  -2.2130673e-02   6.0045571e-01  -3.3058127e-02   4.9784709e-01  -4.1392171e-02   5.2180392e-01  -2.9808140e-02   6.4327841e-01  -1.6540625e-01   5.8392147e-01  -2.0340699e-02
  -5.5606844e-01  -5.7739265e-02   5.2698813e-01   1.4814412e-02   5.4130236e-01   1.0374711e-02   5.4479010e-01   2.8631053e-02   5.9636122e-01  -1.5988406e-02   4.9424461e-01   3.0946741e-03   5.2142444e-01   2.6244184e-02   6.1238333e-01  -1.3623436e-01   5.8290104e-01   8.9944678e-03
  -5.5766901e-01   4.6206300e-02   5.3573704e-01   8.3154552e-02   5.4963240e-01   8.6717333e-02   5.5306489e-01   7.5059322e-02   5.9557959e-01   6.4326340e-03   4.9907389e-01   4.9222378e-02   5.3187049e-01   7.6974617e-02   5.9046293e-01  -7.8700774e-02   5.8694414e-01   3.7971145e-02
  -5.2993019e-01   1.3003769e-01   5.5514332e-01   1.3438632e-01   5.6941356e-01   1.4434856e-01   5.6743181e-01   1.0459426e-01   5.9825946e-01   2.5513256e-02   5.1156878e-01   8.5565387e-02   5.5085143e-01   1.1056064e-01   5.8153188e-01  -9.9202511e-03   5.9525329e-01   5.8192681e-02
  -4.8266682e-01   1.7158106e-01   5.8128593e-01   1.5883962e-01   5.9651772e-01   1.7253148e-01   5.8454122e-01   1.0923142e-01   6.0326661e-01   3.4369763e-02   5.2908625e-01   1.0329117e-01   5.7413753e-01   1.1957426e-01   5.8604383e-01   5.2442283e-02   6.0580449e-01   6.3810051e-02
  -4.3041879e-01   1.6258522e-01   6.0905207e-01   1.5282758e-01   6.2554799e-01   1.6716360e-01   6.0028835e-01   8.7538567e-02   6.0863145e-01   2.9741285e-02   5.4778677e-01   9.8333428e-02   5.9660857e-01   1.0263499e-01   6.0121553e-01   9.4347410e-02   6.1591243e-01   5.3009608e-02
  -3.8793363e-01   1.1005858e-01   6.3326025e-01   1.1934613e-01   6.5102697e-01   1.3148275e-01   6.1088090e-01   4.4945389e-02   6.1220146e-01   1.2721426e-02   5.6359614e-01   7.2307547e-02   6.1348644e-01   6.4566771e-02   6.2205908e-01   1.0836091e-01   6.2295649e-01   2.8413671e-02
  -3.6576088e-01   3.2894797e-02   6.4980503e-01   6.7082275e-02   6.6859905e-01   7.4940163e-02   6.1384385e-01  -7.9121083e-03   6.1233708e-01  -1.1827453e-02   5.7323578e-01   3.1859320e-02   6.2148478e-01   1.4914140e-02   6.4289067e-01   9.4763816e-02   6.2509959e-01  -3.7805949e-03
  -3.6791366e-01  -4.4797087e-02   6.5638484e-01   8.0263539e-03   6.7579094e-01   1.0584388e-02   6.0853527e-01  -5.8216431e-02   6.0834827e-01  -3.6962248e-02   5.7490377e-01  -1.3352197e-02   6.1941395e-01  -3.4676865e-02   6.5872304e-01   6.0369633e-02   6.2169699e-01  -3.5627327e-02
  -3.9095258e-01  -1.0124869e-01   6.5293712e-01  -4.5484619e-02   6.7246665e-01  -4.8154897e-02   5.9632750e-01  -9.4427484e-02   6.0073406e-01  -5.5747363e-02   5.6869350e-01  -5.3215913e-02   6.0842494e-01  -7.3456354e-02   6.6647360e-01   1.6219669e-02   6.1348572e-01  -5.9596325e-02
  -4.2616177e-01  -1.2328175e-01   6.4133694e-01  -8.3668678e-02   6.6051558e-01  -9.0592758e-02   5.8006307e-01  -1.0919341e-01   5.9094867e-01  -6.3264963e-02   5.5634425e-01  -7.9757032e-02   5.9145013e-01  -9.4123976e-02   6.6537266e-01  -2.5952045e-02   6.0227182e-01  -7.0526736e-02
  -4.6244521e-01  -1.0892979e-01   6.2481991e-01  -1.0107293e-01   6.4325895e-01  -1.1069068e-01   5.6331946e-01  -1.0073409e-01   5.8100407e-01  -5.7699766e-02   5.4073338e-01  -8.8689027e-02   5.7242296e-01  -9.4125788e-02   6.5683594e-01  -5.6488352e-02   5.9046213e-01  -6.6650131e-02
  -4.8978188e-01  -6.6920084e-02   6.0714251e-01  -9.7290310e-02   6.2458592e-01  -1.0781993e-01   5.4951042e-01  -7.2834858e-02   5.7293395e-01  -4.0603514e-02   5.2513286e-01  -8.0032166e-02   5.5529498e-01  -7.5792852e-02   6.4383934e-01  -6.9885758e-02   5.8045950e-01  -4.9766732e-02
