   1.4402599e-01   5.6758137e-01   1.8706680e-01   3.0637096e-01   1.7659402e-01   4.8455057e-01   1.9485384e-01   8.2525289e-01   7.1323416e-02   9.3883002e-03   1.3510095e-01   5.3378526e-01   2.0616241e-02   5.2722785e-01   8.1907865e-04   6.2287828e-01   8.0518386e-02   2.0935226e-01
   2.1903303e-01  -1.6696922e-01   2.7786760e-01   7.3543605e-01   2.9337388e-01   8.4120610e-01   3.1008953e-01   1.0000000e+00   1.0600232e-01   4.2948617e-01   2.3594676e-01   8.3471971e-01   1.6016933e-01   8.6034856e-01   2.1101644e-01   9.3333684e-01   1.4376290e-01   6.0495402e-01
   3.6770052e-02  -7.5037899e-01   4.2503400e-01   9.6728958e-01   4.5458998e-01   1.0000000e+00   4.3394887e-01   9.8215200e-01   1.9565788e-01   7.3344366e-01   3.6832865e-01   9.7671007e-01   3.4602585e-01   1.0000000e+00   4.7112961e-01   1.0000000e+00   2.5646794e-01   8.6281281e-01
  -3.0745379e-01  -1.0000000e+00   5.9429357e-01   1.0000000e+00   6.2686124e-01   9.7560892e-01   5.4918112e-01   8.7763904e-01   3.2250683e-01   9.2109092e-01   5.1211457e-01   1.0000000e+00   5.4222449e-01   9.7252285e-01   7.1847483e-01   8.4540803e-01   3.9796126e-01   9.8820291e-01
  -6.7286914e-01  -8.6737142e-01   7.5480697e-01   8.7279310e-01   7.8243502e-01   8.1511628e-01   6.5079222e-01   7.7217336e-01   4.6945583e-01   1.0000000e+00   6.5305775e-01   9.4230497e-01   7.2046238e-01   8.2575994e-01   9.0367174e-01   5.4301059e-01   5.4955261e-01   1.0000000e+00
  -9.2905296e-01  -4.4967007e-01   8.8408041e-01   6.3991717e-01   9.0259251e-01   5.7188426e-01   7.4141115e-01   7.0052125e-01   6.2063140e-01   9.7806591e-01   7.8111949e-01   8.2280869e-01   8.6211901e-01   6.0726264e-01   9.9943827e-01   1.8055649e-01   6.9565942e-01   9.1867989e-01
  -1.0000000e+00   8.0070329e-02   9.6825267e-01   3.4671616e-01   9.7676384e-01   2.8584171e-01   8.2457942e-01   6.4626620e-01   7.6132797e-01   8.6340824e-01   8.8761359e-01   6.4305021e-01   9.5679484e-01   3.5262504e-01   1.0000000e+00  -1.6925550e-01   8.2344394e-01   7.5997429e-01
  -8.7616806e-01   5.4906889e-01   1.0000000e+00   2.5801622e-02   1.0000000e+00  -1.6630743e-02   8.9994296e-01   5.6476149e-01   8.7831991e-01   6.6750445e-01   9.6360982e-01   3.9931249e-01   1.0000000e+00   8.6873134e-02   9.1611239e-01  -4.5249064e-01   9.2217832e-01   5.3619032e-01
  -6.0849953e-01   8.2042167e-01   9.7716999e-01  -2.9175537e-01   9.7150781e-01  -3.1078601e-01   9.6115138e-01   4.1161794e-01   9.6049195e-01   4.0766061e-01   1.0000000e+00   9.6515278e-02   9.9158632e-01  -1.6906589e-01   7.7106044e-01  -6.2734101e-01   9.8302860e-01   2.6192070e-01
  -2.8920561e-01   8.1416791e-01   9.0357458e-01  -5.6598334e-01   8.9545160e-01  -5.6315664e-01   9.9787958e-01   1.6857939e-01   1.0000000e+00   1.0992201e-01   9.8977730e-01  -2.4061086e-01   9.3572573e-01  -3.9160999e-01   5.9762076e-01  -6.6463518e-01   1.0000000e+00  -3.9327535e-02
  -2.5591247e-02   5.3634452e-01   7.9046545e-01  -7.5066358e-01   7.8249635e-01  -7.3290541e-01   1.0000000e+00  -1.4122616e-01   9.9378567e-01  -1.8827627e-01   9.3124198e-01  -5.6304765e-01   8.4170495e-01  -5.5246475e-01   4.3333988e-01  -5.5988757e-01   9.7158225e-01  -3.3145691e-01
   9.5739800e-02   8.6959032e-02   6.5640784e-01  -8.0888229e-01   6.5005685e-01  -7.8531780e-01   9.6269913e-01  -4.5768333e-01   9.4518413e-01  -4.4155114e-01   8.3108084e-01  -8.0667612e-01   7.2441829e-01  -6.2455155e-01   3.1252064e-01  -3.4238337e-01   9.0246632e-01  -5.7024135e-01
   3.8334998e-02  -3.7855257e-01   5.2426533e-01  -7.2851449e-01   5.1985462e-01  -7.0688608e-01   8.8970279e-01  -7.0717312e-01   8.6431474e-01  -6.0791878e-01   7.0505614e-01  -9.1352948e-01   6.0305837e-01  -5.9293256e-01   2.5783074e-01  -6.8959822e-02   8.0390059e-01  -7.1527203e-01
  -1.7401226e-01  -7.0781911e-01   4.1648866e-01  -5.2620572e-01   4.1363150e-01  -5.1089407e-01   7.9331380e-01  -8.2843360e-01   7.6659873e-01  -6.6128303e-01   5.7558900e-01  -8.5213922e-01   4.9789796e-01  -4.6223932e-01   2.7520182e-01   1.9362945e-01   6.9219544e-01  -7.4166760e-01
  -4.6850947e-01  -8.0172694e-01   3.5061054e-01  -2.4218304e-01   3.4873297e-01  -2.3426778e-01   6.9158033e-01  -7.9229166e-01   6.6964817e-01  -5.9981170e-01   4.6693842e-01  -6.2982294e-01   4.2623374e-01  -2.5794436e-01   3.5381239e-01   3.8789733e-01   5.8573977e-01  -6.4778865e-01
  -7.5028095e-01  -6.4499055e-01   3.3597907e-01   6.9416686e-02   3.3465845e-01   7.0829015e-02   6.0357479e-01  -6.1133630e-01   5.8933690e-01  -4.4739018e-01   3.9931957e-01  -2.9374804e-01   3.9860007e-01  -2.1809260e-02   4.7062210e-01   4.8028673e-01   5.0119709e-01  -4.5744712e-01
  -9.3433790e-01  -3.0371713e-01   3.7249474e-01   3.5244338e-01   3.7152301e-01   3.4876783e-01   5.4453344e-01  -3.3397098e-01   5.3646071e-01  -2.4607271e-01   3.8406330e-01   8.1886699e-02   4.1658770e-01   1.9821725e-01   5.9742279e-01   4.6486875e-01   4.5009342e-01  -2.1403949e-01
  -9.7201017e-01   1.0525256e-01   4.5109215e-01   5.5946839e-01   4.5034423e-01   5.5181758e-01   5.2226008e-01  -2.8038032e-02   5.1478485e-01  -4.3562149e-02   4.2096170e-01   4.1617129e-01   4.7266373e-01   3.5980661e-01   7.0746869e-01   3.5694509e-01   4.3656324e-01   3.0995344e-02
  -8.6152186e-01   4.5887470e-01   5.5594593e-01   6.5854521e-01   5.5521236e-01   6.4770011e-01   5.3598336e-01   2.3857626e-01   5.2121469e-01   1.1886318e-01   4.9889583e-01   6.4128970e-01   5.5232624e-01   4.3501898e-01   7.7976305e-01   1.8331137e-01   4.5717657e-01   2.3080361e-01
  -6.4342827e-01   6.5945789e-01   6.6737244e-01   6.3670800e-01   6.6626107e-01   6.2329364e-01   5.7731640e-01   4.1160364e-01   5.4737335e-01   2.1344632e-01   5.9869969e-01   7.1479033e-01   6.3731058e-01   4.1397007e-01   8.0129422e-01  -2.1939072e-02   5.0235184e-01   3.5172891e-01
  -3.8702368e-01   6.5815905e-01   7.6537933e-01   5.0407263e-01   7.6328143e-01   4.8850216e-01   6.3262363e-01   4.6322059e-01   5.8203074e-01   2.3148531e-01   6.9747176e-01   6.2933370e-01   7.0938171e-01   3.0732296e-01   7.6899772e-01  -2.1788468e-01   5.5884089e-01   3.8035102e-01
  -1.6815966e-01   4.6784922e-01   8.3378781e-01   2.9407631e-01   8.2988939e-01   2.7646002e-01   6.8701018e-01   4.0017242e-01   6.1431046e-01   1.8540181e-01   7.7414775e-01   4.1599566e-01   7.5447406e-01   1.4543840e-01   6.9106909e-01  -3.6153402e-01   6.1319108e-01   3.2654217e-01
  -4.7387111e-02   1.5755924e-01   8.6344624e-01   5.6155797e-02   8.5680222e-01   3.6583351e-02   7.2830881e-01   2.6042631e-01   6.3648422e-01   1.0454950e-01   8.1433099e-01   1.3648996e-01   7.6577070e-01  -2.8324718e-02   5.8610792e-01  -4.1861619e-01   6.5489817e-01   2.1972239e-01
  -5.1003195e-02  -1.7042788e-01   8.5415133e-01  -1.5801653e-01   8.4387502e-01  -1.7878576e-01   7.5043643e-01   9.9071557e-02   6.4606496e-01   2.4970969e-02   8.1391061e-01  -1.3485354e-01   7.4544536e-01  -1.6993261e-01   4.7923996e-01  -3.7628844e-01   6.7890542e-01   9.8810117e-02
  -1.6632344e-01  -4.1718614e-01   8.1351553e-01  -3.0879599e-01   7.9906932e-01  -3.2878859e-01   7.5403047e-01  -3.2411196e-02   6.4564239e-01  -2.3588807e-02   7.7892154e-01  -3.3388806e-01   7.0318735e-01  -2.4785751e-01   3.9541460e-01  -2.4793474e-01   6.8585112e-01  -1.0880452e-03
  -3.4866979e-01  -5.1684695e-01   7.5422859e-01  -3.7692568e-01   7.3571781e-01  -3.9295756e-01   7.4503201e-01  -1.0158048e-01   6.4124460e-01  -2.6612992e-02   7.2289563e-01  -4.2293116e-01   6.5297336e-01  -2.5094730e-01   3.5305885e-01  -6.8775137e-02   6.8075886e-01  -5.8271985e-02
  -5.3785019e-01  -4.5496218e-01   6.9029465e-01  -3.6575782e-01   6.6865662e-01  -3.7397140e-01   7.3173986e-01  -1.0309868e-01   6.3968160e-01   1.1827931e-02   6.6236253e-01  -3.9824921e-01   6.0877273e-01  -1.8986667e-01   3.5957309e-01   1.1523797e-01   6.7059227e-01  -6.8894563e-02
  -6.7777997e-01  -2.6749792e-01   6.3358540e-01  -2.9662578e-01   6.1060400e-01  -2.9332386e-01   7.2158272e-01  -5.6010808e-02   6.4597755e-01   7.2721275e-02   6.1220366e-01  -2.8598866e-01   5.8080449e-01  -9.1454778e-02   4.1034139e-01   2.6042526e-01   6.6169548e-01  -4.4716429e-02
  -7.3361995e-01  -2.4252344e-02   5.9137030e-01  -1.9967064e-01   5.6949022e-01  -1.8234199e-01   7.1856530e-01   6.8623639e-03   6.6156725e-01   1.3020815e-01   5.8193764e-01  -1.3032020e-01   5.7310959e-01   1.1149371e-02   4.9072425e-01   3.3650741e-01   6.5779367e-01  -6.4139318e-03
  -6.9901259e-01   1.9696518e-01   5.6585916e-01  -1.0370845e-01   5.4781535e-01  -7.2050125e-02   7.2256730e-01   5.2780002e-02   6.8408469e-01   1.6075344e-01   5.7439932e-01   2.1551900e-02   5.8352478e-01   8.8707266e-02   5.8052949e-01   3.3155835e-01   6.5938807e-01   2.4750757e-02
  -5.9508176e-01   3.3301635e-01   5.5501616e-01  -2.8884618e-02   5.4331479e-01   1.4419901e-02   7.2998515e-01   5.9866872e-02   7.0820068e-01   1.4991146e-01   5.8612136e-01   1.3159065e-01   6.0512046e-01   1.2309982e-01   6.5890848e-01   2.5235542e-01   6.6413185e-01   3.3463164e-02
  -4.6133875e-01   3.5187515e-01   5.5440713e-01   1.6790537e-02   5.5075392e-01   6.5970461e-02   7.3554409e-01   2.3425006e-02   7.2735181e-01   9.6121307e-02   6.0934766e-01   1.7925815e-01   6.2882760e-01   1.1084631e-01   7.0893954e-01   1.2112579e-01   6.6809228e-01   1.4420321e-02
  -3.4235321e-01   2.5949012e-01   5.5925305e-01   3.7016740e-02   5.6407477e-01   8.4051548e-02   7.3450718e-01  -4.3307815e-02   7.3575242e-01   1.1117858e-02   6.3483781e-01   1.6480799e-01   6.4631922e-01   6.2756249e-02   7.2101413e-01  -2.9728037e-02   6.6736578e-01  -2.6686422e-02
  -2.7362598e-01   9.5530840e-02   5.6617186e-01   4.3581019e-02   5.7838553e-01   7.9866674e-02   7.2466715e-01  -1.1420673e-01   7.3023810e-01  -8.3322020e-02   6.5480143e-01   1.0689672e-01   6.5250860e-01  -2.3084013e-04   6.9466961e-01  -1.6475557e-01   6.5962743e-01  -7.5495420e-02
  -2.7154982e-01  -8.1604020e-02   5.7405568e-01   5.0689802e-02   5.9117238e-01   6.8998331e-02   7.0733363e-01  -1.6004137e-01   7.1129247e-01  -1.6194077e-01   6.6499577e-01   3.4616940e-02   6.4682708e-01  -5.4206977e-02   6.3827648e-01  -2.5348672e-01   6.4504865e-01  -1.1423161e-01
  -3.2987243e-01  -2.1448286e-01   5.8400310e-01   6.9208680e-02   6.0254821e-01   6.5337868e-02   6.8706547e-01  -1.5928998e-01   6.8301034e-01  -2.0372253e-01   6.6550724e-01  -2.3041959e-02   6.3306109e-01  -8.0101310e-02   5.6677890e-01  -2.7767596e-01   6.2635688e-01  -1.2796399e-01
  -4.2371061e-01  -2.6486328e-01   5.9835003e-01   1.0237544e-01   6.1449257e-01   7.6040652e-02   6.7015557e-01  -1.0634014e-01   6.5192493e-01  -1.9834000e-01   6.5999152e-01  -4.6963946e-02   6.1774804e-01  -6.9704751e-02   4.9779642e-01  -2.3560706e-01   6.0797662e-01  -1.0984437e-01
  -5.1914640e-01  -2.2411425e-01   6.1920414e-01   1.4433551e-01   6.2944143e-01   9.9192176e-02   6.6244223e-01  -1.3911930e-02   6.2511491e-01  -1.4895824e-01   6.5378608e-01  -3.3311061e-02   6.0775453e-01  -2.7785433e-02   4.4717915e-01  -1.4189676e-01   5.9458742e-01  -6.3371007e-02
  -5.8474637e-01  -1.1301726e-01   6.4701584e-01   1.8192687e-01   6.4877385e-01   1.2487399e-01   6.6724282e-01   9.1051803e-02   6.0823315e-01  -7.0610369e-02   6.5167395e-01   6.9709038e-03   6.0789273e-01   3.0225638e-02   4.2525300e-01  -2.2805091e-02   5.8962314e-01  -1.0125818e-03
  -6.0113460e-01   2.7651095e-02   6.7968752e-01   1.9907920e-01   6.7174379e-01   1.3908455e-01   6.8411142e-01   1.7618373e-01   6.0406198e-01   1.4847027e-02   6.5610127e-01   5.3567963e-02   6.1933731e-01   8.3781463e-02   4.3470322e-01   9.1238947e-02   5.9421055e-01   5.9994611e-02
  -5.6593336e-01   1.5149698e-01   7.1255095e-01   1.8247044e-01   6.9522878e-01   1.2910878e-01   7.0880171e-01   2.1397364e-01   6.1196528e-01   8.5254325e-02   6.6637842e-01   8.4662830e-02   6.3927485e-01   1.1393417e-01   4.7052255e-01   1.7351265e-01   6.0685029e-01   1.0303734e-01
  -4.9314499e-01   2.2098307e-01   7.3928882e-01   1.2674805e-01   7.1439821e-01   8.8592002e-02   7.3442619e-01   1.9043051e-01   6.2831052e-01   1.2422125e-01   6.7902061e-01   8.4582653e-02   6.6181446e-01   1.0920493e-01   5.2185677e-01   2.0725316e-01   6.2389157e-01   1.1703873e-01
  -4.0758217e-01   2.1779247e-01   7.5358051e-01   3.7442384e-02   7.2411115e-01   2.0526120e-02   7.5346035e-01   1.0953373e-01   6.4768955e-01   1.2512865e-01   6.8905566e-01   4.8900167e-02   6.7984468e-01   6.8931193e-02   5.7513278e-01   1.8882123e-01   6.4063434e-01   9.9478298e-02
  -3.3648291e-01   1.4707944e-01   7.5098381e-01  -6.9443706e-02   7.2058750e-01  -6.2768093e-02   7.5999839e-01  -7.5210291e-03   6.6454626e-01   9.2337603e-02   6.9181549e-01  -1.4133346e-02   6.8725577e-01   3.4461198e-03   6.1760492e-01   1.2751087e-01   6.5271073e-01   5.6915841e-02
  -3.0138963e-01   3.4164260e-02   7.3033215e-01  -1.7133011e-01   7.0269834e-01  -1.4284351e-01   7.5144469e-01  -1.2836560e-01   6.7465009e-01   3.9144966e-02   6.8452565e-01  -8.6414959e-02   6.8073283e-01  -6.9087790e-02   6.4021315e-01   4.2130780e-02   6.5725625e-01   2.7609001e-03
  -3.1130342e-01  -8.4107946e-02   6.9451241e-01  -2.4513538e-01   6.7273239e-01  -2.0032269e-01   7.2952605e-01  -2.1892789e-01   6.7627906e-01  -1.6543894e-02   6.6749222e-01  -1.4570451e-01   6.6097882e-01  -1.2806895e-01   6.3968641e-01  -4.4421510e-02   6.5376939e-01  -4.6810693e-02
  -3.6131266e-01  -1.7198108e-01   6.4984466e-01  -2.7366275e-01   6.3592522e-01  -2.2056469e-01   6.9968121e-01  -2.5353840e-01   6.7036383e-01  -5.7936660e-02   6.4402813e-01  -1.7296560e-01   6.3240027e-01  -1.5667306e-01   6.1854700e-01  -1.1127571e-01   6.4404502e-01  -7.7826922e-02
  -4.3480364e-01  -2.0523542e-01   6.0474739e-01  -2.5003239e-01   5.9933449e-01  -1.9765441e-01   6.6963212e-01  -2.2200763e-01   6.6000342e-01  -7.3983945e-02   6.1961783e-01  -1.5805657e-01   6.0195576e-01  -1.4649964e-01   5.8402457e-01  -1.4438145e-01   6.3158173e-01  -8.2343206e-02
  -5.0923872e-01  -1.7768552e-01   5.6780060e-01  -1.7937270e-01   5.7015955e-01  -1.3601288e-01   6.4725511e-01  -1.3223968e-01   6.4935704e-01  -6.2085429e-02   6.0037563e-01  -1.0273686e-01   5.7723557e-01  -9.9756553e-02   5.4583501e-01  -1.3928802e-01   6.2049118e-01  -6.0424557e-02
  -5.6345760e-01  -1.0162364e-01   5.4574295e-01  -7.7304764e-02   5.5398449e-01  -4.9144581e-02   6.3839873e-01  -7.5558242e-03   6.4229605e-01  -2.8082910e-02   5.9128761e-01  -1.9992185e-02   5.6436432e-01  -2.8313423e-02   5.1350860e-01  -1.0128461e-01   6.1425975e-01  -1.9674845e-02
  -5.8337299e-01  -2.2724361e-03   5.4214025e-01   3.4200262e-02   5.5361100e-01   4.3998436e-02   6.4551353e-01   1.2019617e-01   6.4136909e-01   1.6307025e-02   5.9495586e-01   6.9998045e-02   5.6655516e-01   4.9956711e-02   4.9424479e-01  -4.2965018e-02   6.1486399e-01   2.7445416e-02
  -5.6600721e-01   9.0264773e-02   5.5656638e-01   1.3202019e-01   5.6835308e-01   1.2360822e-01   6.6691172e-01   2.1909599e-01   6.4706533e-01   5.7092078e-02   6.1078705e-01   1.4524938e-01   5.8320228e-01   1.1592195e-01   4.9123483e-01   1.9385622e-02   6.2219281e-01   6.7199243e-02
  -5.1899485e-01   1.5060408e-01   5.8502829e-01   1.9733460e-01   5.9444665e-01   1.7385467e-01   6.9747003e-01   2.6559150e-01   6.5788663e-01   8.2255858e-02   6.3530354e-01   1.8801552e-01   6.1030119e-01   1.5429688e-01   5.0345360e-01   7.0318840e-02   6.3425038e-01   8.8540631e-02
  -4.5766570e-01   1.6451998e-01   6.2097590e-01   2.1938734e-01   6.2598363e-01   1.8617131e-01   7.2994769e-01   2.4980679e-01   6.7085306e-01   8.4723771e-02   6.6302345e-01   1.8891350e-01   6.4150472e-01   1.5706947e-01   5.2630123e-01   9.8684865e-02   6.4774429e-01   8.5780587e-02
  -4.0008494e-01   1.3226563e-01   6.5686470e-01   1.9750118e-01   6.5633042e-01   1.6093875e-01   7.5684327e-01   1.7766697e-01   6.8239716e-01   6.4072667e-02   6.8784911e-01   1.4910970e-01   6.6975102e-01   1.2522581e-01   5.5306758e-01   9.9993164e-02   6.5901450e-01   5.9933766e-02
  -3.6141315e-01   6.7269294e-02   6.8592852e-01   1.4052240e-01   6.7971275e-01   1.0682893e-01   7.7233923e-01   6.8648875e-02   6.8942308e-01   2.6257753e-02   7.0463862e-01   7.9555431e-02   6.8907799e-01   6.8004024e-02   5.7687185e-01   7.6893639e-02   6.6507178e-01   1.8119784e-02
  -3.5047898e-01  -8.9714105e-03   7.0336929e-01   6.3973063e-02   6.9224583e-01   3.8124872e-02   7.7341476e-01  -4.9800106e-02   6.9000758e-01  -1.8471553e-02   7.1021159e-01  -2.3613858e-03   6.9577457e-01   5.1445026e-05   5.9216635e-01   3.7649451e-02   6.6424158e-01  -2.8675017e-02
  -3.6686797e-01  -7.3968698e-02   7.0749331e-01  -1.4144826e-02   6.9289112e-01  -2.9156481e-02   7.6076600e-01  -1.4993929e-01   6.8403913e-01  -5.8643422e-02   7.0425574e-01  -7.7658087e-02   6.8942019e-01  -6.2636102e-02   5.9627053e-01  -6.3688883e-03   6.5672568e-01  -6.8771299e-02
  -4.0298805e-01  -1.1079851e-01   6.9940876e-01  -7.7710339e-02   6.8310152e-01  -8.1141998e-02   7.3802029e-01  -2.1044001e-01   6.7294456e-01  -8.4735172e-02   6.8888878e-01  -1.3054124e-01   6.7238836e-01  -1.0669097e-01   5.8938078e-01  -4.3990288e-02   6.4426187e-01  -9.2839477e-02
  -4.4645919e-01  -1.1261451e-01   6.8259753e-01  -1.1601020e-01   6.6635563e-01  -1.0917344e-01   7.1083163e-01  -2.2138494e-01   6.5932578e-01  -9.1551350e-02   6.6810005e-01  -1.5205514e-01   6.4921843e-01  -1.2444686e-01   5.7438080e-01  -6.6941483e-02   6.2970409e-01  -9.6177480e-02
  -4.8443703e-01  -8.3265654e-02   6.6175173e-01  -1.2530436e-01   6.4705369e-01  -1.1101581e-01   6.8528099e-01  -1.8529233e-01   6.4617030e-01  -7.9022023e-02   6.4657133e-01  -1.4129173e-01   6.2527031e-01  -1.1500870e-01   5.5573271e-01  -7.1461482e-02   6.1620383e-01  -7.9361603e-02
