   1.3243498e-01   6.0191283e-01   7.9900853e-02   6.6658457e-01   9.9189649e-02   2.1503627e-02   1.0000305e-01   6.0177116e-01   2.5272243e-02   1.6738712e-01   7.9059566e-02   8.3187850e-01   5.0667068e-02   2.6673715e-01   6.9186550e-02   4.1994599e-01   9.5692858e-02   1.8271530e-01
   2.1706223e-01  -1.4400010e-01   2.5155663e-01   9.2835509e-01   1.4432702e-01   4.8816181e-01   1.9818067e-01   8.5479326e-01   8.3160674e-02   5.4523419e-01   2.6508176e-01   1.0000000e+00   1.2787222e-01   6.2823885e-01   2.1360263e-01   8.2344739e-01   1.5479969e-01   5.7826191e-01
   4.3783316e-02  -7.4063071e-01   4.5840377e-01   1.0000000e+00   2.5829477e-01   8.1961955e-01   3.1962118e-01   9.6278908e-01   1.9172670e-01   8.0714922e-01   4.6559451e-01   9.8586408e-01   2.5695765e-01   8.7649218e-01   4.2434364e-01   1.0000000e+00   2.6389502e-01   8.4289097e-01
  -2.9338533e-01  -1.0000000e+00   6.6176079e-01   9.0182771e-01   4.1517256e-01   9.8858723e-01   4.4885546e-01   9.8181338e-01   3.3267374e-01   9.5566846e-01   6.5001989e-01   8.4951440e-01   4.1757028e-01   1.0000000e+00   6.4813674e-01   9.4317233e-01   4.0312523e-01   9.7865214e-01
  -6.5355344e-01  -8.6873132e-01   8.3078129e-01   6.8454444e-01   5.8719684e-01   1.0000000e+00   5.7729085e-01   9.5590296e-01   4.8875023e-01   1.0000000e+00   8.0030396e-01   6.5254775e-01   5.8854209e-01   9.9980848e-01   8.3712572e-01   7.0445296e-01   5.5400959e-01   1.0000000e+00
  -9.0518884e-01  -4.4498256e-01   9.4639535e-01   4.0425533e-01   7.4945376e-01   8.7919035e-01   7.0030911e-01   8.9932740e-01   6.4421343e-01   9.4929917e-01   9.0908528e-01   4.3819841e-01   7.4953690e-01   8.8372113e-01   9.5908836e-01   3.6419351e-01   7.0055178e-01   9.2374128e-01
  -9.7168920e-01   9.2765407e-02   1.0000000e+00   1.0261500e-01   8.8185275e-01   6.5515881e-01   8.1312400e-01   7.9792379e-01   7.8469756e-01   8.1238693e-01   9.7522483e-01   2.2671603e-01   8.8187842e-01   6.6375928e-01   1.0000000e+00  -1.0177689e-03   8.2907287e-01   7.6371814e-01
  -8.4399100e-01   5.6719546e-01   9.9015427e-01  -1.9295442e-01   9.6899293e-01   3.5376970e-01   9.0813031e-01   6.2497295e-01   8.9741278e-01   6.0047613e-01   1.0000000e+00   2.3009914e-02   9.6942953e-01   3.5828868e-01   9.6141496e-01  -3.2960637e-01   9.2783371e-01   5.3193553e-01
  -5.7350944e-01   8.3912373e-01   9.2071395e-01  -4.5726363e-01   1.0000000e+00   4.0130381e-03   9.7436504e-01   3.6141609e-01   9.7166990e-01   3.2977409e-01   9.8492232e-01  -1.7283924e-01   1.0000000e+00  -3.2298048e-03   8.5750425e-01  -5.7108480e-01   9.8704965e-01   2.4383262e-01
  -2.5315090e-01   8.2744885e-01   8.0152848e-01  -6.5831565e-01   9.6998479e-01  -3.5181726e-01   1.0000000e+00   1.5262547e-02   1.0000000e+00   2.5317400e-02   9.3198048e-01  -3.5491600e-01   9.6769942e-01  -3.7539142e-01   7.1282072e-01  -6.8470429e-01   1.0000000e+00  -7.4581696e-02
   9.2555680e-03   5.3780744e-01   6.4969251e-01  -7.6120023e-01   8.8265663e-01  -6.5636792e-01   9.7673150e-01  -3.6777516e-01   9.7985737e-01  -2.7552559e-01   8.4552530e-01  -5.0499359e-01   8.7575802e-01  -6.9670199e-01   5.5910718e-01  -6.4993013e-01   9.6501863e-01  -3.8236296e-01
   1.2613835e-01   7.1292979e-02   4.8872804e-01  -7.4268765e-01   7.5194228e-01  -8.5062914e-01   9.0441573e-01  -7.1303177e-01   9.1541771e-01  -5.2650818e-01   7.3459563e-01  -5.9565457e-01   7.3841004e-01  -9.0163057e-01   4.2921851e-01  -4.7903140e-01   8.8748901e-01  -6.2893467e-01
   6.0389053e-02  -4.1216311e-01   3.4465620e-01  -6.0352968e-01   6.0054521e-01  -8.9402969e-01   7.9334166e-01  -9.4219459e-01   8.1813133e-01  -6.8434728e-01   6.1369693e-01  -6.0163037e-01   5.7985146e-01  -9.4169156e-01   3.4934300e-01  -2.1738198e-01   7.8030314e-01  -7.6822326e-01
  -1.6381009e-01  -7.5442860e-01   2.4060308e-01  -3.6967949e-01   4.5550451e-01  -7.7763471e-01   6.6288662e-01  -1.0000000e+00   7.0514999e-01  -7.2230179e-01   5.0115288e-01  -5.1153982e-01   4.2971188e-01  -8.0332660e-01   3.3285678e-01   7.0171447e-02   6.6203282e-01  -7.7322350e-01
  -4.7198787e-01  -8.5154580e-01   1.9214294e-01  -8.5325080e-02   3.4245807e-01  -5.2664488e-01   5.3718164e-01  -8.7202158e-01   5.9592234e-01  -6.3918728e-01   4.1554071e-01  -3.3504114e-01   3.1640874e-01  -5.1482115e-01   3.7806488e-01   3.1826675e-01   5.5328790e-01  -6.4510601e-01
  -7.6659424e-01  -6.8601836e-01   2.0447817e-01   1.9778387e-01   2.8015427e-01  -1.9408895e-01   4.3913185e-01  -5.9014936e-01   5.0786383e-01  -4.6086161e-01   3.7125240e-01  -1.0353407e-01   2.6027263e-01  -1.4054120e-01   4.7010285e-01   4.7831228e-01   4.7217260e-01  -4.1476816e-01
  -9.5978968e-01  -3.2513029e-01   2.7216306e-01   4.3180581e-01   2.7692782e-01   1.5312172e-01   3.8494765e-01  -2.2162814e-01   4.5268867e-01  -2.3209358e-01   3.7489167e-01   1.3765874e-01   2.6898143e-01   2.3701491e-01   5.8594474e-01   5.2695243e-01   4.3039841e-01  -1.3445077e-01
  -1.0000000e+00   1.0998439e-01   3.8079852e-01   5.8099217e-01   3.2960746e-01   4.4993409e-01   3.8072100e-01   1.5114804e-01   4.3438201e-01  -3.5047637e-03   4.2362625e-01   3.4123041e-01   3.3623655e-01   5.3912411e-01   6.9999700e-01   4.6433597e-01   4.3104247e-01   1.3637939e-01
  -8.8453869e-01   4.8975414e-01   5.1007265e-01   6.2528508e-01   4.2495093e-01   6.4565214e-01   4.2172287e-01   4.5154529e-01   4.4923934e-01   1.8082628e-01   5.0587497e-01   4.6877568e-01   4.4402203e-01   7.0887049e-01   7.8886497e-01   3.0806678e-01   4.6851207e-01   3.4543109e-01
  -6.5440460e-01   7.0991570e-01   6.3712524e-01   5.6079644e-01   5.4278847e-01   7.1009568e-01   4.9436595e-01   6.2229659e-01   4.8765044e-01   2.9037236e-01   6.0388446e-01   4.9691785e-01   5.6719316e-01   7.1910297e-01   8.3460492e-01   8.9441014e-02   5.3051325e-01   4.5655056e-01
  -3.8133074e-01   7.1653281e-01   7.4020239e-01   4.0248696e-01   6.5993176e-01   6.3958238e-01   5.7938368e-01   6.3803995e-01   5.3658453e-01   3.1396491e-01   6.9716551e-01   4.2309366e-01   6.7886522e-01   5.7762285e-01   8.2798933e-01  -1.4630291e-01   6.0093409e-01   4.5719780e-01
  -1.4484828e-01   5.2030998e-01   8.0282151e-01   1.8416563e-01   7.5510231e-01   4.5885892e-01   6.5682587e-01   5.1275789e-01   5.8305303e-01   2.6245896e-01   7.6716937e-01   2.6843087e-01   7.5652206e-01   3.2607882e-01   7.7119751e-01  -3.4551652e-01   6.6386560e-01   3.6158620e-01
  -9.4911568e-03   1.9179547e-01   8.1701072e-01  -4.7635351e-02   8.1318930e-01   2.1543846e-01   7.1088769e-01   2.9558075e-01   6.1724239e-01   1.6530225e-01   8.0150140e-01   7.3623441e-02   7.8676942e-01   3.0485201e-02   6.7820688e-01  -4.5939361e-01   7.0723509e-01   2.0640006e-01
  -4.9389794e-03  -1.6223163e-01   7.8509016e-01  -2.4562700e-01   8.2841009e-01  -3.3593471e-02   7.3392419e-01   5.4847048e-02   6.3497466e-01   6.0677076e-02   7.9708792e-01  -1.1251221e-01   7.6844945e-01  -2.3650116e-01   5.7197581e-01  -4.6064602e-01   7.2565177e-01   3.9238172e-02
  -1.2050755e-01  -4.3606397e-01   7.1824433e-01  -3.7397634e-01   8.0432216e-01  -2.3726671e-01   7.2725216e-01  -1.4429198e-01   6.3787297e-01  -1.7418217e-02   7.6006926e-01  -2.4764074e-01   7.1171014e-01  -4.1549569e-01   4.7820601e-01  -3.5228690e-01   7.2071476e-01  -9.6331493e-02
  -3.1126295e-01  -5.5709045e-01   6.3331293e-01  -4.1601277e-01   7.5182361e-01  -3.6246835e-01   6.9958437e-01  -2.5795523e-01   6.3194195e-01  -4.9127772e-02   7.0344165e-01  -3.0698606e-01   6.3458693e-01  -4.7487213e-01   4.1857751e-01  -1.6593709e-01   6.9956571e-01  -1.7232165e-01
  -5.1476093e-01  -5.0573663e-01   5.4838828e-01  -3.7625823e-01   6.8547418e-01  -3.9970761e-01   6.6340630e-01  -2.7359877e-01   6.2485816e-01  -3.3285882e-02   6.4289712e-01  -2.8839448e-01   5.5762169e-01  -4.1659110e-01   4.0530080e-01   4.8697055e-02   6.7198629e-01  -1.8204171e-01
  -6.7153834e-01  -3.1609198e-01   4.7867700e-01  -2.7653546e-01   6.1951588e-01  -3.6137164e-01   6.3080169e-01  -2.0879346e-01   6.2311826e-01   1.4878422e-02   5.9245849e-01  -2.0983823e-01   4.9843947e-01  -2.7174899e-01   4.3870368e-01   2.3858284e-01   6.4722658e-01  -1.3842248e-01
  -7.4233936e-01  -5.9200423e-02   4.3365868e-01  -1.4794678e-01   5.6475369e-01  -2.7392589e-01   6.1011284e-01  -1.0067442e-01   6.2999191e-01   7.1078801e-02   5.6123496e-01  -1.0124253e-01   4.6778442e-01  -8.8493338e-02   5.0807936e-01   3.6111080e-01   6.3155544e-01  -6.6711594e-02
  -7.1758149e-01   1.8285585e-01   4.1603718e-01  -2.1725481e-02   5.2695649e-01  -1.6764044e-01   6.0423621e-01   8.6925539e-03   6.4475289e-01   1.1096734e-01   5.5197605e-01   5.6311343e-03   4.6780515e-01   8.2946259e-02   5.9514865e-01   3.9310384e-01   6.2705937e-01   5.0573218e-03
  -6.1631655e-01   3.4147430e-01   4.2257987e-01   7.7748368e-02   5.0704634e-01  -6.8175710e-02   6.1093267e-01   8.4971875e-02   6.6333102e-01   1.1731608e-01   5.6165477e-01   8.5377124e-02   4.9292481e-01   2.0278738e-01   6.7889321e-01   3.3326792e-01   6.3192641e-01   5.4153867e-02
  -4.7785617e-01   3.7902171e-01   4.4600712e-01   1.3697983e-01   5.0232740e-01   8.3639024e-03   6.2441155e-01   1.0980819e-01   6.7979600e-01   8.4367411e-02   5.8326197e-01   1.2409187e-01   5.3232059e-01   2.4985369e-01   7.4034717e-01   2.0054781e-01   6.4165908e-01   6.8448596e-02
  -3.4824120e-01   2.9719821e-01   4.7747559e-01   1.5449817e-01   5.0831135e-01   5.6999464e-02   6.3773652e-01   8.4143748e-02   6.8833281e-01   1.9160890e-02   6.0837126e-01   1.2138588e-01   5.7343588e-01   2.2471474e-01   7.6669252e-01   2.9186955e-02   6.5089553e-01   4.8590443e-02
  -2.6623413e-01   1.3374420e-01   5.0891229e-01   1.3916881e-01   5.2047012e-01   8.2316985e-02   6.4520591e-01   2.5832092e-02   6.8508120e-01  -6.0635284e-02   6.2965529e-01   8.8805130e-02   6.0542270e-01   1.4718171e-01   7.5380179e-01  -1.3887179e-01   6.5521881e-01   6.5357123e-03
  -2.5124547e-01  -5.1929231e-02   5.3496554e-01   1.0603098e-01   5.3568765e-01   9.4482485e-02   6.4430917e-01  -3.8004120e-02   6.6955393e-01  -1.3237211e-01   6.4299886e-01   4.4762703e-02   6.2205475e-01   4.8568736e-02   7.0709792e-01  -2.6429466e-01   6.5266616e-01  -3.9367873e-02
  -3.0017695e-01  -1.9940943e-01   5.5355515e-01   7.0963674e-02   5.5262796e-01   1.0408530e-01   6.3607918e-01  -8.1242720e-02   6.4469559e-01  -1.7562966e-01   6.4797721e-01   7.6662138e-03   6.2251827e-01  -3.8790983e-02   6.3960521e-01  -3.1951587e-01   6.4403999e-01  -7.1121594e-02
  -3.8999440e-01  -2.6626687e-01   5.6563643e-01   4.5781370e-02   5.7150230e-01   1.1767007e-01   6.2446014e-01  -8.7815583e-02   6.1609871e-01  -1.7863187e-01   6.4734390e-01  -1.0287895e-02   6.1091326e-01  -9.1217849e-02   5.6859562e-01  -2.9566435e-01   6.3247215e-01  -7.7158054e-02
  -4.8721227e-01  -2.3963447e-01   5.7392797e-01   3.5172400e-02   5.9308501e-01   1.3516693e-01   6.1454524e-01  -5.6590001e-02   5.9028421e-01  -1.4153021e-01   6.4533793e-01  -6.5361378e-03   5.9414757e-01  -9.9590000e-02   5.1104194e-01  -2.0393852e-01   6.2210953e-01  -5.5774651e-02
  -5.5937497e-01  -1.3726279e-01   5.8132420e-01   3.6251080e-02   6.1756127e-01   1.4997926e-01   6.1059763e-01  -7.2539346e-04   5.7282492e-01  -7.5744645e-02   6.4574405e-01   1.2129394e-02   5.7935569e-01  -7.0081439e-02   4.7944644e-01  -7.1611771e-02   6.1659991e-01  -1.4975454e-02
  -5.8513094e-01   1.3965273e-03   5.8948467e-01   4.0808991e-02   6.4360973e-01   1.5176141e-01   6.1448183e-01   5.7973428e-02   5.6684663e-01   1.8003767e-04   6.5033589e-01   3.3176607e-02   5.7159051e-01  -2.0020667e-02   4.7906769e-01   6.6179809e-02   6.1784562e-01   3.0981582e-02
  -5.5966788e-01   1.2956576e-01   5.9811555e-01   3.9210050e-02   6.6813144e-01   1.3079533e-01   6.2505435e-01   9.7101366e-02   5.7236049e-01   6.6359333e-02   6.5825116e-01   4.3525483e-02   5.7251291e-01   2.9000080e-02   5.0723699e-01   1.7588753e-01   6.2544462e-01   6.6699930e-02
  -4.9468974e-01   2.0778269e-01   6.0510146e-01   2.4451065e-02   6.8674348e-01   8.2443077e-02   6.3859916e-01   1.0126399e-01   5.8649818e-01   1.0712677e-01   6.6638119e-01   3.4431501e-02   5.8028167e-01   5.8317714e-02   5.5466655e-01   2.3367054e-01   6.3690168e-01   8.0628794e-02
  -4.1344985e-01   2.1502115e-01   6.0739580e-01  -4.9728698e-03   6.9493468e-01   1.0124860e-02   6.5012710e-01   6.7114714e-02   6.0452370e-01   1.1501488e-01   6.7059168e-01   4.6710513e-03   5.9055642e-01   5.7778468e-02   6.0828692e-01   2.3041236e-01   6.4850077e-01   6.8560468e-02
  -3.4279222e-01   1.5356487e-01   6.0229063e-01  -4.4344511e-02   6.8949787e-01  -7.4403918e-02   6.5507137e-01   4.3806857e-03   6.2127279e-01   9.2210672e-02   6.6731370e-01  -3.8884062e-02   5.9819007e-01   2.8257626e-02   6.5473719e-01   1.7267641e-01   6.5652066e-01   3.4698987e-02
  -3.0449579e-01   4.6882849e-02   5.8863149e-01  -8.4204979e-02   6.6979480e-01  -1.5369916e-01   6.5088318e-01  -6.7275943e-02   6.3264011e-01   4.9278392e-02   6.5501803e-01  -8.3389001e-02   5.9909344e-01  -1.9266380e-02   6.8370686e-01   7.9764425e-02   6.5844472e-01  -9.8576522e-03
  -3.0897148e-01  -6.9341685e-02   5.6748270e-01  -1.1353928e-01   6.3830609e-01  -2.0951042e-01   6.3791061e-01  -1.2481645e-01   6.3660956e-01   1.3440545e-03   6.3497451e-01  -1.1433875e-01   5.9160156e-01  -6.7973097e-02   6.9011833e-01  -2.2390149e-02   6.5371995e-01  -5.0907943e-02
  -3.5290037e-01  -1.5888226e-01   5.4208499e-01  -1.2323244e-01   6.0032608e-01  -2.2790698e-01   6.1936086e-01  -1.4905720e-01   6.3359953e-01  -3.6621149e-02   6.1110903e-01  -1.2026309e-01   5.7698557e-01  -1.0079125e-01   6.7483156e-01  -1.0816639e-01   6.4388685e-01  -7.5586343e-02
  -4.2106193e-01  -1.9639164e-01   5.1714840e-01  -1.0897167e-01   5.6286489e-01  -2.0337886e-01   6.0038606e-01  -1.3079075e-01   6.2609854e-01  -5.4269076e-02   5.8900788e-01  -9.6605005e-02   5.5905015e-01  -1.0592619e-01   6.4387645e-01  -1.5867797e-01   6.3208151e-01  -7.6365486e-02
  -4.9201567e-01  -1.7413369e-01   4.9764805e-01  -7.2525050e-02   5.3301750e-01  -1.4032967e-01   5.8651974e-01  -7.3347993e-02   6.1767328e-01  -4.8400385e-02   5.7432122e-01  -4.7172256e-02   5.4287716e-01  -8.0229628e-02   6.0637856e-01  -1.6560754e-01   6.2202343e-01  -5.3059480e-02
  -5.4492915e-01  -1.0276591e-01   4.8757013e-01  -2.1297594e-02   5.1634501e-01  -5.1940215e-02   5.8207573e-01   8.6113571e-03   6.1180381e-01  -2.3163966e-02   5.7117785e-01   1.6922529e-02   5.3329091e-01  -2.9759494e-02   5.7204110e-01  -1.3206619e-01   6.1690976e-01  -1.2553954e-02
  -5.6563527e-01  -6.6229416e-03   4.8891553e-01   3.3594481e-02   5.1564494e-01   4.3115614e-02   5.8892504e-01   9.3451112e-02   6.1085912e-01   1.1828436e-02   5.8102381e-01   8.0344238e-02   5.3346166e-01   3.2313601e-02   5.4876585e-01  -7.0612726e-02   6.1850723e-01   3.3451972e-02
  -5.5045750e-01   8.4737458e-02   5.0117322e-01   8.0224147e-02   5.3034669e-01   1.2525728e-01   6.0592579e-01   1.5880021e-01   6.1544217e-01   4.4769480e-02   6.0214521e-01   1.2776420e-01   5.4397075e-01   8.9704907e-02   5.4086983e-01   8.4336837e-04   6.2664758e-01   7.1985254e-02
  -5.0620109e-01   1.4560474e-01   5.2150990e-01   1.0880591e-01   5.5680188e-01   1.7847148e-01   6.2929155e-01   1.8757506e-01   6.2436399e-01   6.5174331e-02   6.3013232e-01   1.4781766e-01   5.6272493e-01   1.2758461e-01   5.4851154e-01   6.3962416e-02   6.3935210e-01   9.2413896e-02
  -4.4743859e-01   1.6110244e-01   5.4545842e-01   1.1399326e-01   5.8917831e-01   1.9373396e-01   6.5357321e-01   1.7234589e-01   6.3506965e-01   6.6691246e-02   6.5894331e-01   1.3590277e-01   5.8551860e-01   1.3641732e-01   5.6807346e-01   1.0437890e-01   6.5338930e-01   8.9206176e-02
  -3.9169486e-01   1.3069723e-01   5.6800021e-01   9.6055444e-02   6.2082832e-01   1.7074700e-01   6.7308538e-01   1.1714880e-01   6.4443488e-01   4.8684014e-02   6.8239088e-01   9.5264038e-02   6.0715292e-01   1.1433436e-01   5.9343972e-01   1.1483358e-01   6.6516738e-01   6.3286201e-02
  -3.5395226e-01   6.7155409e-02   5.8478525e-01   6.0552082e-02   6.4582478e-01   1.1748111e-01   6.8341770e-01   3.6066525e-02   6.4971672e-01   1.6104744e-02   6.9569256e-01   3.5945469e-02   6.2282892e-01   6.7324613e-02   6.1782652e-01   9.6270579e-02   6.7173108e-01   2.1539025e-02
  -3.4305804e-01  -8.3992523e-03   5.9297287e-01   1.6643654e-02   6.6004180e-01   4.7713789e-02   6.8236553e-01  -5.0831802e-02   6.4922564e-01  -2.2256187e-02   6.9641654e-01  -2.7971937e-02   6.2920162e-01   7.1866925e-03   6.3537277e-01   5.6548209e-02   6.7142101e-01  -2.5312182e-02
  -3.5896598e-01  -7.3456237e-02   5.9193337e-01  -2.5388233e-02   6.6208716e-01  -2.2622366e-02   6.7060795e-01  -1.2311464e-01   6.4288412e-01  -5.6421544e-02   6.8517173e-01  -8.2183922e-02   6.2531631e-01  -5.1757597e-02   6.4270982e-01   7.9056937e-03   6.6439200e-01  -6.5760507e-02
  -3.9441893e-01  -1.1083443e-01   5.8301373e-01  -5.6716467e-02   6.5309556e-01  -7.9295542e-02   6.5115544e-01  -1.6515428e-01   6.3203185e-01  -7.8063432e-02   6.6504082e-01  -1.1563483e-01   6.1248423e-01  -9.6542238e-02   6.3924987e-01  -3.6821517e-02   6.5233474e-01  -9.0549325e-02
  -4.3732898e-01  -1.1324653e-01   5.6912552e-01  -7.1956258e-02   6.3630878e-01  -1.1282522e-01   6.2859593e-01  -1.6982219e-01   6.1908090e-01  -8.2602610e-02   6.4081096e-01  -1.2303263e-01   5.9391918e-01  -1.1859804e-01   6.2713135e-01  -6.7368578e-02   6.3805164e-01  -9.4903822e-02
  -4.7501343e-01  -8.4220838e-02   5.5385084e-01  -7.0020684e-02   6.1604688e-01  -1.1993481e-01   6.0781190e-01  -1.3938312e-01   6.0679525e-01  -7.0015304e-02   6.1765987e-01  -1.0548238e-01   5.7377041e-01  -1.1532638e-01   6.1027728e-01  -7.8243714e-02   6.2465710e-01  -7.9277847e-02
