   2.1643520e-01   1.9432122e-01   1.1889083e-01   2.2071912e-01   6.2659355e-02   7.4320301e-01   7.5004276e-02   8.9554895e-01   8.4400913e-02   2.3548537e-02   8.9450506e-02   7.2136676e-01   6.5686015e-02   1.4704527e-01   1.0143466e-01   7.2069213e-01   1.0436911e-01   6.6002543e-01
   1.5188132e-01  -5.1384481e-01   1.9844389e-01   6.5190522e-01   2.4946638e-01   9.6515642e-01   2.8885998e-01   1.0000000e+00   1.1764582e-01   3.9834684e-01   2.3756511e-01   9.4535761e-01   1.2273960e-01   5.0764416e-01   3.0875744e-01   9.8098665e-01   2.3376857e-01   9.0106880e-01
  -1.3256491e-01  -9.5439489e-01   3.3994460e-01   9.1477001e-01   4.6355658e-01   1.0000000e+00   5.0433735e-01   9.2236115e-01   2.0209487e-01   6.9173644e-01   4.0932814e-01   1.0000000e+00   2.3438325e-01   7.8177862e-01   5.4926996e-01   1.0000000e+00   3.9068187e-01   1.0000000e+00
  -5.0910241e-01  -1.0000000e+00   5.1212829e-01   1.0000000e+00   6.6774188e-01   8.8102689e-01   6.8974073e-01   7.4205733e-01   3.2467307e-01   8.9558859e-01   5.7947549e-01   9.3574671e-01   3.8411859e-01   9.5044157e-01   7.6842374e-01   8.1212688e-01   5.5370971e-01   9.8107668e-01
  -8.3176356e-01  -6.8386648e-01   6.8528751e-01   9.3149271e-01   8.3460731e-01   6.6132272e-01   8.3070695e-01   5.3085208e-01   4.7096298e-01   1.0000000e+00   7.3152900e-01   7.9881000e-01   5.5267230e-01   1.0000000e+00   9.2566248e-01   4.9423669e-01   7.0606984e-01   8.7380615e-01
  -9.9282096e-01  -1.6319111e-01   8.3536677e-01   7.4541892e-01   9.4792042e-01   3.8867547e-01   9.2585171e-01   3.3284714e-01   6.2499662e-01   9.9573241e-01   8.5555316e-01   6.1739772e-01   7.1894710e-01   9.2330454e-01   1.0000000e+00   1.2821396e-01   8.3534015e-01   7.0104624e-01
  -9.5139816e-01   3.7437850e-01   9.4447692e-01   4.7398494e-01   1.0000000e+00   9.5103615e-02   9.8022157e-01   1.6333509e-01   7.6987532e-01   8.8083570e-01   9.4498992e-01   4.0336170e-01   8.6143789e-01   7.2338826e-01   9.8815074e-01  -2.2020209e-01   9.3207746e-01   4.7700315e-01
  -7.3212824e-01   7.6763734e-01   1.0000000e+00   1.4569424e-01   9.8889669e-01  -1.9629334e-01   1.0000000e+00   1.8335052e-02   8.8922691e-01   6.6440348e-01   9.9459906e-01   1.6105746e-01   9.6027899e-01   4.1706696e-01   9.0064570e-01  -4.9942416e-01   9.8879861e-01   2.1235707e-01
  -4.1196998e-01   9.0293426e-01   9.9487065e-01  -2.0315640e-01   9.1776879e-01  -4.5886795e-01   9.8943768e-01  -1.1193162e-01   9.6905073e-01   3.6899500e-01   1.0000000e+00  -1.0109302e-01   1.0000000e+00   3.9720782e-02   7.5928868e-01  -6.6610931e-01   1.0000000e+00  -7.7403438e-02
  -9.7366997e-02   7.3828919e-01   9.2979810e-01  -5.2109586e-01   7.9650175e-01  -6.5692268e-01   9.5131602e-01  -2.2990012e-01   1.0000000e+00   3.2979260e-02   9.5949256e-01  -3.6004359e-01   9.7302183e-01  -3.5184908e-01   5.9484182e-01  -6.9009377e-01   9.6364747e-01  -3.6471810e-01
   1.0725478e-01   3.2990808e-01   8.1549057e-01  -7.4927139e-01   6.4302538e-01  -7.5346752e-01   8.8930793e-01  -3.2497335e-01   9.7977665e-01  -2.9044505e-01   8.7690423e-01  -5.7601474e-01   8.8302127e-01  -6.8443430e-01   4.4226867e-01  -5.6889637e-01   8.8329462e-01  -6.0922564e-01
   1.3547451e-01  -1.8058643e-01   6.7231392e-01  -8.4126595e-01   4.8194881e-01  -7.2599417e-01   8.1048101e-01  -3.7855463e-01   9.1476037e-01  -5.4356008e-01   7.6372912e-01  -7.0364416e-01   7.4639393e-01  -8.8657712e-01   3.3292283e-01  -3.3538533e-01   7.6953937e-01  -7.6729938e-01
  -1.8622426e-02  -6.2220809e-01   5.2645198e-01  -7.7941650e-01   3.4007220e-01  -5.7728617e-01   7.2594897e-01  -3.7457773e-01   8.1947625e-01  -6.8044331e-01   6.3858408e-01  -7.0957923e-01   5.8994080e-01  -9.1160346e-01   2.8678414e-01  -4.9116885e-02   6.3937883e-01  -8.0653358e-01
  -3.0165389e-01  -8.5517541e-01   4.0428752e-01  -5.7903698e-01   2.4080328e-01  -3.3559368e-01   6.4926940e-01  -3.0803720e-01   7.1365972e-01  -6.8048540e-01   5.2382144e-01  -5.8582902e-01   4.4513191e-01  -7.5317178e-01   3.0830063e-01   2.2192017e-01   5.1337848e-01  -7.1692030e-01
  -6.2128414e-01  -8.1562339e-01   3.2683351e-01  -2.8383003e-01   1.9930530e-01  -4.7710819e-02   5.9338656e-01  -1.8984926e-01   6.1775902e-01  -5.5518092e-01   4.4047313e-01  -3.5556141e-01   3.4065745e-01  -4.4940602e-01   3.8665139e-01   4.2054217e-01   4.1148771e-01  -5.1610375e-01
  -8.7853459e-01  -5.3220892e-01   3.0567964e-01   4.5359996e-02   2.1973736e-01   2.3234941e-01   5.6711918e-01  -4.5765451e-02   5.4820179e-01  -3.4457020e-01   4.0311847e-01  -6.8303603e-02   2.9556643e-01  -7.2883337e-02   5.0011338e-01   5.1354688e-01   3.4871420e-01  -2.4611414e-01
  -1.0000000e+00  -1.0851002e-01   3.4117605e-01   3.4533629e-01   2.9497796e-01   4.5569649e-01   5.7259374e-01   9.1180695e-02   5.1387800e-01  -1.0442224e-01   4.1636806e-01   2.1409782e-01   3.1495984e-01   2.9019312e-01   6.2222287e-01   4.9405392e-01   3.3193658e-01   3.7921933e-02
  -9.5850377e-01   3.2173853e-01   4.2323823e-01   5.6353643e-01   4.0879393e-01   5.8732170e-01   6.0472780e-01   1.9080656e-01   5.1494080e-01   1.0994356e-01   4.7415497e-01   4.3408217e-01   3.8966236e-01   5.6310837e-01   7.2745449e-01   3.7496294e-01   3.5892389e-01   2.8227561e-01
  -7.7502362e-01   6.3566208e-01   5.3397587e-01   6.6474063e-01   5.3922834e-01   6.0898738e-01   6.5277327e-01   2.3241597e-01   5.4393360e-01   2.5479474e-01   5.6163973e-01   5.4910499e-01   4.9937052e-01   6.9320991e-01   7.9492267e-01   1.8234217e-01   4.1958410e-01   4.4490509e-01
  -5.1003297e-01   7.5075498e-01   6.5117718e-01   6.3676691e-01   6.6239828e-01   5.2160565e-01   7.0284072e-01   2.0945627e-01   5.8806800e-01   3.0605032e-01   6.5839616e-01   5.3956065e-01   6.1747479e-01   6.6142888e-01   8.1147019e-01  -4.5240396e-02   4.9840117e-01   5.0305919e-01
  -2.4357788e-01   6.4516953e-01   7.5287456e-01   4.9423736e-01   7.5686694e-01   3.4663094e-01   7.4151096e-01   1.3253527e-01   6.3279037e-01   2.6464358e-01   7.4308712e-01   4.1454259e-01   7.1738459e-01   4.8628953e-01   7.7449583e-01  -2.5866987e-01   5.7811494e-01   4.5801973e-01
  -5.1630286e-02   3.6314487e-01   8.2190236e-01   2.7643490e-01   8.0775856e-01   1.2343982e-01   7.5947038e-01   2.7825682e-02   6.6559220e-01   1.5635929e-01   7.9843208e-01   2.1139179e-01   7.7858876e-01   2.1992009e-01   6.9345354e-01  -4.0740475e-01   6.4360309e-01   3.3463670e-01
   1.6751451e-02   9.5077422e-04   8.4956114e-01   3.6873525e-02   8.0987323e-01  -9.9533702e-02   7.5428241e-01  -7.0769339e-02   6.7936882e-01   2.3885181e-02   8.1551042e-01  -1.4038388e-02   7.9148949e-01  -6.5746129e-02   5.8857727e-01  -4.5503754e-01   6.8527807e-01   1.7388028e-01
  -4.6898073e-02  -3.2844466e-01   8.3675099e-01  -1.7270489e-01   7.6823034e-01  -2.7793180e-01   7.3078039e-01  -1.3370706e-01   6.7393316e-01  -8.8303461e-02   7.9552899e-01  -2.0525791e-01   7.5900544e-01  -3.0061890e-01   4.8561065e-01  -3.9227003e-01   7.0068580e-01   1.9291450e-02
  -2.1191638e-01  -5.3117168e-01   7.9236873e-01  -3.1483698e-01   6.9593337e-01  -3.8169228e-01   6.9894591e-01  -1.4473459e-01   6.5509496e-01  -1.4746652e-01   7.4835976e-01  -3.2079577e-01   6.9447663e-01  -4.3451441e-01   4.0900148e-01  -2.3914700e-01   6.9379327e-01  -9.5045851e-02
  -4.2068523e-01  -5.6007974e-01   7.3009644e-01  -3.7381865e-01   6.1044151e-01  -4.0087156e-01   6.7044785e-01  -1.0516970e-01   6.3217275e-01  -1.4149277e-01   6.8901698e-01  -3.4431436e-01   6.1725242e-01  -4.4863634e-01   3.7554007e-01  -3.8051830e-02   6.7278855e-01  -1.5242816e-01
  -6.0841744e-01  -4.2514682e-01   6.6441765e-01  -3.5638231e-01   5.2919961e-01  -3.4551108e-01   6.5486117e-01  -3.2287992e-02   6.1466950e-01  -8.0139121e-02   6.3306257e-01  -2.8594922e-01   5.4710937e-01  -3.5693100e-01   3.9057757e-01   1.5934937e-01   6.4705470e-01  -1.5505084e-01
  -7.2401528e-01  -1.8458740e-01   6.0694077e-01  -2.8576199e-01   4.6571092e-01  -2.4010393e-01   6.5667255e-01   4.7497613e-02   6.0919223e-01   1.0909196e-02   5.9233765e-01  -1.7536461e-01   4.9903461e-01  -1.9800156e-01   4.4744185e-01   3.0684625e-01   6.2427681e-01  -1.1958678e-01
  -7.4294626e-01   7.9726441e-02   5.6451481e-01  -1.9151463e-01   4.2752156e-01  -1.1494218e-01   6.7444138e-01   1.0787400e-01   6.1791410e-01   1.0030980e-01   5.7275543e-01  -4.9796502e-02   4.8040652e-01  -2.0975890e-02   5.3027313e-01   3.7403157e-01   6.0884289e-01  -6.9026476e-02
  -6.7164428e-01   2.8830956e-01   5.3887702e-01  -1.0006126e-01   4.1574609e-01   1.8091909e-03   7.0161954e-01   1.3037671e-01   6.3837084e-01   1.6049947e-01   5.7385117e-01   5.6857402e-02   4.9025009e-01   1.2817879e-01   6.1836915e-01   3.5126480e-01   6.0138301e-01  -2.5012620e-02
  -5.4215669e-01   3.8606619e-01   5.2785618e-01  -2.8413923e-02   4.2621664e-01   8.9797923e-02   7.2891148e-01   1.0912718e-01   6.6463924e-01   1.7468802e-01   5.9014595e-01   1.2198057e-01   5.2079863e-01   2.1742222e-01   6.9121336e-01   2.4931633e-01   5.9951717e-01  -2.0630486e-03
  -4.0024389e-01   3.5565317e-01   5.2729333e-01   1.7993859e-02   4.5152631e-01   1.3941875e-01   7.4726793e-01   5.2066899e-02   6.8931362e-01   1.4053725e-01   6.1353364e-01   1.3835433e-01   5.6048089e-01   2.3482703e-01   7.3295870e-01   9.5722886e-02   5.9930895e-01  -4.5090638e-03
  -2.9051287e-01   2.1983826e-01   5.3301168e-01   4.3868004e-02   4.8340866e-01   1.5204608e-01   7.5073586e-01  -2.1534693e-02   7.0576074e-01   7.0083886e-02   6.3602860e-01   1.1416129e-01   5.9751168e-01   1.8940856e-01   7.3570792e-01  -7.1537878e-02   5.9697503e-01  -2.6432860e-02
  -2.4307097e-01   3.1679277e-02   5.4226332e-01   5.9924845e-02   5.1486080e-01   1.3761099e-01   7.3833265e-01  -8.7114970e-02   7.1003012e-01  -1.4452508e-02   6.5210943e-01   6.8621670e-02   6.2310608e-01   1.0624681e-01   7.0098892e-01  -2.1265080e-01   5.9033495e-01  -5.4709239e-02
  -2.6540071e-01  -1.4441545e-01   5.5434855e-01   7.7505942e-02   5.4155887e-01   1.1017452e-01   7.1438360e-01  -1.2283980e-01   7.0190563e-01  -8.8014193e-02   6.6004595e-01   2.4377472e-02   6.3352325e-01   1.7247220e-02   6.3909951e-01  -2.9554144e-01   5.7959844e-01  -7.4277692e-02
  -3.4226869e-01  -2.5409481e-01   5.7025394e-01   1.0363147e-01   5.6217975e-01   8.2843802e-02   6.8705385e-01  -1.1678839e-01   6.8469760e-01  -1.3074324e-01   6.6174258e-01  -7.5160574e-04   6.3029838e-01  -4.9418904e-02   5.6623421e-01  -3.0371291e-01   5.6719565e-01  -7.3822828e-02
  -4.4274686e-01  -2.6928089e-01   5.9158306e-01   1.3798219e-01   5.7772869e-01   6.3703205e-02   6.6565438e-01  -7.0737635e-02   6.6396000e-01  -1.3377819e-01   6.6133704e-01   4.2249331e-04   6.1884941e-01  -7.7485060e-02   5.0023122e-01  -2.3996421e-01   5.5680576e-01  -4.9764422e-02
  -5.3149578e-01  -1.9442597e-01   6.1918872e-01   1.7259555e-01   5.9021664e-01   5.3960947e-02   6.5762012e-01   6.4260173e-04   6.4562131e-01  -1.0099827e-01   6.6314975e-01   2.2956810e-02   6.0607646e-01  -6.5980466e-02   4.5608069e-01  -1.2473475e-01   5.5196871e-01  -7.2868226e-03
  -5.8030032e-01  -6.1728942e-02   6.5200194e-01   1.9437405e-01   6.0122791e-01   4.8786888e-02   6.6613703e-01   7.4721868e-02   6.3417776e-01  -4.6542792e-02   6.6977129e-01   5.2770117e-02   5.9783985e-01  -2.7324067e-02   4.4240669e-01   1.0301145e-02   5.5478624e-01   4.1732472e-02
  -5.7613375e-01   8.1793000e-02   6.8651268e-01   1.8968553e-01   6.1092579e-01   4.0355589e-02   6.8916309e-01   1.2808891e-01   6.3151490e-01   1.0536282e-02   6.8096906e-01   7.2615488e-02   5.9713824e-01   1.8527328e-02   4.5984056e-01   1.3113433e-01   5.6515648e-01   8.2898848e-02
  -5.2383495e-01   1.8993401e-01   7.1713048e-01   1.4961371e-01   6.1781790e-01   2.1765230e-02   7.2003492e-01   1.4357033e-01   6.3661460e-01   5.2378960e-02   6.9369978e-01   6.8623643e-02   6.0342655e-01   5.1387394e-02   5.0149548e-01   2.1004922e-01   5.8073840e-01   1.0396791e-01
  -4.4309605e-01   2.3110753e-01   7.3743660e-01   7.4219146e-02   6.1934410e-01  -9.5870185e-03   7.4947332e-01   1.1524656e-01   6.4616098e-01   6.7522345e-02   7.0318858e-01   3.5435011e-02   6.1317064e-01   5.7459434e-02   5.5530033e-01   2.3193807e-01   5.9763954e-01   9.8663150e-02
  -3.6124451e-01   1.9647453e-01   7.4195770e-01  -2.5953808e-02   6.1300716e-01  -5.0485977e-02   7.6832065e-01   5.0050485e-02   6.5578027e-01   5.3774797e-02   7.0464996e-01  -2.1711473e-02   6.2133690e-01   3.3294256e-02   6.0738636e-01   1.9684335e-01   6.1157300e-01   6.8490914e-02
  -3.0431397e-01   1.0112398e-01   7.2791335e-01  -1.3174737e-01   5.9758792e-01  -9.2588164e-02   7.7023899e-01  -3.4230092e-02   6.6150504e-01   1.8303021e-02   6.9507368e-01  -8.8309173e-02   6.2326524e-01  -1.3614582e-02   6.4562536e-01   1.1866937e-01   6.1912133e-01   2.2235664e-02
  -2.8942071e-01  -2.1981999e-02   6.9629066e-01  -2.2016072e-01   5.7395220e-01  -1.2499288e-01   7.5349762e-01  -1.1401404e-01   6.6097083e-01  -2.5093039e-02   6.7442790e-01  -1.4495201e-01   6.1626439e-01  -6.7703893e-02   6.6230869e-01   2.0588696e-02   6.1868154e-01  -2.6723126e-02
  -3.1930378e-01  -1.3352665e-01   6.5210355e-01  -2.7085726e-01   5.4532050e-01  -1.3787434e-01   7.2171858e-01  -1.6705127e-01   6.5421387e-01  -6.0793977e-02   6.4613036e-01  -1.7371000e-01   6.0072637e-01  -1.1075234e-01   6.5586281e-01  -7.1782281e-02   6.1099618e-01  -6.4624668e-02
  -3.8324511e-01  -2.0040389e-01   6.0325807e-01  -2.7152387e-01   5.1657054e-01  -1.2560611e-01   6.8261760e-01  -1.7851494e-01   6.4341351e-01  -7.6339832e-02   6.1610882e-01  -1.6367538e-01   5.7987769e-01  -1.2781145e-01   6.3031607e-01  -1.3683244e-01   5.9875387e-01  -8.1330507e-02
  -4.6077282e-01  -2.0530189e-01   5.5889279e-01  -2.2118422e-01   4.9317287e-01  -8.8651226e-02   6.4601182e-01  -1.4503418e-01   6.3218844e-01  -6.6117109e-02   5.9133411e-01  -1.1446004e-01   5.5891379e-01  -1.1173160e-01   5.9390218e-01  -1.6188309e-01   5.8581817e-01  -7.3141229e-02
  -5.2868282e-01  -1.5079494e-01   5.2726625e-01  -1.3036880e-01   4.7981034e-01  -3.3669939e-02   6.2109648e-01  -7.5243909e-02   6.2438249e-01  -3.2712295e-02   5.7787553e-01  -3.6401775e-02   5.4341460e-01  -6.5149281e-02   5.5655176e-01  -1.4536934e-01   5.7605658e-01  -4.3568843e-02
  -5.6811541e-01  -5.6657646e-02   5.1394687e-01  -1.8245178e-02   4.7921059e-01   2.8169744e-02   6.1407088e-01   1.3128093e-02   6.2288702e-01   1.4431161e-02   5.7926929e-01   5.2481605e-02   5.3773527e-01   7.0898153e-04   5.2730728e-01  -9.5886407e-02   5.7226144e-01  -1.8808717e-03
  -5.6964878e-01   4.7292755e-02   5.2068609e-01   9.1980809e-02   4.9146544e-01   8.3901285e-02   6.2666212e-01   9.8166876e-02   6.2882167e-01   6.2054271e-02   5.9559366e-01   1.3130535e-01   5.4381934e-01   6.9379482e-02   5.1227480e-01  -2.9056563e-02   5.7543775e-01   3.9718211e-02
  -5.3543529e-01   1.3087903e-01   5.4514504e-01   1.7851784e-01   5.1396249e-01   1.2196715e-01   6.5579196e-01   1.5961708e-01   6.4122218e-01   9.7047996e-02   6.2341819e-01   1.8185116e-01   5.6065481e-01   1.2384622e-01   5.1341756e-01   3.7061445e-02   5.8458464e-01   6.9614348e-02
  -4.7748421e-01   1.7218781e-01   5.8161992e-01   2.2565120e-01   5.4202001e-01   1.3490444e-01   6.9456970e-01   1.8376095e-01   6.5737391e-01   1.0999095e-01   6.5671856e-01   1.9299088e-01   5.8461166e-01   1.5099248e-01   5.2859199e-01   8.6551313e-02   5.9707796e-01   7.9823758e-02
  -4.1350366e-01   1.6310200e-01   6.2240481e-01   2.2685551e-01   5.6995469e-01   1.2101848e-01   7.3409223e-01   1.6645681e-01   6.7356426e-01   9.7517417e-02   6.8834897e-01   1.6323542e-01   6.1039261e-01   1.4482051e-01   5.5249338e-01   1.0923483e-01   6.0942833e-01   6.7932099e-02
  -3.6147684e-01   1.1058088e-01   6.5951114e-01   1.8573438e-01   5.9235589e-01   8.4654546e-02   7.6564173e-01   1.1371934e-01   6.8606869e-01   6.3011613e-02   7.1174427e-01   1.0085773e-01   6.3236920e-01   1.0774007e-01   5.7826055e-01   1.0259077e-01   6.1823115e-01   3.7516419e-02
  -3.3424961e-01   3.3439322e-02   6.8644971e-01   1.1454925e-01   6.0533505e-01   3.4934710e-02   7.8286103e-01   3.9676632e-02   6.9216422e-01   1.5421903e-02   7.2252826e-01   2.1446701e-02   6.4603341e-01   4.9600796e-02   5.9940505e-01   7.1669774e-02   6.2111224e-01  -3.0785956e-03
  -3.3664323e-01  -4.4364516e-02   6.9936311e-01   3.0635602e-02   6.0721847e-01  -1.6724445e-02   7.8297994e-01  -3.7558769e-02   6.9071902e-01  -3.3520835e-02   7.1931963e-01  -5.6426063e-02   6.4894546e-01  -1.5390017e-02   6.1128484e-01   2.6855835e-02   6.1724987e-01  -4.3285541e-02
  -3.6464912e-01  -1.0110208e-01   6.9762776e-01  -4.7917378e-02   5.9879907e-01  -5.9438329e-02   7.6728452e-01  -1.0059164e-01   6.8242010e-01  -7.2539924e-02   7.0391945e-01  -1.1596514e-01   6.4122236e-01  -7.2476714e-02   6.1209014e-01  -1.9242928e-02   6.0754882e-01  -7.3201520e-02
  -4.0763269e-01  -1.2351521e-01   6.8356777e-01  -1.0648217e-01   5.8290646e-01  -8.5402960e-02   7.4041558e-01  -1.3699486e-01   6.6944445e-01  -9.3759334e-02   6.8058588e-01  -1.4619027e-01   6.2527081e-01  -1.1012543e-01   6.0292384e-01  -5.5304286e-02   5.9428848e-01  -8.6160696e-02
  -4.5208998e-01  -1.0951415e-01   6.6157474e-01  -1.3655453e-01   5.6357395e-01  -9.1296966e-02   7.0897344e-01  -1.4163864e-01   6.5480111e-01  -9.4259229e-02   6.5482453e-01  -1.4386844e-01   6.0501027e-01  -1.2234257e-01   5.8715352e-01  -7.3838057e-02   5.8046925e-01  -8.0064583e-02
  -4.8568534e-01  -6.7614870e-02   6.3694385e-01  -1.3675077e-01   5.4505459e-01  -7.8541032e-02   6.7986574e-01  -1.1711730e-01   6.4156326e-01  -7.6262477e-02   6.3204860e-01  -1.1345864e-01   5.8486747e-01  -1.0944586e-01   5.6935218e-01  -7.2522648e-02   5.6906171e-01  -5.7499785e-02
