   2.0010713e-01   3.3977418e-01   1.3451533e-01   6.5448674e-01   2.0766051e-02   6.7660915e-01   7.2924601e-02   7.7668401e-02   1.2076898e-02   6.3013602e-01   1.0417614e-01   5.7139817e-01   1.0927275e-01   2.3791789e-01   1.3868191e-01   2.4650084e-01   6.7830031e-02   6.1717677e-01
   1.8696306e-01  -3.9190742e-01   2.8628423e-01   9.1215800e-01   1.9488630e-01   9.2356876e-01   1.0836269e-01   3.3908242e-01   1.4510921e-01   8.8582449e-01   2.1676672e-01   8.5654848e-01   1.7422110e-01   5.8188660e-01   2.3605275e-01   7.0492718e-01   1.9444750e-01   8.7912646e-01
  -5.3273206e-02  -8.8767796e-01   4.7101714e-01   1.0000000e+00   4.0356123e-01   1.0000000e+00   1.8586874e-01   5.7586841e-01   3.0978300e-01   1.0000000e+00   3.6116341e-01   9.8778052e-01   2.8488803e-01   8.2543745e-01   4.0597980e-01   9.6584207e-01   3.5278423e-01   1.0000000e+00
  -4.0516715e-01  -1.0000000e+00   6.5707833e-01   9.3107823e-01   6.1167722e-01   9.2394395e-01   3.0041957e-01   7.7537203e-01   4.8371438e-01   9.9790474e-01   5.1617175e-01   1.0000000e+00   4.2536608e-01   9.6540617e-01   6.0521803e-01   1.0000000e+00   5.2074712e-01   9.9903966e-01
  -7.2731973e-01  -7.3692776e-01   8.1807064e-01   7.4404528e-01   7.9080986e-01   7.3652952e-01   4.4374995e-01   9.1244352e-01   6.4924452e-01   9.0677494e-01   6.6602097e-01   9.2539992e-01   5.7943796e-01   1.0000000e+00   7.9070068e-01   8.3608300e-01   6.8027361e-01   9.0308012e-01
  -9.0771588e-01  -2.4242539e-01   9.3560501e-01   4.8088605e-01   9.2182161e-01   4.8019033e-01   6.0272762e-01   9.5596089e-01   7.9290864e-01   7.4752335e-01   7.9890582e-01   7.8263409e-01   7.3050415e-01   9.2629509e-01   9.2897349e-01   5.3705083e-01   8.1755060e-01   7.3505151e-01
  -8.9683200e-01   2.9415708e-01   9.9834223e-01   1.7257318e-01   9.9347590e-01   1.8540577e-01   7.5920266e-01   8.7883026e-01   9.0429200e-01   5.3480778e-01   9.0493196e-01   5.7824681e-01   8.6161834e-01   7.4328680e-01   1.0000000e+00   1.7128740e-01   9.2194463e-01   5.0999438e-01
  -7.1079564e-01   7.0776380e-01   1.0000000e+00  -1.5640614e-01   1.0000000e+00  -1.2506545e-01   8.9146546e-01   6.6835739e-01   9.7523619e-01   2.8134364e-01   9.7475563e-01   3.1538678e-01   9.5619837e-01   4.5845969e-01   9.9685510e-01  -1.9851830e-01   9.8489091e-01   2.3936619e-01
  -4.1671753e-01   8.7927313e-01   9.3942195e-01  -4.7480213e-01   9.4077318e-01  -4.2402020e-01   9.7757985e-01   3.3539071e-01   1.0000000e+00   3.0592029e-03   1.0000000e+00   4.7824388e-03   1.0000000e+00   9.5276048e-02   9.2472928e-01  -5.1207426e-01   1.0000000e+00  -6.1076999e-02
  -1.1397230e-01   7.5428564e-01   8.2274067e-01  -7.3700144e-01   8.2224876e-01  -6.7199502e-01   1.0000000e+00  -7.7091925e-02   9.7628150e-01  -2.7500654e-01   9.7526371e-01  -3.2386167e-01   9.8415317e-01  -2.9902992e-01   8.0068549e-01  -7.1141328e-01   9.6442703e-01  -3.6317154e-01
   9.4905488e-02   3.7268565e-01   6.6566328e-01  -8.9098595e-01   6.6030712e-01  -8.2262676e-01   9.5129840e-01  -4.9411348e-01   9.0716743e-01  -5.1587309e-01   9.0160052e-01  -6.1761304e-01   9.0910775e-01  -6.5366214e-01   6.5205795e-01  -7.5467397e-01   8.8131837e-01  -6.2386935e-01
   1.3880026e-01  -1.3563460e-01   4.9279772e-01  -8.9875046e-01   4.7993990e-01  -8.4026739e-01   8.3818691e-01  -8.2685802e-01   8.0270397e-01  -6.7787249e-01   7.8928676e-01  -8.1355297e-01   7.8709075e-01  -8.9168434e-01   5.1132631e-01  -6.3428713e-01   7.6162689e-01  -7.9486673e-01
   2.7190129e-03  -5.9921350e-01   3.3326759e-01  -7.5246789e-01   3.1112452e-01  -7.1565654e-01   6.8159513e-01  -1.0000000e+00   6.7954579e-01  -7.2853116e-01   6.5763316e-01  -8.6160672e-01   6.4108539e-01  -9.5575136e-01   4.0840226e-01  -3.8311464e-01   6.2366216e-01  -8.3883468e-01
  -2.6880047e-01  -8.6825937e-01   2.1444196e-01  -4.7799386e-01   1.8247741e-01  -4.7062293e-01   5.1230533e-01  -9.7490224e-01   5.5821785e-01  -6.5707618e-01   5.3137949e-01  -7.4407934e-01   5.0007111e-01  -8.2839321e-01   3.6335255e-01  -6.4658030e-02   4.9002966e-01  -7.4323264e-01
  -5.8895604e-01  -8.6345872e-01   1.5603903e-01  -1.2816693e-01   1.1503271e-01  -1.5278706e-01   3.6361354e-01  -7.6107690e-01   4.5875895e-01  -4.8013070e-01   4.3484580e-01  -4.8443940e-01   3.9206826e-01  -5.3943018e-01   3.8210830e-01   2.4580657e-01   3.8286550e-01  -5.2649152e-01
  -8.5864005e-01  -5.9876128e-01   1.6619928e-01   2.3057632e-01   1.1795036e-01   1.7660840e-01   2.6334664e-01  -4.1296139e-01   3.9619283e-01  -2.3822996e-01   3.8582843e-01  -1.4219513e-01   3.3725081e-01  -1.5826803e-01   4.5616304e-01   4.8155464e-01   3.1887795e-01  -2.3443722e-01
  -1.0000000e+00  -1.6961147e-01   2.4034713e-01   5.3458398e-01   1.8714782e-01   4.5830677e-01   2.2735978e-01  -1.2390201e-02   3.7722049e-01   1.6285750e-02   3.9113103e-01   2.0537297e-01   3.4310711e-01   2.2729331e-01   5.6585999e-01   5.9915672e-01   3.0561747e-01   7.2709539e-02
  -9.7719048e-01   2.8927029e-01   3.6310794e-01   7.3417436e-01   3.0725865e-01   6.4629200e-01   2.5722224e-01   3.5403778e-01   3.9963495e-01   2.3330456e-01   4.4579263e-01   4.8449227e-01   4.0379470e-01   5.3461396e-01   6.8555848e-01   5.8118936e-01   3.4063024e-01   3.3587441e-01
  -8.0414296e-01   6.4578132e-01   5.1132744e-01   7.9891603e-01   4.5489929e-01   7.1303565e-01   3.4062316e-01   6.1261467e-01   4.5339417e-01   3.7446297e-01   5.3456063e-01   6.3941459e-01   5.0199320e-01   7.0262571e-01   7.8858462e-01   4.3512109e-01   4.1244872e-01   5.0864834e-01
  -5.3623042e-01   8.0538748e-01   6.5824871e-01   7.2122673e-01   6.0308210e-01   6.5199807e-01   4.5499173e-01   7.1643730e-01   5.2336062e-01   4.1928371e-01   6.3569923e-01   6.4248673e-01   6.1338921e-01   7.0266104e-01   8.5226362e-01   1.9275426e-01   5.0356471e-01   5.6527119e-01
  -2.5261541e-01   7.3220341e-01   7.7810839e-01   5.1985819e-01   7.2581871e-01   4.7956637e-01   5.7281786e-01   6.5493219e-01   5.9268034e-01   3.6889359e-01   7.2580357e-01   5.0068194e-01   7.1213722e-01   5.4448384e-01   8.6255972e-01  -9.0746814e-02   5.9424157e-01   5.0535588e-01
  -3.3458738e-02   4.5999674e-01   8.5116427e-01   2.3960446e-01   8.0297677e-01   2.3439652e-01   6.6809188e-01   4.5795575e-01   6.4659203e-01   2.4706496e-01   7.8527675e-01   2.5721994e-01   7.7685864e-01   2.7662502e-01   8.1805814e-01  -3.4561330e-01   6.6682111e-01   3.5490993e-01
   6.5320598e-02   8.0779550e-02   8.6814664e-01  -5.8995251e-02   8.2459278e-01  -3.0992439e-02   7.2296360e-01   1.8685834e-01   6.7613657e-01   9.3640623e-02   8.0358424e-01  -1.9847768e-02   7.9621342e-01  -2.6661453e-02   7.3119498e-01  -5.0783018e-01   7.0988543e-01   1.5892112e-01
   2.5904817e-02  -2.8854800e-01   8.3138697e-01  -3.1572483e-01   7.9209436e-01  -2.6347194e-01   7.3105190e-01  -8.5062343e-02   6.7963100e-01  -4.7827917e-02   7.8114721e-01  -2.5847246e-01   7.7080001e-01  -2.8754450e-01   6.2475344e-01  -5.3889229e-01   7.2003541e-01  -3.2277560e-02
  -1.2838581e-01  -5.4308030e-01   7.5350669e-01  -4.8515104e-01   7.1723448e-01  -4.2176384e-01   6.9792528e-01  -2.9306605e-01   6.6234058e-01  -1.4262163e-01   7.2853490e-01  -4.0301979e-01   7.1221083e-01  -4.4608762e-01   5.2566363e-01  -4.3664162e-01   7.0177021e-01  -1.7658298e-01
  -3.4351060e-01  -6.2080394e-01   6.5358652e-01  -5.4578192e-01   6.1852939e-01  -4.8478346e-01   6.3814815e-01  -3.9710279e-01   6.3407969e-01  -1.7371872e-01   6.6267818e-01  -4.2834695e-01   6.3893857e-01  -4.7495869e-01   4.5770407e-01  -2.3373574e-01   6.6518838e-01  -2.4996058e-01
  -5.5323724e-01  -5.1787559e-01   5.5231541e-01  -5.0246180e-01   5.1659672e-01  -4.5426783e-01   5.7040087e-01  -3.8930522e-01   6.0585625e-01  -1.4455744e-01   6.0174736e-01  -3.4393231e-01   5.7088612e-01  -3.8374164e-01   4.3560542e-01   1.3448670e-02   6.2261217e-01  -2.5015272e-01
  -7.0041570e-01  -2.8434076e-01   4.6719811e-01  -3.8149292e-01   4.2942735e-01  -3.5117108e-01   5.1200699e-01  -2.9134600e-01   5.8649338e-01  -7.5149888e-02   5.6004592e-01  -1.8713740e-01   5.2387996e-01  -2.1201742e-01   4.6180868e-01   2.4201781e-01   5.8502927e-01  -1.9370349e-01
  -7.5195223e-01  -1.4557693e-03   4.0959636e-01  -2.2018219e-01   3.6930616e-01  -2.0717039e-01   4.7501984e-01  -1.4296221e-01   5.8061674e-01   6.7011676e-03   5.4498684e-01  -8.3460803e-03   5.0635419e-01  -1.3961238e-02   5.2712495e-01   3.9901911e-01   5.5973438e-01  -1.0764959e-01
  -7.0586491e-01   2.4488475e-01   3.8351197e-01  -5.6303214e-02   3.4133590e-01  -5.5886503e-02   4.6412562e-01   1.0912391e-02   5.8797278e-01   7.4145070e-02   5.5608761e-01   1.4390954e-01   5.1814967e-01   1.5738583e-01   6.1369704e-01   4.5272488e-01   5.4921929e-01  -2.0760150e-02
  -5.8802208e-01   3.8938299e-01   3.8640872e-01   8.0257811e-02   3.4390178e-01   7.4486539e-02   4.7685310e-01   1.3211746e-01   6.0429452e-01   1.0838444e-01   5.8632935e-01   2.3507229e-01   5.5185274e-01   2.6331843e-01   6.9999138e-01   3.9735311e-01   5.5158891e-01   4.4117598e-02
  -4.4159275e-01   4.0223078e-01   4.1117995e-01   1.7159921e-01   3.7035255e-01   1.6531833e-01   5.0545257e-01   1.9671989e-01   6.2305302e-01   1.0223870e-01   6.2487190e-01   2.5067974e-01   5.9565359e-01   2.8642848e-01   7.6580239e-01   2.5182105e-01   5.6197233e-01   7.4369967e-02
  -3.1297674e-01   2.9515747e-01   4.4860282e-01   2.1335617e-01   4.1129751e-01   2.0974495e-01   5.3967004e-01   1.9921523e-01   6.3759131e-01   6.1264977e-02   6.6036047e-01   1.9830523e-01   6.3689684e-01   2.3305666e-01   7.9680544e-01   5.4964619e-02   5.7441026e-01   6.9566634e-02
  -2.3805995e-01   1.1475382e-01   4.8973875e-01   2.1302337e-01   4.5704232e-01   2.1204599e-01   5.6976662e-01   1.5153189e-01   6.4310700e-01   1.3221475e-03   6.8400933e-01   1.0352406e-01   6.6545406e-01   1.2937760e-01   7.8756792e-01  -1.4356320e-01   5.8375290e-01   3.9923028e-02
  -2.3161596e-01  -7.5176769e-02   5.2797925e-01   1.8552543e-01   4.9983610e-01   1.8437853e-01   5.8922829e-01   7.7136751e-02   6.3812068e-01  -5.7167014e-02   6.9193706e-01   4.6253040e-04   6.7636077e-01   1.1790985e-02   7.4272285e-01  -2.9608064e-01   5.8721525e-01   1.6304509e-03
  -2.8604833e-01  -2.1486005e-01   5.5973159e-01   1.4758571e-01   5.3485675e-01   1.4194926e-01   5.9576031e-01   2.4057477e-03   6.2451884e-01  -9.5887287e-02   6.8537703e-01  -7.9215147e-02   6.7023452e-01  -8.4599727e-02   6.7512135e-01  -3.6823281e-01   5.8472477e-01  -2.9103463e-02
  -3.7564170e-01  -2.6705913e-01   5.8436019e-01   1.1232538e-01   5.6045471e-01   9.8066861e-02   5.9120615e-01  -5.1798568e-02   6.0676375e-01  -1.0442797e-01   6.6967097e-01  -1.1594675e-01   6.5240544e-01  -1.3634583e-01   6.0238202e-01  -3.4776705e-01   5.7855276e-01  -4.1464473e-02
  -4.6691602e-01  -2.2594241e-01   6.0308282e-01   8.5907419e-02   5.7728330e-01   6.0723199e-02   5.8003864e-01  -7.5430484e-02   5.9021636e-01  -8.2765628e-02   6.5191212e-01  -1.0665543e-01   6.3054337e-01  -1.3691008e-01   5.4214855e-01  -2.4632045e-01   5.7209257e-01  -3.2862446e-02
  -5.2991268e-01  -1.1534708e-01   6.1754324e-01   6.6900475e-02   5.8700814e-01   3.1514395e-02   5.6739322e-01  -7.0343462e-02   5.7938094e-01  -4.0262989e-02   6.3842136e-01  -6.3524419e-02   6.1199297e-01  -9.6249815e-02   5.0766763e-01  -9.4868707e-02   5.6846638e-01  -8.7508366e-03
  -5.4667174e-01   2.2135605e-02   6.2860826e-01   4.8610485e-02   5.9111642e-01   7.1883960e-03   5.5734863e-01  -4.7204345e-02   5.7665946e-01   8.2119326e-03   6.3290619e-01  -7.9965616e-03   6.0169086e-01  -3.5306615e-02   5.0499970e-01   6.5678109e-02   5.6945361e-01   2.0272469e-02
  -5.1628163e-01   1.4001499e-01   6.3560947e-01   2.3204935e-02   5.9008147e-01  -1.7259169e-02   5.5170169e-01  -2.0341941e-02   5.8168649e-01   4.7352898e-02   6.3542978e-01   3.7265988e-02   6.0083993e-01   2.1869762e-02   5.3180322e-01   1.9584393e-01   5.7485462e-01   4.2622880e-02
  -4.5264117e-01   2.0246147e-01   6.3668971e-01  -1.3902643e-02   5.8348245e-01  -4.5114932e-02   5.5000097e-01  -2.0218959e-03   5.9182387e-01   6.6109110e-02   6.4304320e-01   5.5922411e-02   6.0728043e-01   5.6072225e-02   5.7899339e-01   2.6717038e-01   5.8280082e-01   4.9855171e-02
  -3.7921585e-01   1.9376074e-01   6.2964278e-01  -6.1393195e-02   5.7056899e-01  -7.5857117e-02   5.5016601e-01   1.3440958e-03   6.0310109e-01   6.0583318e-02   6.5105495e-01   4.2544011e-02   6.1658116e-01   5.8170997e-02   6.3341620e-01   2.6820513e-01   5.9045733e-01   3.9237699e-02
  -3.2089146e-01   1.2163915e-01   6.1311920e-01  -1.1177332e-01   5.5115545e-01  -1.0484870e-01   5.4965769e-01  -9.2619834e-03   6.1156327e-01   3.4757232e-02   6.5487191e-01   3.6514427e-03   6.2382573e-01   3.1021558e-02   6.8148156e-01   2.0580115e-01   5.9507336e-01   1.4431483e-02
  -2.9606899e-01   1.3166648e-02   5.8762165e-01  -1.5361843e-01   5.2636068e-01  -1.2491074e-01   5.4665656e-01  -2.6694208e-02   6.1451426e-01  -1.2379384e-03   6.5166771e-01  -4.5197050e-02   6.2536354e-01  -1.2575198e-02   7.1252809e-01   1.0161964e-01   5.9494956e-01  -1.6004138e-02
  -3.1137678e-01  -9.5091905e-02   5.5590846e-01  -1.7529592e-01   4.9887574e-01  -1.2897092e-01   5.4084208e-01  -4.0914665e-02   6.1128765e-01  -3.4653764e-02   6.4135893e-01  -8.5098615e-02   6.1998687e-01  -5.4897124e-02   7.2111070e-01  -1.4791880e-02   5.9001182e-01  -4.1653539e-02
  -3.6037311e-01  -1.6929547e-01   5.2266758e-01  -1.6880276e-01   4.7265175e-01  -1.1275438e-01   5.3355053e-01  -4.3036802e-02   6.0334888e-01  -5.4290550e-02   6.2662867e-01  -1.0033063e-01   6.0922853e-01  -7.9536431e-02   7.0778028e-01  -1.1422672e-01   5.8183341e-01  -5.3774084e-02
  -4.2654676e-01  -1.8860647e-01   4.9354077e-01  -1.3241429e-01   4.5208506e-01  -7.6554969e-02   5.2727355e-01  -2.8644986e-02   5.9370886e-01  -5.3856726e-02   6.1200097e-01  -8.3408168e-02   5.9671141e-01  -7.6662130e-02   6.7825068e-01  -1.7492857e-01   5.7310128e-01  -4.8065608e-02
  -4.8916731e-01  -1.5060090e-01   4.7381029e-01  -7.1502444e-02   4.4096473e-01  -2.5627765e-02   5.2473680e-01   6.0139556e-04   5.8590233e-01  -3.3597051e-02   6.0234800e-01  -3.7265734e-02   5.8686553e-01  -4.5827157e-02   6.4141480e-01  -1.8705555e-01   5.6674460e-01  -2.5903157e-02
  -5.2981603e-01  -7.0219149e-02   4.6715746e-01   2.6834724e-03   4.4152393e-01   3.0902509e-02   5.2791327e-01   3.7581189e-02   5.8289376e-01   2.5799216e-04   6.0136343e-01   2.6053360e-02   5.8348428e-01   4.4865449e-03   6.0686001e-01  -1.5347898e-01   5.6503466e-01   6.3248112e-03
  -5.3777695e-01   2.5990965e-02   4.7475440e-01   7.5607576e-02   4.5380224e-01   8.2095267e-02   5.3725909e-01   7.1919774e-02   5.8619439e-01   3.7577047e-02   6.1039650e-01   8.9107106e-02   5.8851993e-01   5.9721575e-02   5.8249212e-01  -8.7717632e-02   5.6888940e-01   3.9200608e-02
  -5.1269274e-01   1.0905051e-01   4.9495926e-01   1.3298418e-01   4.7553420e-01   1.1786281e-01   5.5142978e-01   9.3346411e-02   5.9544367e-01   6.7516196e-02   6.2800717e-01   1.3439958e-01   6.0147168e-01   1.0393269e-01   5.7280263e-01  -9.2927906e-03   5.7759630e-01   6.3183669e-02
  -4.6367808e-01   1.5597817e-01   5.2370892e-01   1.6395396e-01   5.0261105e-01   1.3126471e-01   5.6759182e-01   9.4726802e-02   6.0858051e-01   8.1471536e-02   6.5038126e-01   1.4913135e-01   6.1957219e-01   1.2428123e-01   5.7827939e-01   6.1512268e-02   5.8904245e-01   7.1220556e-02
  -4.0611306e-01   1.5607245e-01   5.5538937e-01   1.6353994e-01   5.2992259e-01   1.2017940e-01   5.8212675e-01   7.4281241e-02   6.2241324e-01   7.5376479e-02   6.7231024e-01   1.2871030e-01   6.3852667e-01   1.1460922e-01   5.9569413e-01   1.0859379e-01   6.0027967e-01   6.0688859e-02
  -3.5657218e-01   1.1315007e-01   5.8410155e-01   1.3364699e-01   5.5248506e-01   8.7792763e-02   5.9163333e-01   3.6216621e-02   6.3352825e-01   5.0676035e-02   6.8861428e-01   7.7917006e-02   6.5373093e-01   7.7039701e-02   6.1934594e-01   1.2356423e-01   6.0835533e-01   3.4063216e-02
  -3.2796141e-01   4.3073744e-02   6.0491266e-01   8.2261512e-02   5.6649192e-01   4.1694137e-02   5.9384561e-01  -1.0521654e-02   6.3919849e-01   1.3648428e-02   6.9548739e-01   9.2946685e-03   6.6150755e-01   2.1036397e-02   6.4275084e-01   1.0684714e-01   6.1110195e-01  -1.9414725e-03
  -3.2615128e-01  -3.1809646e-02   6.1481816e-01   2.1317068e-02   5.7006093e-01  -8.0113730e-03   5.8822841e-01  -5.4753674e-02   6.3806228e-01  -2.6470916e-02   6.9143504e-01  -6.0381667e-02   6.6003752e-01  -3.9397036e-02   6.6029330e-01   6.6587561e-02   6.0768999e-01  -3.8283057e-02
  -3.4883840e-01  -8.9996205e-02   6.1323676e-01  -3.6376290e-02   5.6353011e-01  -5.1222600e-02   5.7610626e-01  -8.6266455e-02   6.3042877e-01  -6.0167329e-02   6.7759893e-01  -1.1482626e-01   6.4978660e-01  -8.9778665e-02   6.6853086e-01   1.5627551e-02   5.9882234e-01  -6.6163012e-02
  -3.8714613e-01  -1.1703698e-01   6.0185969e-01  -8.0097060e-02   5.4917859e-01  -8.0132054e-02   5.6023915e-01  -9.8488588e-02   6.1808225e-01  -8.0135719e-02   6.5731146e-01  -1.4241916e-01   6.3324331e-01  -1.1897169e-01   6.6671315e-01  -3.2362516e-02   5.8647607e-01  -7.9310685e-02
  -4.2881121e-01  -1.0890838e-01   5.8404589e-01  -1.0330371e-01   5.3056992e-01  -9.0716172e-02   5.4408051e-01  -8.9919881e-02   6.0375494e-01  -8.2887425e-02   6.3516923e-01  -1.3872278e-01   6.1419496e-01  -1.2169012e-01   6.5659358e-01  -6.6308915e-02   5.7336018e-01  -7.5367824e-02
  -4.6205111e-01  -7.2164133e-02   5.6392456e-01  -1.0456722e-01   5.1167454e-01  -8.3238857e-02   5.3090133e-01  -6.4153269e-02   5.9041127e-01  -6.9263278e-02   6.1585803e-01  -1.0701965e-01   5.9673604e-01  -9.9340240e-02   6.4167459e-01  -8.0111216e-02   5.6222520e-01  -5.6194554e-02
