   1.2203015e-01   6.2429929e-01   1.4277404e-01   4.4531198e-01   1.0042200e-01   5.2498781e-01   9.3086193e-02   1.7881458e-01   3.4194316e-02   3.7684135e-01   2.3975191e-02   3.9498087e-01   1.0871848e-01   8.0543988e-01   8.9890238e-02   5.5246048e-01   8.9598333e-02   1.4222690e-01
   2.1344600e-01  -1.2618466e-01   2.5627627e-01   8.1591014e-01   2.3111477e-01   8.5387867e-01   1.4155325e-01   4.5743263e-01   1.2201344e-01   7.2207597e-01   1.2444409e-01   7.3676512e-01   2.7824060e-01   9.9873173e-01   2.6292576e-01   8.9502821e-01   1.4351181e-01   5.4841253e-01
   4.7009114e-02  -7.3087416e-01   4.1885342e-01   1.0000000e+00   4.0599937e-01   1.0000000e+00   2.2612971e-01   6.6571206e-01   2.5237209e-01   9.2329560e-01   2.7182358e-01   9.3496084e-01   4.6481292e-01   1.0000000e+00   4.8848803e-01   1.0000000e+00   2.4912236e-01   8.2352928e-01
  -2.8499178e-01  -1.0000000e+00   5.9725090e-01   9.9960491e-01   5.9164131e-01   9.7471304e-01   3.3750330e-01   8.1829268e-01   4.0411944e-01   1.0000000e+00   4.4182773e-01   1.0000000e+00   6.3881297e-01   8.7402794e-01   7.1143565e-01   8.7983073e-01   3.8649011e-01   9.6928802e-01
  -6.4342786e-01  -8.7831719e-01   7.6195757e-01   8.5256659e-01   7.5972166e-01   8.1893332e-01   4.6779463e-01   9.1832510e-01   5.5982776e-01   9.7807757e-01   6.1305778e-01   9.5270786e-01   7.8313409e-01   6.8760915e-01   8.8611576e-01   5.9947905e-01   5.3701001e-01   1.0000000e+00
  -8.9753030e-01  -4.6083152e-01   8.9163747e-01   6.0951003e-01   8.9057244e-01   5.8095939e-01   6.0834825e-01   9.5239191e-01   7.0581365e-01   8.7839867e-01   7.6778573e-01   8.1311226e-01   8.9129973e-01   4.8681446e-01   9.8508862e-01   2.4413728e-01   6.8454767e-01   9.3254766e-01
  -9.6962504e-01   7.5917065e-02   9.7326286e-01   3.1210362e-01   9.7261744e-01   2.9808591e-01   7.4759292e-01   8.9684695e-01   8.3106300e-01   7.1470694e-01   8.9136432e-01   5.9688185e-01   9.6278871e-01   2.9095238e-01   1.0000000e+00  -1.1084976e-01   8.1532856e-01   7.8098654e-01
  -8.4884322e-01   5.5357628e-01   1.0000000e+00  -1.0189713e-02   1.0000000e+00  -4.5780962e-03   8.7050781e-01   7.3053524e-01   9.2643168e-01   4.9751353e-01   9.7177111e-01   3.1913694e-01   9.9885109e-01   1.0082213e-01   9.3795436e-01  -4.0784109e-01   9.1755357e-01   5.5743501e-01
  -5.8500649e-01   8.3151877e-01   9.6988275e-01  -3.2872703e-01   9.7116444e-01  -3.0307329e-01   9.5990247e-01   4.4921043e-01   9.8443028e-01   2.3907340e-01   1.0000000e+00   1.2039348e-03   1.0000000e+00  -8.8467513e-02   8.1785218e-01  -6.0259263e-01   9.8137857e-01   2.7737984e-01
  -2.6926992e-01   8.2674451e-01   8.8678006e-01  -6.0516298e-01   8.8977292e-01  -5.6447847e-01   1.0000000e+00   7.6555823e-02   1.0000000e+00  -4.1360113e-02   9.7177807e-01  -3.2339573e-01   9.6638971e-01  -2.7519735e-01   6.6747877e-01  -6.6381891e-01   1.0000000e+00  -3.4006413e-02
  -8.5943042e-03   5.4297831e-01   7.6212840e-01  -7.9335441e-01   7.6649613e-01  -7.4730185e-01   9.8098703e-01  -3.3085281e-01   9.7194060e-01  -3.1304621e-01   8.8991492e-01  -6.0680440e-01   8.9974129e-01  -4.4316880e-01   5.1950597e-01  -5.8326861e-01   9.7144478e-01  -3.3773038e-01
   1.0981752e-01   8.0246220e-02   6.1510726e-01  -8.5463584e-01   6.1957496e-01  -8.1435423e-01   9.0344886e-01  -6.9387923e-01   9.0468371e-01  -5.3602878e-01   7.6628467e-01  -7.9527966e-01   8.0603958e-01  -5.6364552e-01   4.0483938e-01  -3.8462387e-01   9.0049441e-01  -5.8547747e-01
   4.8272387e-02  -4.0239153e-01   4.6977807e-01  -7.7408384e-01   4.7248831e-01  -7.4841403e-01   7.7999442e-01  -9.3461373e-01   8.0894048e-01  -6.7201937e-01   6.2136476e-01  -8.4650530e-01   6.9685206e-01  -6.0698389e-01   3.4541171e-01  -1.1949004e-01   7.9914438e-01  -7.3266646e-01
  -1.7040254e-01  -7.4664680e-01   3.5025147e-01  -5.6604066e-01   3.4942881e-01  -5.5935431e-01   6.3326351e-01  -1.0000000e+00   7.0043839e-01  -6.9704113e-01   4.8082498e-01  -7.4511824e-01   5.8830926e-01  -5.5513802e-01   3.4931247e-01   1.4804752e-01   6.8498959e-01  -7.5194599e-01
  -4.7340618e-01  -8.4790465e-01   2.7579026e-01  -2.7013341e-01   2.7034067e-01  -2.8224655e-01   4.9092775e-01  -8.7753283e-01   5.9692502e-01  -6.1024460e-01   3.7005657e-01  -5.1021848e-01   4.9808676e-01  -4.1045435e-01   4.1003562e-01   3.5975006e-01   5.7786015e-01  -6.4224935e-01
  -7.6474969e-01  -6.8744826e-01   2.5709623e-01   5.8237632e-02   2.4687702e-01   3.0774983e-02   3.7910136e-01  -5.9950241e-01   5.1427349e-01  -4.3567547e-01   3.0821147e-01  -1.9253712e-01   4.4126112e-01  -1.9825526e-01   5.0967248e-01   4.7776563e-01   4.9553270e-01  -4.3094052e-01
  -9.5731285e-01  -3.3104163e-01   2.9473026e-01   3.6053759e-01   2.8044408e-01   3.2280900e-01   3.1641225e-01  -2.3263412e-01   4.6314035e-01  -2.1503550e-01   3.0390841e-01   1.3923510e-01   4.2661420e-01   3.9401018e-02   6.2441863e-01   4.8922649e-01   4.4996080e-01  -1.6663475e-01
  -1.0000000e+00   1.0132644e-01   3.7947838e-01   5.8668384e-01   3.6232135e-01   5.4425615e-01   3.1001960e-01   1.4115508e-01   4.4699810e-01   4.4542498e-03   3.5348003e-01   4.1684621e-01   4.5442783e-01   2.5508412e-01   7.3001656e-01   4.0186682e-01   4.4486115e-01   9.4020695e-02
  -8.8893265e-01   4.8101205e-01   4.9464737e-01   7.0200613e-01   4.7594203e-01   6.6052318e-01   3.5506312e-01   4.4523796e-01   4.6231327e-01   1.8157012e-01   4.4266497e-01   5.8799236e-01   5.1668076e-01   4.0738203e-01   8.0567629e-01   2.3656761e-01   4.7568276e-01   3.0013603e-01
  -6.6391228e-01   7.0370093e-01   6.1903674e-01   6.9070427e-01   5.9997571e-01   6.5557348e-01   4.3655678e-01   6.2225528e-01   5.0003434e-01   2.8772974e-01   5.5010045e-01   6.2442236e-01   5.9885362e-01   4.6809288e-01   8.3666650e-01   2.4875901e-02   5.3120330e-01   4.1568988e-01
  -3.9502473e-01   7.1479013e-01   7.3064077e-01   5.6015506e-01   7.1212669e-01   5.3567087e-01   5.3312808e-01   6.4632881e-01   5.4797117e-01   3.1239104e-01   6.5201638e-01   5.2757666e-01   6.8295050e-01   4.2902136e-01   8.1694770e-01  -1.9060424e-01   5.9633053e-01   4.2695664e-01
  -1.6052816e-01   5.2365051e-01   8.1098774e-01   3.4201717e-01   7.9350828e-01   3.3021156e-01   6.2244772e-01   5.2964115e-01   5.9394928e-01   2.6563929e-01   7.2766405e-01   3.2929092e-01   7.5172092e-01   3.0583315e-01   7.5130786e-01  -3.6131371e-01   6.5589006e-01   3.4580225e-01
  -2.4436538e-02   1.9943509e-01   8.4876106e-01   8.6002383e-02   8.3230450e-01   8.6110758e-02   6.8648936e-01   3.1838556e-01   6.2871486e-01   1.7511095e-01   7.6382484e-01   8.4573698e-02   7.9266511e-01   1.3477955e-01   6.5531216e-01  -4.4527170e-01   6.9813129e-01   2.0591149e-01
  -1.6596134e-02  -1.5199951e-01   8.4221019e-01  -1.5344520e-01   8.2630141e-01  -1.4438387e-01   7.1599539e-01   7.7909024e-02   6.4825987e-01   7.6688284e-02   7.5800299e-01  -1.4381097e-01   8.0124058e-01  -3.8122762e-02   5.5211554e-01  -4.2230018e-01   7.1755236e-01   5.1926380e-02
  -1.2713134e-01  -4.2562266e-01   7.9838833e-01  -3.3169192e-01   7.8228770e-01  -3.1752452e-01   7.1146327e-01  -1.2843933e-01   6.5394859e-01   2.1533365e-03   7.1782996e-01  -3.0356159e-01   7.8106425e-01  -1.7162503e-01   4.6617763e-01  -3.0087713e-01   7.1525227e-01  -7.4950498e-02
  -3.1250882e-01  -5.4882866e-01   7.3060741e-01  -4.2347306e-01   7.1361460e-01  -4.0761235e-01   6.8161188e-01  -2.5618291e-01   6.5116661e-01  -3.0038805e-02   6.5813921e-01  -3.6586152e-01   7.4204159e-01  -2.4016607e-01   4.1690616e-01  -1.1489470e-01   6.9759792e-01  -1.4785367e-01
  -5.1163618e-01  -5.0132684e-01   6.5461351e-01  -4.2654714e-01   6.3637749e-01  -4.1101216e-01   6.3973696e-01  -2.8942135e-01   6.4683675e-01  -1.8932926e-02   5.9628753e-01  -3.3077912e-01   6.9688472e-01  -2.3924493e-01   4.1387016e-01   8.7260424e-02   6.7355801e-01  -1.5975257e-01
  -6.6602455e-01  -3.1644222e-01   5.8470008e-01  -3.5873572e-01   5.6544573e-01  -3.4375144e-01   5.9933899e-01  -2.4063559e-01   6.4677102e-01   2.1076196e-02   5.4732245e-01  -2.2361588e-01   6.5728633e-01  -1.8366703e-01   4.5502016e-01   2.5676610e-01   6.5171272e-01  -1.2215962e-01
  -7.3717793e-01  -6.4205685e-02   5.3082585e-01  -2.4949292e-01   5.1143089e-01  -2.3381785e-01   5.7042757e-01  -1.4166646e-01   6.5376144e-01   6.7431579e-02   5.2041844e-01  -8.4054680e-02   6.3097174e-01  -9.9792168e-02   5.2813016e-01   3.5689061e-01   6.3788545e-01  -5.8202049e-02
  -7.1522771e-01   1.7432352e-01   4.9750005e-01  -1.2999756e-01   4.7938399e-01  -1.1190190e-01   5.5762461e-01  -3.1069178e-02   6.6700756e-01   9.7843367e-02   5.1756448e-01   4.6666033e-02   6.2050961e-01  -1.5949705e-02   6.1456850e-01   3.6989039e-01   6.3409280e-01   6.2162102e-03
  -6.1850390e-01   3.3109569e-01   4.8419366e-01  -2.5325201e-02   4.6901567e-01  -3.8491486e-03   5.6002300e-01   5.7218914e-02   6.8269743e-01   9.6956874e-02   5.3423740e-01   1.3632799e-01   6.2369326e-01   4.5398100e-02   6.9395665e-01   2.9848045e-01   6.3870871e-01   4.9958154e-02
  -4.8525651e-01   3.6885933e-01   4.8685090e-01   5.0026212e-02   4.7607263e-01   7.4078777e-02   5.7252094e-01   1.0208226e-01   6.9544156e-01   6.0433686e-02   5.6161745e-01   1.6860656e-01   6.3512120e-01   7.2668123e-02   7.4873925e-01   1.6349067e-01   6.4760333e-01   6.1800019e-02
  -3.6043398e-01   2.8930104e-01   4.9988286e-01   9.3089116e-02   4.9431736e-01   1.1686146e-01   5.8808730e-01   9.9141077e-02   7.0011435e-01  -4.0216111e-03   5.8962116e-01   1.4540745e-01   6.4840741e-01   6.6825077e-02   7.6784074e-01  -1.2066775e-03   6.5584113e-01   4.2465486e-02
  -2.8136115e-01   1.2972177e-01   5.1808214e-01   1.1039715e-01   5.1757139e-01   1.2952071e-01   6.0028270e-01   5.9823230e-02   6.9362459e-01  -7.9000863e-02   6.0996661e-01   8.4385049e-02   6.5840493e-01   3.9504345e-02   7.4892677e-01  -1.5622974e-01   6.5945184e-01   3.2188537e-03
  -2.6719819e-01  -5.1523959e-02   5.3790470e-01   1.1363133e-01   5.4123032e-01   1.2335915e-01   6.0520001e-01   5.5641469e-03   6.7600040e-01  -1.4294023e-01   6.1830678e-01   1.1948217e-02   6.6269659e-01   7.8194630e-03   6.9857622e-01  -2.6577422e-01   6.5667563e-01  -3.8856246e-02
  -3.1471266e-01  -1.9490919e-01   5.5793788e-01   1.1453121e-01   5.6298936e-01   1.1105076e-01   6.0236338e-01  -4.0471631e-02   6.5051300e-01  -1.7703837e-01   6.1499142e-01  -4.5765106e-02   6.6201618e-01  -1.2195570e-02   6.3044372e-01  -3.0628119e-01   6.4838726e-01  -6.7091493e-02
  -4.0139483e-01  -2.5885262e-01   5.7850494e-01   1.2034410e-01   5.8265750e-01   1.0188139e-01   5.9437423e-01  -6.1611781e-02   6.2275044e-01  -1.7137999e-01   6.0428093e-01  -7.1275910e-02   6.5949622e-01  -1.1448676e-02   5.6164141e-01  -2.7225362e-01   6.3758569e-01  -7.1057014e-02
  -4.9467465e-01  -2.3102039e-01   6.0059966e-01   1.3139788e-01   6.0119735e-01   9.8858270e-02   5.8548378e-01  -5.2665588e-02   5.9893086e-01  -1.2779436e-01   5.9233424e-01  -6.0368025e-02   6.5904537e-01   9.4034122e-03   5.0832351e-01  -1.7687934e-01   6.2814624e-01  -4.9690789e-02
  -5.6301003e-01  -1.2918209e-01   6.2467576e-01   1.4131371e-01   6.1951638e-01   9.8399232e-02   5.7982163e-01  -2.0397689e-02   5.8413080e-01  -5.8819536e-02   5.8489250e-01  -2.1927660e-02   6.6361285e-01   4.0835105e-02   4.8181788e-01  -4.7670610e-02   6.2340858e-01  -1.0990277e-02
  -5.8584472e-01   7.5218686e-03   6.4965897e-01   1.3986339e-01   6.3739780e-01   9.2639265e-02   5.7981381e-01   2.0193855e-02   5.8088491e-01   1.6629013e-02   5.8528989e-01   2.6436909e-02   6.7385899e-01   6.8499771e-02   4.8611359e-01   8.1666703e-02   6.2500239e-01   3.1348180e-02
  -5.5887638e-01   1.3262183e-01   6.7264830e-01   1.1732442e-01   6.5306051e-01   7.3292170e-02   5.8540583e-01   5.1894871e-02   5.8864453e-01   7.8993660e-02   5.9351194e-01   6.4921569e-02   6.8776534e-01   7.8613927e-02   5.1746829e-01   1.8002693e-01   6.3235439e-01   6.2776800e-02
  -4.9401904e-01   2.0754844e-01   6.8942957e-01   6.9182967e-02   6.6347909e-01   3.5903352e-02   5.9420852e-01   6.1726406e-02   6.0413083e-01   1.1377341e-01   6.0640644e-01   7.8385746e-02   7.0123939e-01   6.3178111e-02   5.6598523e-01   2.2664422e-01   6.4293964e-01   7.2870174e-02
  -4.1421400e-01   2.1195359e-01   6.9567502e-01  -1.1914274e-03   6.6537670e-01  -1.7644180e-02   6.0249674e-01   4.5020179e-02   6.2244519e-01   1.1497553e-01   6.1894943e-01   6.0735191e-02   7.0949042e-01   2.2741624e-02   6.1855986e-01   2.1498804e-01   6.5317964e-01   5.8333186e-02
  -3.4568143e-01   1.4861145e-01   6.8838080e-01  -8.2350200e-02   6.5646358e-01  -7.8759513e-02   6.0657894e-01   6.8345904e-03   6.3851450e-01   8.6296388e-02   6.2599280e-01   1.6608035e-02   7.0865993e-01  -3.3347306e-02   6.6231508e-01   1.5326183e-01   6.5961228e-01   2.3916204e-02
  -3.0982410e-01   4.1169271e-02   6.6705536e-01  -1.5743838e-01   6.3648989e-01  -1.3424819e-01   6.0410878e-01  -3.9888194e-02   6.4847234e-01   3.9518201e-02   6.2397674e-01  -4.0324546e-02   6.9719798e-01  -8.9556548e-02   6.8763753e-01   6.1216459e-02   6.5998468e-01  -1.9195237e-02
  -3.1633325e-01  -7.4624458e-02   6.3435530e-01  -2.0905805e-01   6.0782890e-01  -1.7031740e-01   5.9504846e-01  -7.8915349e-02   6.5073912e-01  -9.5395281e-03   6.1226309e-01  -9.2019082e-02   6.7668258e-01  -1.2913205e-01   6.9043128e-01  -3.5949935e-02   6.5405043e-01  -5.7141606e-02
  -3.6155405e-01  -1.6276838e-01   5.9564777e-01  -2.2415255e-01   5.7511565e-01  -1.7669260e-01   5.8164755e-01  -9.6116353e-02   6.4616004e-01  -4.5863357e-02   5.9325743e-01  -1.2178689e-01   6.5144902e-01  -1.3921421e-01   6.7236162e-01  -1.1419111e-01   6.4355360e-01  -7.7727752e-02
  -4.3014229e-01  -1.9839433e-01   5.5792350e-01  -1.9789692e-01   5.4430629e-01  -1.4990569e-01   5.6781840e-01  -8.4211797e-02   6.3758305e-01  -5.9716520e-02   5.7177889e-01  -1.1958129e-01   6.2751648e-01  -1.1503235e-01   6.4000144e-01  -1.5663668e-01   6.3172159e-01  -7.4276992e-02
  -5.0078746e-01  -1.7419186e-01   5.2817900e-01  -1.3492202e-01   5.2126234e-01  -9.4328505e-02   5.5788704e-01  -4.4867753e-02   6.2878897e-01  -4.8901301e-02   5.5358213e-01  -8.4690551e-02   6.1090387e-01  -6.1203057e-02   6.0265111e-01  -1.5682269e-01   6.2224072e-01  -4.7364942e-02
  -5.5286266e-01  -1.0115627e-01   5.1184763e-01  -4.8174090e-02   5.1038338e-01  -2.1172288e-02   5.5529747e-01   1.1895859e-02   6.2331090e-01  -1.8739664e-02   5.4373468e-01  -2.5668032e-02   6.0601491e-01   9.5806490e-03   5.6985111e-01  -1.1919167e-01   6.1818323e-01  -4.4284721e-03
  -5.7255839e-01  -3.9591684e-03   5.1156515e-01   4.4242181e-02   5.1354648e-01   5.4240206e-02   5.6154332e-01   7.0698614e-02   6.2338461e-01   2.0019681e-02   5.4518125e-01   4.2287345e-02   6.1441731e-01   8.0045614e-02   5.4901753e-01  -5.6952779e-02   6.2110595e-01   4.2532040e-02
  -5.5645553e-01   8.7799070e-02   5.2664404e-01   1.2354443e-01   5.2969028e-01   1.1632517e-01   5.7569965e-01   1.1546091e-01   6.2936200e-01   5.4800211e-02   5.5795436e-01   1.0186283e-01   6.3443341e-01   1.3314501e-01   5.4384662e-01   1.2204300e-02   6.3062018e-01   8.0587661e-02
  -5.1152853e-01   1.4842159e-01   5.5336093e-01   1.7445892e-01   5.5513140e-01   1.5279819e-01   5.9468274e-01   1.3380472e-01   6.3973556e-01   7.4767180e-02   5.7924583e-01   1.3819519e-01   6.6161737e-01   1.5631618e-01   5.5387349e-01   7.0774375e-02   6.4454334e-01   9.9360027e-02
  -4.5242474e-01   1.6320273e-01   5.8585910e-01   1.8853288e-01   5.8442883e-01   1.5743543e-01   6.1405037e-01   1.2042137e-01   6.5163164e-01   7.3738308e-02   6.0415216e-01   1.4265489e-01   6.8986381e-01   1.4456856e-01   5.7498408e-01   1.0565655e-01   6.5948784e-01   9.3746159e-02
  -3.9661748e-01   1.3185650e-01   6.1752303e-01   1.6574470e-01   6.1165479e-01   1.3131702e-01   6.2919227e-01   7.8449745e-02   6.6168011e-01   5.1693829e-02   6.2696970e-01   1.1488173e-01   7.1294154e-01   1.0156323e-01   6.0080689e-01   1.1095001e-01   6.7177894e-01   6.5156720e-02
  -3.5898633e-01   6.7338335e-02   6.4249198e-01   1.1397651e-01   6.3176111e-01   8.2188056e-02   6.3657824e-01   1.8388302e-02   6.6700731e-01   1.4458856e-02   6.4268653e-01   6.2491082e-02   7.2605223e-01   3.8334703e-02   6.2457359e-01   8.8680691e-02   6.7844796e-01   2.0891986e-02
  -3.4829625e-01  -9.0031650e-03   6.5671403e-01   4.6671356e-02   6.4149446e-01   2.2279938e-02   6.3452187e-01  -4.4884683e-02   6.6591651e-01  -2.8186290e-02   6.4803747e-01  -1.2880223e-03   7.2676889e-01  -2.9716657e-02   6.4065650e-01   4.7373300e-02   6.7787610e-01  -2.7982922e-02
  -3.6437934e-01  -7.4576662e-02   6.5888637e-01  -2.0790520e-02   6.4017937e-01  -3.4969130e-02   6.2375071e-01  -9.6414154e-02   6.5846551e-01  -6.5444066e-02   6.4243580e-01  -6.1353638e-02   7.1574041e-01  -8.7117050e-02   6.4610966e-01  -6.6633546e-04   6.7031364e-01  -6.9800162e-02
  -3.9993926e-01  -1.1215176e-01   6.5019939e-01  -7.4743472e-02   6.2939787e-01  -7.8069601e-02   6.0689757e-01  -1.2494095e-01   6.4620980e-01  -8.8431964e-02   6.2768463e-01  -1.0462788e-01   6.9606975e-01  -1.2199424e-01   6.4079708e-01  -4.2999217e-02   6.5755976e-01  -9.5249258e-02
  -4.4291206e-01  -1.1450068e-01   6.3391276e-01  -1.0622365e-01   6.1251784e-01  -1.0000653e-01   5.8785081e-01  -1.2565531e-01   6.3181935e-01  -9.2420431e-02   6.0749644e-01  -1.2313911e-01   6.7253133e-01  -1.2883250e-01   6.2725419e-01  -7.0123289e-02   6.4252347e-01  -9.9628176e-02
  -4.8064582e-01  -8.5205193e-02   6.1432452e-01  -1.1229067e-01   5.9369254e-01  -9.9217265e-02   5.7067791e-01  -1.0071596e-01   6.1830904e-01  -7.7591236e-02   5.8640268e-01  -1.1531016e-01   6.5025593e-01  -1.0904518e-01   6.0966487e-01  -7.7399310e-02   6.2841527e-01  -8.3506326e-02
