   9.8947279e-02   5.5980373e-01   1.4885130e-01   1.8207920e-02   4.0879017e-03   2.0212981e-01   1.1806699e-01   9.3896177e-01   3.5876480e-02   2.9798711e-01   1.5606382e-02   6.0887170e-01   1.1843416e-01   7.7209487e-01   1.9599748e-01   5.3691299e-02   9.0997286e-02   3.4229562e-01
   1.6588178e-01  -1.7980682e-01   1.9328458e-01   4.9959060e-01   8.6756617e-02   6.2414443e-01   3.0976150e-01   1.0000000e+00   1.1070473e-01   6.2450545e-01   1.5520830e-01   8.7671866e-01   2.6450989e-01   9.5778017e-01   2.5418861e-01   5.5613405e-01   1.7281623e-01   6.9165585e-01
  -1.0700072e-02  -7.6174915e-01   3.0594362e-01   8.3621554e-01   2.3763252e-01   8.9599249e-01   4.9771427e-01   9.1223272e-01   2.2980016e-01   8.5177700e-01   3.3086277e-01   1.0000000e+00   4.2905647e-01   1.0000000e+00   3.9042446e-01   8.8774842e-01   2.9863050e-01   9.0920292e-01
  -3.3790995e-01  -1.0000000e+00   4.6008996e-01   1.0000000e+00   4.2515717e-01   1.0000000e+00   6.5998810e-01   7.4804608e-01   3.7695485e-01   9.7634139e-01   5.1702424e-01   9.9408395e-01   5.9136984e-01   9.3774862e-01   5.6787118e-01   1.0000000e+00   4.4818685e-01   1.0000000e+00
  -6.7922050e-01  -8.4614513e-01   6.2726990e-01   9.9757550e-01   6.1755936e-01   9.5069145e-01   7.8805519e-01   5.6917347e-01   5.3588667e-01   1.0000000e+00   6.9205567e-01   8.8403084e-01   7.3727804e-01   8.0799932e-01   7.4608998e-01   9.0214802e-01   6.0303118e-01   9.8068429e-01
  -9.0898011e-01  -4.0441439e-01   7.8223621e-01   8.5779736e-01   7.8807086e-01   7.8157296e-01   8.8284647e-01   4.0880156e-01   6.9079780e-01   9.2674163e-01   8.3900797e-01   6.9388280e-01   8.5766874e-01   6.3305362e-01   8.9073649e-01   6.4664911e-01   7.4756587e-01   8.6982282e-01
  -9.5631055e-01   1.4138782e-01   9.0504364e-01   6.1349440e-01   9.1680949e-01   5.2743586e-01   9.4862766e-01   2.6950040e-01   8.2673622e-01   7.6366985e-01   9.4489278e-01   4.4266655e-01   9.4575297e-01   4.1979641e-01   9.7892683e-01   3.0068476e-01   8.6881205e-01   6.8245479e-01
  -8.1686558e-01   6.1207358e-01   9.8088613e-01   2.9430525e-01   9.9012543e-01   2.1767185e-01   9.8807188e-01   1.3464250e-01   9.3028004e-01   5.2304373e-01   1.0000000e+00   1.4762330e-01   9.9520720e-01   1.6861500e-01   1.0000000e+00  -7.1238168e-02   9.5588974e-01   4.3117997e-01
  -5.4366320e-01   8.7011212e-01   1.0000000e+00  -6.6559006e-02   1.0000000e+00  -1.1774740e-01   1.0000000e+00  -1.6063320e-02   9.9045374e-01   2.2365790e-01   9.9808612e-01  -1.6982222e-01   1.0000000e+00  -1.1540712e-01   9.5481051e-01  -4.0817131e-01   1.0000000e+00   1.3139783e-01
  -2.2880543e-01   8.3914452e-01   9.5917433e-01  -4.2161645e-01   9.4513206e-01  -4.3853503e-01   9.8023796e-01  -1.9038340e-01   1.0000000e+00  -1.0583291e-01   9.3779334e-01  -4.7712525e-01   9.5612086e-01  -4.1123395e-01   8.5533359e-01  -6.5083922e-01   9.9544431e-01  -1.9085363e-01
   2.3585661e-02   5.3028302e-01   8.6436443e-01  -7.0920210e-01   8.3331735e-01  -6.9291112e-01   9.2529734e-01  -3.7313515e-01   9.5729235e-01  -4.2376852e-01   8.2509591e-01  -7.2831859e-01   8.6487058e-01  -6.7664186e-01   7.2369747e-01  -7.5071311e-01   9.4178852e-01  -4.9400030e-01
   1.2989171e-01   4.7826997e-02   7.3180686e-01  -8.6971262e-01   6.8258079e-01  -8.3037905e-01   8.3666750e-01  -5.2947479e-01   8.6812503e-01  -6.7959793e-01   6.7504808e-01  -8.7307703e-01   7.3577592e-01  -8.5679247e-01   5.8869261e-01  -6.8717677e-01   8.4591712e-01  -7.2647027e-01
   5.6454318e-02  -4.4552767e-01   5.8595306e-01  -8.6700122e-01   5.1918444e-01  -8.2015832e-01   7.2351263e-01  -6.1889648e-01   7.4631119e-01  -8.2656321e-01   5.1113940e-01  -8.7415902e-01   5.8730306e-01  -9.0337032e-01   4.7933771e-01  -4.7878580e-01   7.2260646e-01  -8.4156908e-01
  -1.7113503e-01  -7.9028360e-01   4.5431421e-01  -7.0079972e-01   3.7240381e-01  -6.6283760e-01   6.0199385e-01  -6.1220389e-01   6.1176996e-01  -8.3675682e-01   3.6124090e-01  -7.2299110e-01   4.4398847e-01  -7.9389310e-01   4.1786438e-01  -1.7866581e-01   5.9239404e-01  -8.1361443e-01
  -4.7887830e-01  -8.8292434e-01   3.6141147e-01  -4.0682259e-01   2.6821376e-01  -3.9107402e-01   4.9186620e-01  -5.0307133e-01   4.8666265e-01  -7.1106210e-01   2.5160913e-01  -4.4581760e-01   3.3117332e-01  -5.4208503e-01   4.1468275e-01   1.4114983e-01   4.7749616e-01  -6.4763348e-01
  -7.7093627e-01  -7.0725223e-01   3.2346281e-01  -4.7379082e-02   2.2369293e-01  -6.1239909e-02   4.1150036e-01  -3.1166481e-01   3.9054841e-01  -4.8034425e-01   2.0070265e-01  -9.8762761e-02   2.6887819e-01  -1.9670525e-01   4.6670945e-01   4.0968266e-01   3.9685172e-01  -3.7984613e-01
  -9.6132227e-01  -3.3265050e-01   3.4532960e-01   3.0476961e-01   2.4384135e-01   2.6134033e-01   3.7326857e-01  -7.8036529e-02   3.3626098e-01  -1.9642481e-01   2.1500834e-01   2.4729113e-01   2.6701414e-01   1.7178231e-01   5.5923659e-01   5.7359551e-01   3.6199783e-01  -6.7728687e-02
  -1.0000000e+00   1.1729643e-01   4.2009706e-01   5.8288368e-01   3.2125747e-01   5.1750848e-01   3.8076884e-01   1.5021808e-01   3.2761730e-01   8.2462187e-02   2.8792086e-01   5.2513216e-01   3.2322105e-01   4.9001197e-01   6.6998970e-01   6.0510586e-01   3.7486919e-01   2.2553898e-01
  -8.8424569e-01   5.0969529e-01   5.3117200e-01   7.3774434e-01   4.3850659e-01   6.6442298e-01   4.2857125e-01   3.2960692e-01   3.5956567e-01   3.0516434e-01   4.0191645e-01   6.8530956e-01   4.2387923e-01   6.9800896e-01   7.7402908e-01   5.0233493e-01   4.2813186e-01   4.4551026e-01
  -6.5495365e-01   7.3720248e-01   6.5571507e-01   7.4405201e-01   5.7178753e-01   6.8039988e-01   5.0382190e-01   4.2818432e-01   4.2005602e-01   4.3607656e-01   5.3252371e-01   7.0307019e-01   5.4721958e-01   7.5901785e-01   8.4830146e-01   2.8825564e-01   5.0731219e-01   5.5566906e-01
  -3.8298504e-01   7.4472111e-01   7.6911719e-01   6.0662842e-01   6.9548241e-01   5.6910290e-01   5.8910910e-01   4.3245493e-01   4.9303227e-01   4.6170634e-01   6.5334522e-01   5.8295295e-01   6.6783661e-01   6.6739596e-01   8.7635814e-01   1.0956474e-02   5.9412441e-01   5.4453329e-01
  -1.4677273e-01   5.4355497e-01   8.5028662e-01   3.6157692e-01   7.8734595e-01   3.6012743e-01   6.6665947e-01   3.5162597e-01   5.6233819e-01   3.9336580e-01   7.4168306e-01   3.5881351e-01   7.6232282e-01   4.5138885e-01   8.5255467e-01  -2.6310575e-01   6.7072600e-01   4.2822407e-01
  -1.0321330e-02   2.0587888e-01   8.8595668e-01   6.8290435e-02   8.3275880e-01   1.0294181e-01   7.2237300e-01   2.1518231e-01   6.1522382e-01   2.6347251e-01   7.8306005e-01   8.6696041e-02   8.1417180e-01   1.6696651e-01   7.8383684e-01  -4.6505234e-01   7.2347853e-01   2.4583019e-01
  -2.8770036e-03  -1.5930417e-01   8.7381845e-01  -2.0699582e-01   8.2799135e-01  -1.4593797e-01   7.4941911e-01   6.3626025e-02   6.4537811e-01   1.1523077e-01   7.7466584e-01  -1.6985300e-01   8.1782681e-01  -1.1735794e-01   6.8859672e-01  -5.4561249e-01   7.4611311e-01   4.7751422e-02
  -1.1466402e-01  -4.4425557e-01   8.2162953e-01  -4.0878792e-01   7.7962488e-01  -3.3736677e-01   7.4869079e-01  -6.4499264e-02   6.5318339e-01  -1.0867276e-02   7.2459457e-01  -3.5661581e-01   7.7861632e-01  -3.3954993e-01   5.9119256e-01  -4.8906217e-01   7.3992559e-01  -1.1909404e-01
  -3.0221936e-01  -5.7431064e-01   7.4459122e-01  -5.0465537e-01   7.0223758e-01  -4.4037976e-01   7.2757106e-01  -1.4293591e-01   6.4455765e-01  -8.7832056e-02   6.4912504e-01  -4.4153342e-01   7.1062417e-01  -4.5904618e-01   5.1549546e-01  -3.1638750e-01   7.1248010e-01  -2.2283980e-01
  -5.0461675e-01  -5.2819451e-01   6.6091520e-01  -4.9066087e-01   6.1417260e-01  -4.4751840e-01   6.9680615e-01  -1.6379710e-01   6.2821190e-01  -1.0793703e-01   5.6787300e-01  -4.2070475e-01   6.3225708e-01  -4.6487323e-01   4.7865238e-01  -7.7205444e-02   6.7465632e-01  -2.5294455e-01
  -6.6316716e-01  -3.3890057e-01   5.8729040e-01  -3.8847030e-01   5.3304552e-01  -3.7323300e-01   6.6690103e-01  -1.3708604e-01   6.1260518e-01  -8.1625772e-02   4.9875181e-01  -3.1576797e-01   5.6134701e-01  -3.7436995e-01   4.8723881e-01   1.6564008e-01   6.3735071e-01  -2.1931998e-01
  -7.3856716e-01  -7.7787738e-02   5.3530936e-01  -2.3589303e-01   4.7204695e-01  -2.4680183e-01   6.4512173e-01  -8.4585823e-02   6.0346923e-01  -3.1165632e-02   4.5396521e-01  -1.6472330e-01   5.1104127e-01  -2.2446188e-01   5.3631338e-01   3.5346728e-01   6.0871824e-01  -1.4590163e-01
  -7.2017483e-01   1.7206704e-01   5.0982931e-01  -7.4159794e-02   4.3798631e-01  -1.0238453e-01   6.3406642e-01  -3.0613320e-02   6.0261580e-01   1.8356677e-02   4.3810047e-01  -9.4865771e-03   4.8756205e-01  -5.8814908e-02   6.1164679e-01   4.4588010e-01   5.9269552e-01  -6.1209664e-02
  -6.2526200e-01   3.4016138e-01   5.0937708e-01   6.2213450e-02   4.3127154e-01   2.9212168e-02   6.3203027e-01   5.6116861e-03   6.0816994e-01   4.6467124e-02   4.4849612e-01   1.1436982e-01   4.9014655e-01   8.3246078e-02   6.9382891e-01   4.2745801e-01   5.8900729e-01   9.6512970e-03
  -4.9129777e-01   3.8684897e-01   5.2779919e-01   1.5201170e-01   4.4711132e-01   1.2632755e-01   6.3448211e-01   1.4943871e-02   6.1571242e-01   4.2487540e-02   4.7707325e-01   1.8488445e-01   5.1243548e-01   1.7502020e-01   7.6305603e-01   3.0921665e-01   5.9413055e-01   5.0751984e-02
  -3.6293318e-01   3.1213053e-01   5.5672939e-01   1.8971311e-01   4.7764257e-01   1.7933449e-01   6.3624656e-01  -1.5017955e-04   6.2007322e-01   7.7682950e-03   5.1324161e-01   1.9703860e-01   5.4501923e-01   2.0689584e-01   8.0373200e-01   1.2473801e-01   6.0298507e-01   5.8109919e-02
  -2.7805927e-01   1.5256517e-01   5.8808746e-01   1.8383169e-01   5.1430215e-01   1.9049936e-01   6.3360324e-01  -2.7751112e-02   6.1719234e-01  -4.5522372e-02   5.4698721e-01   1.6165958e-01   5.7832388e-01   1.8622244e-01   8.0789950e-01  -7.8252000e-02   6.1077099e-01   3.9016119e-02
  -2.5685935e-01  -3.3049736e-02   6.1604297e-01   1.5184235e-01   5.4991559e-01   1.7095843e-01   6.2567637e-01  -5.1749563e-02   6.0554098e-01  -9.8940580e-02   5.7139631e-01   1.0008224e-01   6.0512179e-01   1.3254417e-01   7.7682688e-01  -2.4983224e-01   6.1446519e-01   8.0748748e-03
  -2.9755708e-01  -1.8420488e-01   6.3791842e-01   1.1329593e-01   5.7994461e-01   1.3573178e-01   6.1460181e-01  -5.8287168e-02   5.8660295e-01  -1.3421730e-01   5.8386490e-01   3.6257156e-02   6.2191105e-01   6.9736233e-02   7.2019690e-01  -3.5039397e-01   6.1349429e-01  -1.8715643e-02
  -3.7932938e-01  -2.5753343e-01   6.5398471e-01   8.3451729e-02   6.0272657e-01   9.8560930e-02   6.0455887e-01  -4.0856075e-02   5.6435409e-01  -1.3917400e-01   5.8585978e-01  -1.0761091e-02   6.2895485e-01   1.8089965e-02   6.5327869e-01  -3.6014292e-01   6.0949927e-01  -2.9550560e-02
  -4.7081984e-01  -2.3874383e-01   6.6636139e-01   6.8936281e-02   6.1881396e-01   6.7913330e-02   6.0006266e-01  -2.5980348e-03   5.4396434e-01  -1.1135666e-01   5.8150365e-01  -3.1853789e-02   6.2917685e-01  -1.1370547e-02   5.9278997e-01  -2.8325023e-01   6.0537340e-01  -2.0461141e-02
  -5.4109539e-01  -1.4382046e-01   6.7746275e-01   6.6836872e-02   6.2975137e-01   4.5487727e-02   6.0415871e-01   4.5002328e-02   5.3018806e-01  -5.8176764e-02   5.7557801e-01  -2.8844599e-02   6.2642210e-01  -1.8499988e-02   5.5263282e-01  -1.4517821e-01   6.0396642e-01   4.2037426e-03
  -5.6918307e-01  -1.0743297e-02   6.8859373e-01   6.7199446e-02   6.3684004e-01   2.7408611e-02   6.1716755e-01   8.6206776e-02   5.2599478e-01   5.9759970e-03   5.7170693e-01  -1.1865617e-02   6.2380043e-01  -1.1762582e-02   5.4066042e-01   1.5404710e-02   6.0695433e-01   3.4150702e-02
  -5.4968755e-01   1.1472208e-01   6.9914909e-01   5.8052436e-02   6.4032121e-01   7.4997516e-03   6.3635785e-01   1.0651115e-01   5.3179522e-01   6.4496335e-02   5.7122479e-01   5.6373151e-03   6.2260556e-01  -3.3380670e-03   5.5718374e-01   1.5770269e-01   6.1420730e-01   5.7348272e-02
  -4.9270550e-01   1.9341183e-01   7.0676805e-01   3.0748022e-02   6.3932719e-01  -1.8998660e-02   6.5670737e-01   9.7392066e-02   5.4551301e-01   1.0335398e-01   5.7309956e-01   1.2102355e-02   6.2218417e-01  -3.8558511e-03   5.9563363e-01   2.4899407e-01   6.2388815e-01   6.4292011e-02
  -4.1946214e-01   2.0386148e-01   7.0822004e-01  -1.6093595e-02   6.3243757e-01  -5.2639524e-02   6.7237199e-01   5.9244085e-02   5.6329405e-01   1.1480695e-01   5.7465304e-01   1.8331122e-03   6.2053479e-01  -1.8341239e-02   6.4474764e-01   2.7206401e-01   6.3309551e-01   5.1181553e-02
  -3.5482154e-01   1.4744538e-01   7.0074852e-01  -7.5444757e-02   6.1862248e-01  -8.8914206e-02   6.7849252e-01   1.5624989e-03   5.8068153e-01   9.9119953e-02   5.7284889e-01  -2.3295209e-02   6.1542479e-01  -4.4502532e-02   6.9178212e-01   2.2810515e-01   6.3887353e-01   2.1112564e-02
  -3.1925285e-01   4.6293200e-02   6.8333720e-01  -1.3386843e-01   5.9813484e-01  -1.1956739e-01   6.7274845e-01  -5.9760086e-02   5.9387173e-01   6.3864158e-02   5.6564413e-01  -5.4828324e-02   6.0555804e-01  -7.3801331e-02   7.2579627e-01   1.3467625e-01   6.3922485e-01  -1.7046999e-02
  -3.2288787e-01  -6.4955247e-02   6.5742003e-01  -1.7571562e-01   5.7296766e-01  -1.3539607e-01   6.5613986e-01  -1.0712639e-01   6.0065687e-01   2.1148564e-02   5.5291174e-01  -8.0905168e-02   5.9134195e-01  -9.4723262e-02   7.4010509e-01   1.9724996e-02   6.3377524e-01  -5.1606993e-02
  -3.6275939e-01  -1.5108613e-01   6.2688286e-01  -1.8818569e-01   5.4675278e-01  -1.2956463e-01   6.3285225e-01  -1.2670250e-01   6.0089218e-01  -1.6393889e-02   5.3673685e-01  -9.0609875e-02   5.7507584e-01  -9.7168390e-02   7.3358834e-01  -8.6670145e-02   6.2395807e-01  -7.1957113e-02
  -4.2502038e-01  -1.8720587e-01   5.9718528e-01  -1.6524122e-01   5.2399609e-01  -1.0005962e-01   6.0902741e-01  -1.1239779e-01   5.9621380e-01  -3.9303004e-02   5.2080892e-01  -7.7729095e-02   5.6033266e-01  -7.6129321e-02   7.1020646e-01  -1.5996857e-01   6.1252869e-01  -7.1843029e-02
  -4.8983391e-01  -1.6551703e-01   5.7408125e-01  -1.0951069e-01   5.0903287e-01  -5.0696518e-02   5.9108398e-01  -6.7549144e-02   5.8934850e-01  -4.3642692e-02   5.0935688e-01  -4.2849774e-02   5.5095008e-01  -3.3600687e-02   6.7750349e-01  -1.8653952e-01   6.0274910e-01  -5.1157466e-02
  -5.3777258e-01  -9.6242985e-02   5.6221526e-01  -3.1730731e-02   5.0494371e-01   9.5636699e-03   5.8396646e-01  -3.8114292e-03   5.8317993e-01  -3.1448763e-02   5.0588151e-01   6.7553311e-03   5.4987762e-01   2.1790028e-02   6.4437961e-01  -1.6564230e-01   5.9743247e-01  -1.5776394e-02
  -5.5583822e-01  -3.0550310e-03   5.6392731e-01   5.1971858e-02   5.1269595e-01   6.8737550e-02   5.8975910e-01   6.2259221e-02   5.7984542e-01  -9.4242573e-03   5.1203951e-01   5.9244967e-02   5.5820362e-01   7.7177169e-02   6.1871041e-01  -1.0810205e-01   5.9810729e-01   2.4348780e-02
  -5.4055615e-01   8.5310049e-02   5.7875175e-01   1.2413994e-01   5.3088438e-01   1.1473888e-01   6.0725283e-01   1.1378351e-01   5.8022529e-01   1.3615848e-02   5.2716119e-01   1.0162285e-01   5.7479669e-01   1.1907931e-01   6.0566050e-01  -3.2115099e-02   6.0465425e-01   5.8192912e-02
  -4.9838404e-01   1.4367036e-01   6.0350455e-01   1.7009655e-01   5.5596349e-01   1.3822559e-01   6.3226489e-01   1.3788086e-01   5.8380059e-01   2.9436910e-02   5.4832742e-01   1.2319209e-01   5.9647431e-01   1.3697151e-01   6.0674054e-01   4.1823524e-02   6.1535115e-01   7.6657267e-02
  -4.4305112e-01   1.5763957e-01   6.3305191e-01   1.8142918e-01   5.8302691e-01   1.3488176e-01   6.5877380e-01   1.2895496e-01   5.8894635e-01   3.2785839e-02   5.7108369e-01   1.1845764e-01   6.1875705e-01   1.2617426e-01   6.1986911e-01   9.6220624e-02   6.2737884e-01   7.5040187e-02
  -3.9091724e-01   1.2680628e-01   6.6152798e-01   1.5768279e-01   6.0691155e-01   1.0633684e-01   6.8049864e-01   8.9815559e-02   5.9353697e-01   2.2654732e-02   5.9056501e-01   8.8442676e-02   6.3697494e-01   8.9004553e-02   6.4034386e-01   1.2042732e-01   6.3761560e-01   5.4100168e-02
  -3.5614043e-01   6.3707098e-02   6.8363021e-01   1.0609419e-01   6.2330784e-01   5.9648641e-02   6.9243870e-01   3.0668362e-02   5.9562493e-01   2.2689246e-03   6.0266709e-01   4.0292341e-02   6.4737733e-01   3.4103694e-02   6.6227472e-01   1.1242118e-01   6.4345339e-01   1.9642049e-02
  -3.4668758e-01  -1.0782358e-02   6.9576204e-01   3.9519151e-02   6.2968047e-01   5.4942500e-03   6.9209287e-01  -3.3728384e-02   5.9404573e-01  -2.2098911e-02   6.0503960e-01  -1.4675607e-02   6.4803492e-01  -2.5855361e-02   6.8017716e-01   7.8412139e-02   6.4347639e-01  -1.9205145e-02
  -3.6258370e-01  -7.4631026e-02   6.9668719e-01  -2.7132986e-02   6.2571286e-01  -4.4630431e-02   6.7995316e-01  -8.8208421e-02   5.8874492e-01  -4.3279517e-02   5.9757962e-01  -6.4147124e-02   6.3922981e-01  -7.7669210e-02   6.9029773e-01   3.0130014e-02   6.3777523e-01  -5.2704009e-02
  -3.9680477e-01  -1.1102344e-01   6.8753633e-01  -8.0444435e-02   6.1317594e-01  -8.1047253e-02   6.5917505e-01  -1.2090938e-01   5.8073116e-01  -5.5296452e-02   5.8229899e-01  -9.7835491e-02   6.2324199e-01  -1.1080800e-01   6.9125022e-01  -1.8789954e-02   6.2781994e-01  -7.3024692e-02
  -4.3789968e-01  -1.1284596e-01   6.7133701e-01  -1.1144268e-01   5.9538582e-01  -9.7973387e-02   6.3468355e-01  -1.2601510e-01   5.7176559e-01  -5.4994142e-02   5.6274587e-01  -1.0985280e-01   6.0371748e-01  -1.1981662e-01   6.8406820e-01  -5.6469172e-02   6.1602616e-01  -7.6151255e-02
  -4.7385505e-01  -8.3707127e-02   6.5210904e-01  -1.1710076e-01   5.7631498e-01  -9.4411159e-02   6.1184675e-01  -1.0463571e-01   5.6383278e-01  -4.2674547e-02   5.4305374e-01  -9.9692773e-02   5.8470948e-01  -1.0513529e-01   6.7158728e-01  -7.5521037e-02   6.0507736e-01  -6.2560215e-02
