   1.3629643e-02   4.7751059e-01   1.1831122e-01   4.0569952e-01   3.7851483e-03   1.3331625e-01   9.6014785e-02   8.2849467e-01   8.1917071e-02   6.0941183e-01   1.4292820e-01   5.4703152e-01   5.4541475e-02   1.1807339e-01   1.1058270e-01   1.9655938e-01   1.2382405e-02   4.5510476e-01
   4.3808599e-02  -2.7407339e-01   2.3155997e-01   7.8815235e-01   7.6878385e-02   5.7753960e-01   2.6255355e-01   9.9240085e-01   2.0502983e-01   8.6314020e-01   2.4822955e-01   8.3750230e-01   1.1250132e-01   5.1843678e-01   2.0336798e-01   6.6916366e-01   1.2305517e-01   7.7322674e-01
  -1.3843060e-01  -8.2495704e-01   3.9917211e-01   9.8791300e-01   2.2485080e-01   8.7514102e-01   4.4389671e-01   1.0000000e+00   3.5942201e-01   9.8980290e-01   3.8552959e-01   9.7946400e-01   2.3311028e-01   8.1490797e-01   3.7562387e-01   9.4912862e-01   2.7791273e-01   9.5340874e-01
  -4.3836993e-01  -1.0000000e+00   5.8617807e-01   1.0000000e+00   4.1517374e-01   1.0000000e+00   6.1604103e-01   8.9870368e-01   5.2487643e-01   1.0000000e+00   5.3457294e-01   1.0000000e+00   3.9501169e-01   9.7869018e-01   5.8238798e-01   1.0000000e+00   4.5262926e-01   1.0000000e+00
  -7.2929650e-01  -7.7855728e-01   7.6021458e-01   8.5516876e-01   6.1366496e-01   9.6069132e-01   7.6378536e-01   7.3586719e-01   6.8360439e-01   9.1128245e-01   6.7945144e-01   9.2789161e-01   5.7341538e-01   1.0000000e+00   7.7746170e-01   8.4475194e-01   6.2518902e-01   9.3315278e-01
  -9.0310724e-01  -2.8973436e-01   8.9651275e-01   6.0105013e-01   7.9042631e-01   7.8881180e-01   8.7925997e-01   5.4411393e-01   8.2082858e-01   7.4205805e-01   8.0795659e-01   7.8308194e-01   7.4334496e-01   8.8591422e-01   9.2406131e-01   5.4620043e-01   7.7777417e-01   7.7855332e-01
  -9.0535533e-01   2.7015365e-01   9.7915005e-01   2.8322818e-01   9.2272639e-01   5.2209484e-01   9.5879315e-01   3.3722078e-01   9.2473658e-01   5.0976865e-01   9.1008001e-01   5.7508877e-01   8.8224533e-01   6.5578979e-01   1.0000000e+00   1.7806901e-01   8.9698327e-01   5.5941539e-01
  -7.4390942e-01   7.1767129e-01   1.0000000e+00  -5.9259859e-02   9.9524892e-01   1.9672450e-01   9.9985923e-01   1.1658066e-01   9.8637496e-01   2.3230300e-01   9.7674783e-01   3.0907233e-01   9.7187083e-01   3.3850463e-01   9.9811687e-01  -1.9088009e-01   9.7314238e-01   2.9521104e-01
  -4.7698257e-01   9.1943248e-01   9.5808131e-01  -3.8686262e-01   1.0000000e+00  -1.4905414e-01   1.0000000e+00  -1.1655616e-01   1.0000000e+00  -6.8803709e-02   1.0000000e+00  -3.6623749e-03   1.0000000e+00  -2.7051679e-02   9.2481876e-01  -4.9834818e-01   1.0000000e+00   6.0208051e-03
  -1.9438463e-01   8.1296709e-01   8.6031687e-01  -6.5351703e-01   9.3738359e-01  -4.6871569e-01   9.5787767e-01  -3.4957919e-01   9.6399035e-01  -3.6439725e-01   9.7469804e-01  -3.3518535e-01   9.6239396e-01  -3.8971680e-01   7.9877528e-01  -6.8949348e-01   9.7536279e-01  -2.8147606e-01
   8.4596267e-03   4.3179582e-01   7.2250339e-01  -8.1170488e-01   8.1789270e-01  -7.0918344e-01   8.7586932e-01  -5.5346658e-01   8.8229530e-01  -6.1598646e-01   9.0141182e-01  -6.3667254e-01   8.6491957e-01  -6.8816420e-01   6.4852444e-01  -7.2762336e-01   9.0257377e-01  -5.3131039e-01
   6.3237679e-02  -9.6091456e-02   5.6819419e-01  -8.2786774e-01   6.6225843e-01  -8.2410581e-01   7.6267613e-01  -6.8972842e-01   7.6566491e-01  -7.8184534e-01   7.8911113e-01  -8.4827109e-01   7.2446242e-01  -8.6366891e-01   5.0690884e-01  -6.0885043e-01   7.9185564e-01  -7.0384559e-01
  -4.9246235e-02  -5.9467989e-01   4.2474846e-01  -6.9619556e-01   4.9842323e-01  -7.8977332e-01   6.3362030e-01  -7.2543788e-01   6.3112256e-01  -8.2936557e-01   6.5522824e-01  -9.1923080e-01   5.6674125e-01  -8.7816950e-01   4.0372740e-01  -3.6667550e-01   6.5988693e-01  -7.6747174e-01
  -2.9303197e-01  -9.0303283e-01   3.1767261e-01  -4.4214748e-01   3.5600039e-01  -6.1384484e-01   5.0843412e-01  -6.4642366e-01   4.9947007e-01  -7.4706023e-01   5.2290089e-01  -8.2662732e-01   4.2132781e-01  -7.2818649e-01   3.5857981e-01  -6.2930192e-02   5.2740022e-01  -7.0958780e-01
  -5.9106555e-01  -9.2938170e-01   2.6525324e-01  -1.1634072e-01   2.5994377e-01  -3.3412554e-01   4.0710931e-01  -4.6434726e-01   3.9117314e-01  -5.5068715e-01   4.1588962e-01  -5.8557457e-01   3.1497540e-01  -4.4817694e-01   3.7677410e-01   2.3036285e-01   4.1518367e-01  -5.4240692e-01
  -8.5191025e-01  -6.7723560e-01   2.7505544e-01   2.1804908e-01   2.2546394e-01  -8.6953138e-03   3.4532597e-01  -2.1481824e-01   3.2202797e-01  -2.8046252e-01   3.5299675e-01  -2.4652550e-01   2.6555375e-01  -1.0180749e-01   4.4932688e-01   4.5040087e-01   3.3979407e-01  -3.0104232e-01
  -1.0000000e+00  -2.3811962e-01   3.4284962e-01   5.0005820e-01   2.5527868e-01   2.9895966e-01   3.3084156e-01   5.2418347e-02   2.9982655e-01   9.6061615e-03   3.4361976e-01   1.1883735e-01   2.7816521e-01   2.3568682e-01   5.5635875e-01   5.5741097e-01   3.1011990e-01  -3.4466983e-02
  -9.9764110e-01   2.4904705e-01   4.5427034e-01   6.8224461e-01   3.4011919e-01   5.3391362e-01   3.6221320e-01   2.8683844e-01   3.2331361e-01   2.6571850e-01   3.8610467e-01   4.3697412e-01   3.4498972e-01   4.9688339e-01   6.7252658e-01   5.3784696e-01   3.2610102e-01   2.0702557e-01
  -8.5226759e-01   6.4273277e-01   5.8783044e-01   7.3594064e-01   4.6130558e-01   6.5789970e-01   4.2962112e-01   4.4691087e-01   3.8314912e-01   4.4475064e-01   4.6866028e-01   6.4716733e-01   4.4788606e-01   6.3487401e-01   7.7208094e-01   4.0145507e-01   3.7943551e-01   3.8173451e-01
  -6.1175308e-01   8.3744114e-01   7.1878608e-01   6.5530246e-01   5.9461989e-01   6.5461420e-01   5.1711347e-01   5.0760043e-01   4.6427236e-01   5.2176326e-01   5.7207128e-01   7.1299503e-01   5.6277880e-01   6.3109848e-01   8.3363351e-01   1.7956254e-01   4.5574801e-01   4.6413969e-01
  -3.4776711e-01   7.8906941e-01   8.2367139e-01   4.5971924e-01   7.1506358e-01   5.3229080e-01   6.0618033e-01   4.6560001e-01   5.4935395e-01   4.9403492e-01   6.7406523e-01   6.2999858e-01   6.6508494e-01   4.9781801e-01   8.4436146e-01  -7.7621486e-02   5.3796784e-01   4.4926932e-01
  -1.3497608e-01   5.2531125e-01   8.8478753e-01   1.9241091e-01   8.0161125e-01   3.2295696e-01   6.7976049e-01   3.4104164e-01   6.2243316e-01   3.8147367e-01   7.5418586e-01   4.2801471e-01   7.3490182e-01   2.7574435e-01   8.0315230e-01  -3.0863753e-01   6.0998362e-01   3.5348333e-01
  -2.8421282e-02   1.3717037e-01   8.9413703e-01  -8.8698974e-02   8.4160640e-01   7.5419850e-02   7.2629914e-01   1.7258234e-01   6.7245340e-01   2.2132348e-01   7.9872182e-01   1.6419472e-01   7.6157839e-01   2.4205765e-02   7.2167396e-01  -4.5675138e-01   6.6024183e-01   2.0981862e-01
  -4.8517622e-02  -2.5459245e-01   8.5459527e-01  -3.2647290e-01   8.3272434e-01  -1.5781972e-01   7.4195039e-01   5.0156195e-03   6.9513715e-01   5.6621222e-02   8.0345156e-01  -9.4629369e-02   7.4541786e-01  -1.9574905e-01   6.2124770e-01  -4.8743583e-01   6.8374460e-01   5.7488817e-02
  -1.7800561e-01  -5.3745489e-01   7.7844780e-01  -4.7820706e-01   7.8241333e-01  -3.3301161e-01   7.3048952e-01  -1.2331779e-01   6.9293556e-01  -7.5445007e-02   7.7365381e-01  -2.9025315e-01   6.9653413e-01  -3.3699155e-01   5.2717609e-01  -3.9805286e-01   6.8215486e-01  -6.8754259e-02
  -3.6976248e-01  -6.4100151e-01   6.8383767e-01  -5.2466046e-01   7.0519967e-01  -4.2453299e-01   7.0125826e-01  -1.9047498e-01   6.7330898e-01  -1.5270190e-01   7.2172121e-01  -3.8790508e-01   6.3134213e-01  -3.7756951e-01   4.6194004e-01  -2.1743488e-01   6.6226311e-01  -1.4704588e-01
  -5.6370407e-01  -5.5475900e-01   5.9008708e-01  -4.7191652e-01   6.1856292e-01  -4.2840618e-01   6.6571302e-01  -1.9487950e-01   6.4583997e-01  -1.7153618e-01   6.6302359e-01  -3.8254162e-01   5.6762379e-01  -3.2370254e-01   4.3953522e-01   4.1692589e-03   6.3328255e-01  -1.7191538e-01
  -7.0586311e-01  -3.2492066e-01   5.1337330e-01  -3.4628663e-01   5.3877471e-01  -3.5957658e-01   6.3391473e-01  -1.5242221e-01   6.1930183e-01  -1.4434665e-01   6.1160089e-01  -2.9545229e-01   5.1987189e-01  -2.0435612e-01   4.6257992e-01   2.1031510e-01   6.0403163e-01  -1.5243304e-01
  -7.6298773e-01  -3.4029536e-02   4.6390664e-01  -1.8483158e-01   4.7786813e-01  -2.4482883e-01   6.1211654e-01  -8.8661076e-02   5.9959616e-01  -9.2897724e-02   5.7703782e-01  -1.6400863e-01   4.9625312e-01  -6.0407617e-02   5.2263193e-01   3.5299001e-01   5.8087900e-01  -1.0666715e-01
  -7.3045909e-01   2.2784222e-01   4.4476562e-01  -2.4637334e-02   4.4196242e-01  -1.1410685e-01   6.0173361e-01  -2.9260265e-02   5.8874834e-01  -4.0272065e-02   5.6283123e-01  -2.8850570e-02   4.9741910e-01   6.7995479e-02   6.0309365e-01   4.0370680e-01   5.6663981e-01  -5.4763878e-02
  -6.2944488e-01   3.8895351e-01   4.5286114e-01   1.0498386e-01   4.3154769e-01   6.3352279e-03   6.0019134e-01   7.2759888e-03   5.8538027e-01  -4.5366497e-03   5.6692465e-01   7.6524415e-02   5.1776513e-01   1.5103154e-01   6.8386754e-01   3.5703169e-01   5.6086300e-01  -1.3356202e-02
  -4.9860591e-01   4.1429095e-01   4.8074543e-01   1.8730693e-01   4.4259485e-01   9.8510650e-02   6.0254012e-01   1.3923394e-02   5.8582107e-01   5.4115838e-03   5.8321322e-01   1.3285550e-01   5.4772635e-01   1.7529655e-01   7.4609303e-01   2.3007038e-01   5.6072654e-01   8.1785290e-03
  -3.8064551e-01   3.1253372e-01   5.1918082e-01   2.1940113e-01   4.6850837e-01   1.5462108e-01   6.0369054e-01  -4.3263197e-03   5.8581624e-01  -8.8639869e-03   6.0400611e-01   1.3787959e-01   5.7697684e-01   1.4513676e-01   7.7641451e-01   5.7149241e-02   5.6252380e-01   9.0496844e-03
  -3.0933399e-01   1.2967055e-01   5.5952080e-01   2.1011575e-01   5.0211129e-01   1.7642643e-01   6.0031609e-01  -3.3546472e-02   5.8212394e-01  -3.7078657e-02   6.2243811e-01   1.0434979e-01   5.9731903e-01   7.9343756e-02   7.6968941e-01  -1.1853088e-01   5.6309048e-01  -4.1505808e-03
  -3.0013283e-01  -6.8350247e-02   5.9551701e-01   1.7549630e-01   5.3732011e-01   1.7245354e-01   5.9198730e-01  -5.6610819e-02   5.7363759e-01  -6.4516088e-02   6.3431421e-01   5.3949238e-02   6.0469634e-01   4.1498513e-03   7.2980264e-01  -2.5528113e-01   5.6085391e-01  -2.0738293e-02
  -3.4743498e-01  -2.1797895e-01   6.2410823e-01   1.3293673e-01   5.7008887e-01   1.5386520e-01   5.8115212e-01  -5.9655947e-02   5.6166242e-01  -7.7499398e-02   6.3882778e-01   9.0535614e-03   5.9974688e-01  -5.5345008e-02   6.6826977e-01  -3.2291691e-01   5.5617544e-01  -3.0234013e-02
  -4.2856723e-01  -2.7766817e-01   6.4515634e-01   9.5793970e-02   5.9851506e-01   1.3030777e-01   5.7206833e-01  -3.7041780e-02   5.4933474e-01  -6.8124164e-02   6.3808292e-01  -1.4767687e-02   5.8691150e-01  -8.2575780e-02   6.0103965e-01  -3.0981307e-01   5.5096350e-01  -2.6159069e-02
  -5.1273199e-01  -2.3853653e-01   6.6034455e-01   7.0014631e-02   6.2221626e-01   1.0701791e-01   5.6910664e-01   6.8145523e-03   5.4043405e-01  -3.6663642e-02   6.3570893e-01  -1.3023423e-02   5.7249671e-01  -7.3501560e-02   5.4433284e-01  -2.2491284e-01   5.4775296e-01  -8.0763090e-03
  -5.7156997e-01  -1.2366162e-01   6.7170727e-01   5.3657283e-02   6.4132884e-01   8.4038136e-02   5.7503526e-01   5.9139985e-02   5.3803286e-01   8.9355127e-03   6.3515008e-01   7.7326184e-03   5.6239742e-01  -3.6325691e-02   5.1061754e-01  -9.4197341e-02   5.4861964e-01   1.8647522e-02
  -5.8769990e-01   2.2685688e-02   6.8036914e-01   3.9354931e-02   6.5559611e-01   5.7741218e-02   5.8990511e-01   1.0329522e-01   5.4346346e-01   5.6046193e-02   6.3828426e-01   3.3808954e-02   5.6025054e-01   1.2564483e-02   5.0586264e-01   4.7167508e-02   5.5433887e-01   4.5106481e-02
  -5.5913878e-01   1.5084989e-01   6.8589485e-01   1.8565691e-02   6.6390546e-01   2.3859194e-02   6.1082900e-01   1.2436198e-01   5.5586512e-01   9.1545251e-02   6.4475877e-01   5.0236645e-02   5.6646679e-01   5.4630690e-02   5.2856606e-01   1.6445200e-01   5.6402682e-01   6.2137681e-02
  -4.9834545e-01   2.2119719e-01   6.8650596e-01  -1.4118502e-02   6.6450497e-01  -1.9331838e-02   6.3277076e-01   1.1393879e-01   5.7245961e-01   1.0578107e-01   6.5225983e-01   4.6399233e-02   5.7842500e-01   7.5135853e-02   5.7081927e-01   2.3184181e-01   5.7539756e-01   6.3446340e-02
  -4.2720884e-01   2.1515533e-01   6.7994710e-01  -5.8140424e-02   6.5573752e-01  -6.8962473e-02   6.4999654e-01   7.2916608e-02   5.8936362e-01   9.5313629e-02   6.5746317e-01   1.9790537e-02   5.9155183e-01   6.7432816e-02   6.2078592e-01   2.3802596e-01   5.8546888e-01   4.7687173e-02
  -3.6942808e-01   1.3924257e-01   6.6468247e-01  -1.0660710e-01   6.3701298e-01  -1.1751292e-01   6.5780483e-01   1.1372164e-02   6.0272289e-01   6.3717125e-02   6.5736363e-01  -2.3169153e-02   6.0096798e-01   3.4494812e-02   6.6598616e-01   1.8764730e-01   5.9151579e-01   1.8898510e-02
  -3.4350893e-01   2.1243823e-02   6.4083565e-01  -1.4833987e-01   6.0951350e-01  -1.5471345e-01   6.5384387e-01  -5.4284495e-02   6.0971166e-01   2.0281232e-02   6.5038318e-01  -6.9373474e-02   6.0299691e-01  -1.2611714e-02   6.9619508e-01   9.8616912e-02   5.9186818e-01  -1.4780832e-02
  -3.5634900e-01  -9.9537281e-02   6.1082340e-01  -1.7147058e-01   5.7656547e-01  -1.7071686e-01   6.3906784e-01  -1.0625069e-01   6.0941078e-01  -2.2897314e-02   6.3724401e-01  -1.0349640e-01   5.9652859e-01  -5.8506200e-02   7.0608522e-01  -3.5750748e-03   5.8655767e-01  -4.3670277e-02
  -4.0284420e-01  -1.8566606e-01   5.7895216e-01  -1.6735993e-01   5.4309645e-01  -1.5931670e-01   6.1726675e-01  -1.3050778e-01   6.0279948e-01  -5.4627386e-02   6.2071099e-01  -1.1322706e-01   5.8309038e-01  -8.8640155e-02   6.9559674e-01  -9.3107922e-02   5.7718230e-01  -5.9574899e-02
  -4.6767281e-01  -2.1300454e-01   5.5062223e-01  -1.3347541e-01   5.1473044e-01  -1.2017769e-01   5.9412946e-01  -1.2089446e-01   5.9243261e-01  -6.7775900e-02   6.0492665e-01  -9.3373544e-02   5.6643733e-01  -9.3694572e-02   6.6959323e-01  -1.5022539e-01   5.6649396e-01  -5.8238489e-02
  -5.3098667e-01  -1.7683688e-01   5.3102988e-01  -7.4343711e-02   4.9650589e-01  -5.9259446e-02   5.7559947e-01  -8.0475270e-02   5.8156656e-01  -6.0881986e-02   5.9414362e-01  -4.7402420e-02   5.5129545e-01  -7.2012895e-02   6.3600693e-01  -1.6522418e-01   5.5754609e-01  -4.0395200e-02
  -5.7443641e-01  -9.1542799e-02   5.2396479e-01  -6.0322547e-04   4.9175713e-01   1.2401223e-02   5.6634561e-01  -2.0338858e-02   5.7324743e-01  -3.8014511e-02   5.9153150e-01   1.3657569e-02   5.4201101e-01  -2.9611109e-02   6.0366439e-01  -1.3948218e-01   5.5286040e-01  -1.1335834e-02
  -5.8669071e-01   1.4859286e-02   5.3082806e-01   7.3391841e-02   5.0127167e-01   8.1108326e-02   5.6851081e-01   4.3563425e-02   5.6947549e-01  -7.2625067e-03   5.9820534e-01   7.4296641e-02   5.4128385e-01   2.1753949e-02   5.8003082e-01  -8.4034034e-02   5.5371225e-01   2.0675558e-02
  -5.6615888e-01   1.1061985e-01   5.5029142e-01   1.3312046e-01   5.2310943e-01   1.3374899e-01   5.8127814e-01   9.5016547e-02   5.7076883e-01   2.1962486e-02   6.1291808e-01   1.1909106e-01   5.4947766e-01   6.8318587e-02   5.6959551e-01  -1.5550139e-02   5.5983642e-01   4.6910816e-02
  -5.2059288e-01   1.6934000e-01   5.7858391e-01   1.6709445e-01   5.5301422e-01   1.6057164e-01   6.0120964e-01   1.2152398e-01   5.7617381e-01   4.1450438e-02   6.3239017e-01   1.3664036e-01   5.6461710e-01   9.7946799e-02   5.7321329e-01   4.8085211e-02   5.6956070e-01   6.0425365e-02
  -4.6431286e-01   1.7742097e-01   6.1028606e-01   1.6954386e-01   5.8529579e-01   1.5739414e-01   6.2318195e-01   1.1746385e-01   5.8362527e-01   4.6376141e-02   6.5212745e-01   1.2265520e-01   5.8293792e-01   1.0337455e-01   5.8824986e-01   9.2250322e-02   5.8027242e-01   5.7900006e-02
  -4.1341275e-01   1.3686769e-01   6.3955471e-01   1.4155148e-01   6.1407458e-01   1.2635665e-01   6.4179241e-01   8.5148085e-02   5.9063161e-01   3.6332534e-02   6.6761347e-01   8.0888543e-02   5.9996860e-01   8.3877798e-02   6.0967798e-01   1.0875867e-01   5.8916318e-01   4.0345012e-02
  -3.8113948e-01   6.3300167e-02   6.6134019e-01   9.0500710e-02   6.3446830e-01   7.5186615e-02   6.5268985e-01   3.3781497e-02   5.9498202e-01   1.5072263e-02   6.7541411e-01   2.1895822e-02   6.1167959e-01   4.5073277e-02   6.3155091e-01   9.7053010e-02   5.9395081e-01   1.2611989e-02
  -3.7432107e-01  -1.9581614e-02   6.7240597e-01   2.8131217e-02   6.4354733e-01   1.5262230e-02   6.5361364e-01  -2.3206670e-02   5.9534383e-01  -1.0797604e-02   6.7400924e-01  -3.9877718e-02   6.1548694e-01  -2.8326412e-03   6.4855139e-01   6.3558638e-02   5.9345383e-01  -1.8030875e-02
  -3.9200029e-01  -8.7942584e-02   6.7187595e-01  -3.2524408e-02   6.4079833e-01  -4.1242828e-02   6.4482803e-01  -7.2000266e-02   5.9157200e-01  -3.3952478e-02   6.6408363e-01  -9.0161918e-02   6.1082598e-01  -4.8098165e-02   6.5724110e-01   1.9142558e-02   5.8784352e-01  -4.4018613e-02
  -4.2662967e-01  -1.2456083e-01   6.6116206e-01  -8.0098202e-02   6.2797997e-01  -8.4022486e-02   6.2883941e-01  -1.0181679e-01   5.8463687e-01  -4.8367076e-02   6.4820036e-01  -1.1837427e-01   5.9911665e-01  -8.0481903e-02   6.5660367e-01  -2.4121803e-02   5.7850208e-01  -5.9409340e-02
  -4.6682699e-01  -1.2312990e-01   6.4345116e-01  -1.0720731e-01   6.0855656e-01  -1.0666572e-01   6.0964130e-01  -1.0732028e-01   5.7629284e-01  -5.0800523e-02   6.3008045e-01  -1.1996987e-01   5.8329328e-01  -9.3637104e-02   6.4799507e-01  -5.6051759e-02   5.6761887e-01  -6.1253608e-02
  -5.0110487e-01  -8.8907771e-02   6.2282682e-01  -1.1159376e-01   5.8679292e-01  -1.0757799e-01   5.9161815e-01  -8.9413368e-02   5.6854960e-01  -4.1371191e-02   6.1361924e-01  -9.7004075e-02   5.6697258e-01  -8.6287254e-02   6.3448809e-01  -7.0617720e-02   5.5759499e-01  -5.0062735e-02
