   1.6719392e-02   1.8105708e-01   1.4771265e-01   6.1013232e-01   1.1072054e-02   4.9501950e-01   9.9963704e-02   9.0595898e-01   2.2256875e-03   4.3227783e-01   6.5494534e-02   6.3036621e-01   1.1259248e-02   5.8238897e-01   9.0364534e-03   4.6450856e-01   5.7283993e-02   3.5084349e-01
  -3.9617507e-02  -5.3468912e-01   2.9781862e-01   8.9783560e-01   1.5226881e-01   8.3468679e-01   2.9455573e-01   1.0000000e+00   1.0955432e-01   7.4210256e-01   2.0328441e-01   8.8437727e-01   1.5935209e-01   8.6945655e-01   1.7463151e-01   8.4566431e-01   1.5032875e-01   7.0460730e-01
  -2.6550520e-01  -9.4886459e-01   4.8616360e-01   1.0000000e+00   3.4639135e-01   1.0000000e+00   4.9247256e-01   9.4729888e-01   2.6215249e-01   9.3324029e-01   3.7411457e-01   1.0000000e+00   3.4941982e-01   1.0000000e+00   4.0695159e-01   1.0000000e+00   2.9296045e-01   9.2226500e-01
  -5.5188816e-01  -9.4418761e-01   6.7679677e-01   9.2600522e-01   5.5631219e-01   9.8932604e-01   6.6948647e-01   8.0137480e-01   4.3793141e-01   1.0000000e+00   5.5404335e-01   9.8882394e-01   5.5029752e-01   9.8027312e-01   6.4830661e-01   9.2376659e-01   4.6102825e-01   1.0000000e+00
  -7.8062547e-01  -5.7536402e-01   8.3890842e-01   7.1592342e-01   7.4812888e-01   8.3274208e-01   8.1203347e-01   6.1177125e-01   6.1499731e-01   9.4962709e-01   7.2205629e-01   8.7054010e-01   7.3417481e-01   8.3560952e-01   8.4744148e-01   6.6899784e-01   6.3132499e-01   9.5132621e-01
  -8.6952943e-01  -2.0289736e-02   9.5076581e-01   4.1940681e-01   8.9590378e-01   5.7360043e-01   9.1491382e-01   4.1079924e-01   7.7364683e-01   7.9864166e-01   8.6085546e-01   6.6615238e-01   8.7928248e-01   5.9932356e-01   9.6973037e-01   3.1351206e-01   7.8389043e-01   7.9897008e-01
  -7.9438904e-01   5.1560708e-01   1.0000000e+00   8.1456154e-02   9.8272417e-01   2.5370726e-01   9.7744160e-01   2.1101908e-01   8.9771029e-01   5.6926860e-01   9.5681577e-01   3.9560163e-01   9.7065011e-01   3.0510616e-01   1.0000000e+00  -6.5627079e-02   9.0296683e-01   5.6794595e-01
  -5.8696411e-01   8.6402117e-01   9.8253851e-01  -2.5689273e-01   1.0000000e+00  -8.8072569e-02   1.0000000e+00   1.3558513e-02   9.7539008e-01   2.8779799e-01   1.0000000e+00   8.1347252e-02   1.0000000e+00  -1.3553208e-02   9.4100248e-01  -4.0070238e-01   9.7718110e-01   2.8441611e-01
  -3.1915305e-01   9.1767929e-01   9.0249892e-01  -5.5176927e-01   9.4744431e-01  -4.0967358e-01   9.8316512e-01  -1.7954990e-01   1.0000000e+00  -1.5039795e-02   9.8518661e-01  -2.4568341e-01   9.6602720e-01  -3.1994193e-01   8.1103452e-01  -6.3269092e-01   1.0000000e+00  -2.1181392e-02
  -8.2592715e-02   6.5612319e-01   7.7297137e-01  -7.5611588e-01   8.3415903e-01  -6.6329179e-01   9.2885996e-01  -3.5568907e-01   9.7088358e-01  -3.0260543e-01   9.1376973e-01  -5.4208136e-01   8.7532148e-01  -5.7197810e-01   6.4138676e-01  -7.1765160e-01   9.7076890e-01  -3.1077102e-01
   4.0993763e-02   1.6518804e-01   6.1569608e-01  -8.3110040e-01   6.7917553e-01  -8.0387361e-01   8.4278771e-01  -4.9082303e-01   8.9443121e-01  -5.3456982e-01   7.9581365e-01  -7.5681953e-01   7.4311314e-01  -7.2755729e-01   4.7074998e-01  -6.4148085e-01   8.9598326e-01  -5.4128106e-01
   7.4810452e-03  -3.8964197e-01   4.5791156e-01  -7.6126695e-01   5.0928051e-01  -8.0422662e-01   7.3586483e-01  -5.5913096e-01   7.8400556e-01  -6.7518188e-01   6.5011335e-01  -8.4591066e-01   5.9203086e-01  -7.5702341e-01   3.3660016e-01  -4.2874081e-01   7.8928626e-01  -6.7479516e-01
  -1.7448205e-01  -8.2404664e-01   3.2692094e-01  -5.6158318e-01   3.5406562e-01  -6.6554073e-01   6.2342033e-01  -5.4425348e-01   6.5822565e-01  -7.0336815e-01   5.0153421e-01  -7.8782218e-01   4.4840146e-01  -6.5456238e-01   2.6601155e-01  -1.3701554e-01   6.6959951e-01  -6.8983031e-01
  -4.4786371e-01  -1.0000000e+00   2.4437932e-01  -2.7367677e-01   2.3979178e-01  -4.1803877e-01   5.2243855e-01  -4.4690972e-01   5.3761894e-01  -6.1976880e-01   3.7605593e-01  -5.9245638e-01   3.3691319e-01  -4.4238263e-01   2.6954721e-01   1.6058583e-01   5.5759015e-01  -5.8838746e-01
  -7.2789125e-01  -8.7005493e-01   2.2205649e-01   4.5162683e-02   1.8401977e-01  -1.1307647e-01   4.4784572e-01  -2.8648185e-01   4.4050749e-01  -4.4770705e-01   2.9502430e-01  -3.0052963e-01   2.7528220e-01  -1.6625770e-01   3.4002895e-01   3.9666795e-01   4.7145258e-01  -3.9644154e-01
  -9.3072342e-01  -4.8743300e-01   2.6016286e-01   3.3592049e-01   1.9256456e-01   1.8997458e-01   4.0918171e-01  -9.6012422e-02   3.7940840e-01  -2.2713171e-01   2.7047446e-01   2.6764339e-02   2.7064623e-01   1.1613459e-01   4.5619950e-01   5.2631498e-01   4.2326937e-01  -1.5744682e-01
  -1.0000000e+00   1.9979380e-02   3.4821669e-01   5.4998456e-01   2.5922205e-01   4.3732805e-01   4.0870853e-01   8.6992809e-02   3.5891951e-01  -3.9635193e-03   3.0278698e-01   3.2360316e-01   3.1857006e-01   3.4969441e-01   5.8924657e-01   5.3335233e-01   4.1686856e-01   7.8785375e-02
  -9.2187223e-01   4.9905915e-01   4.6787406e-01   6.5590963e-01   3.6804898e-01   5.9014469e-01   4.4145404e-01   2.2949884e-01   3.7565237e-01   1.8062215e-01   3.8127449e-01   5.3444959e-01   4.0486030e-01   4.9357166e-01   7.0963548e-01   4.2645964e-01   4.4774960e-01   2.6750719e-01
  -7.2481039e-01   8.1564918e-01   5.9648001e-01   6.4137901e-01   4.9692064e-01   6.2830953e-01   4.9675638e-01   3.0833997e-01   4.1981009e-01   2.9712775e-01   4.8696913e-01   6.2321416e-01   5.0906777e-01   5.2678383e-01   7.9222834e-01   2.3269774e-01   5.0472621e-01   3.7676132e-01
  -4.6980633e-01   8.8924612e-01   7.1103814e-01   5.1547123e-01   6.2171313e-01   5.5311077e-01   5.6063129e-01   3.1474560e-01   4.7771261e-01   3.3299611e-01   5.9667506e-01   5.8019236e-01   6.0881522e-01   4.5155804e-01   8.2059969e-01  -5.4822955e-03   5.7261331e-01   3.9349255e-01
  -2.3046512e-01   7.1238334e-01   7.9248279e-01   3.0838429e-01   7.2088225e-01   3.8710493e-01   6.1907572e-01   2.5680972e-01   5.3518783e-01   2.9466502e-01   6.8812643e-01   4.2441592e-01   6.8456150e-01   2.9280028e-01   7.9023967e-01  -2.3506899e-01   6.3587554e-01   3.2600694e-01
  -7.2320405e-02   3.5055338e-01   8.2919384e-01   6.6477329e-02   7.7932364e-01   1.7006298e-01   6.6120651e-01   1.5794214e-01   5.8069744e-01   2.0553393e-01   7.4463603e-01   1.9986435e-01   7.2349332e-01   9.3127596e-02   7.0993220e-01  -4.0218914e-01   6.8201141e-01   2.0168349e-01
  -3.2619565e-02  -7.8235785e-02   8.1950273e-01  -1.5892747e-01   7.9141921e-01  -5.0475493e-02   6.8200514e-01   5.0069712e-02   6.0808232e-01   9.8846253e-02   7.5904751e-01  -3.5904629e-02   7.2246668e-01  -9.7898485e-02   6.0044639e-01  -4.6764852e-01   7.0451092e-01   5.9020653e-02
  -1.1192679e-01  -4.4539480e-01   7.7102859e-01  -3.2491202e-01   7.6108315e-01  -2.3136970e-01   6.8277340e-01  -3.6869499e-02   6.1716943e-01   6.9212906e-03   7.3438204e-01  -2.2831236e-01   6.8770219e-01  -2.3744943e-01   4.8894902e-01  -4.1889065e-01   7.0353841e-01  -6.4339717e-02
  -2.7655220e-01  -6.5054584e-01   6.9815176e-01  -4.0654656e-01   6.9990896e-01  -3.4340891e-01   6.6990841e-01  -8.3413818e-02   6.1282889e-01  -4.7844279e-02   6.8212651e-01  -3.3949930e-01   6.3243426e-01  -2.9996120e-01   4.0202665e-01  -2.7342737e-01   6.8495531e-01  -1.4159888e-01
  -4.7134584e-01  -6.5056815e-01   6.1797018e-01  -4.0110216e-01   6.2361938e-01  -3.7658021e-01   6.5221935e-01  -8.5478321e-02   6.0263060e-01  -5.8348016e-02   6.1838125e-01  -3.5663566e-01   5.7279792e-01  -2.8239930e-01   3.5877910e-01  -7.2660187e-02   6.5784563e-01  -1.6285910e-01
  -6.3814372e-01  -4.6761887e-01   5.4609681e-01  -3.2572347e-01   5.4803423e-01  -3.3948676e-01   6.3780170e-01  -5.3749298e-02   5.9402691e-01  -3.2578218e-02   5.5925056e-01  -2.9194717e-01   5.2338751e-01  -2.0239235e-01   3.6646099e-01   1.3108586e-01   6.3150288e-01  -1.3519410e-01
  -7.3345449e-01  -1.7524064e-01   4.9341288e-01  -2.0987991e-01   4.8566562e-01  -2.5378897e-01   6.3152748e-01  -8.1285841e-03   5.9200240e-01   1.1366549e-02   5.1686706e-01  -1.7551066e-01   4.9376898e-01  -9.0536131e-02   4.1961705e-01   2.8944951e-01   6.1284848e-01  -7.7561394e-02
  -7.3918087e-01   1.2968648e-01   4.6465460e-01  -8.5907633e-02   4.4387561e-01  -1.4639379e-01   6.3401918e-01   3.0029560e-02   5.9793705e-01   5.2407344e-02   4.9721933e-01  -4.4538871e-02   4.8695264e-01   1.9599048e-02   5.0259251e-01   3.6931002e-01   6.0506985e-01  -1.3301860e-02
  -6.6532350e-01   3.5776427e-01   4.5863299e-01   1.9372933e-02   4.2449105e-01  -4.2141932e-02   6.4204207e-01   4.5031028e-02   6.0963749e-01   7.3187612e-02   4.9973820e-01   6.7067892e-02   4.9966219e-01   1.0057987e-01   5.9412592e-01   3.5879893e-01   6.0744015e-01   3.7040006e-02
  -5.4369546e-01   4.5116857e-01   4.6991293e-01   8.9617656e-02   4.2484500e-01   4.1001823e-02   6.5017037e-01   3.1055935e-02   6.2248944e-01   6.4513653e-02   5.1868559e-01   1.3617482e-01   5.2426921e-01   1.3686700e-01   6.7268069e-01   2.6711681e-01   6.1631231e-01   6.0620429e-02
  -4.1654267e-01   3.9736188e-01   4.9106375e-01   1.2073439e-01   4.3947492e-01   9.4329185e-02   6.5292914e-01  -6.6774317e-03   6.3113309e-01   2.7387067e-02   5.4548075e-01   1.5454146e-01   5.5145506e-01   1.2720110e-01   7.2123959e-01   1.2074831e-01   6.2668149e-01   5.4734015e-02
  -3.2306279e-01   2.2894126e-01   5.1494633e-01   1.1945214e-01   4.6206857e-01   1.1824571e-01   6.4682909e-01  -5.4148681e-02   6.3125587e-01  -2.7827943e-02   5.7142301e-01   1.2885289e-01   5.7297704e-01   8.3178953e-02   7.3073666e-01  -4.3289732e-02   6.3392887e-01   2.6326093e-02
  -2.8788404e-01   1.0509145e-02   5.3649106e-01   9.9525029e-02   4.8716329e-01   1.2009274e-01   6.3169268e-01  -9.3421504e-02   6.2100877e-01  -8.4800993e-02   5.9007739e-01   7.6948660e-02   5.8383632e-01   2.4656195e-02   7.0167683e-01  -1.8593207e-01   6.3525782e-01  -1.1079600e-02
  -3.1468142e-01  -1.8465226e-01   5.5359430e-01   7.6290088e-02   5.1125157e-01   1.1028567e-01   6.1083013e-01  -1.0908161e-01   6.0164491e-01  -1.2665609e-01   5.9873967e-01   2.0827897e-02   5.8330968e-01  -2.7205826e-02   6.4351001e-01  -2.7536092e-01   6.3044274e-01  -4.2501048e-02
  -3.8754485e-01  -2.9780720e-01   5.6685962e-01   6.1699308e-02   5.3293829e-01   9.8335464e-02   5.8992439e-01  -9.3395997e-02   5.7708324e-01  -1.4114606e-01   5.9843474e-01  -2.0591539e-02   5.7446155e-01  -5.6387769e-02   5.7184264e-01  -2.9406854e-01   6.2158417e-01  -5.6478569e-02
  -4.7769818e-01  -3.0175427e-01   5.7859343e-01   6.0770276e-02   5.5243048e-01   8.9661272e-02   5.7519355e-01  -4.9006738e-02   5.5274600e-01  -1.2426495e-01   5.9287215e-01  -3.7031191e-02   5.6266308e-01  -5.6465542e-02   5.0439886e-01  -2.4270497e-01   6.1219104e-01  -4.8637638e-02
  -5.5383994e-01  -2.0616195e-01   5.9130275e-01   7.0624628e-02   5.7050171e-01   8.4255313e-02   5.7132337e-01   1.1933626e-02   5.3395253e-01  -8.1033099e-02   5.8664640e-01  -2.8888407e-02   5.5349944e-01  -3.1572117e-02   4.5657088e-01  -1.3894105e-01   6.0582924e-01  -2.2595164e-02
  -5.9210365e-01  -5.0741322e-02   6.0629687e-01   8.2284797e-02   5.8742479e-01   7.7565599e-02   5.7991737e-01   7.1689429e-02   5.2445012e-01  -2.3465642e-02   5.8344223e-01  -5.4752801e-03   5.5086328e-01   6.0805246e-03   4.3785634e-01  -1.1899240e-02   6.0487157e-01   1.1869091e-02
  -5.8288978e-01   1.1020814e-01   6.2282659e-01   8.4589883e-02   6.0226270e-01   6.3210807e-02   5.9889879e-01   1.1259263e-01   5.2546576e-01   3.3383354e-02   5.8477975e-01   1.9485169e-02   5.5575731e-01   4.1016297e-02   4.4996572e-01   1.0614960e-01   6.0971418e-01   4.2548035e-02
  -5.3229744e-01   2.2551695e-01   6.3813163e-01   6.8659266e-02   6.1286223e-01   3.6316659e-02   6.2311289e-01   1.2231992e-01   5.3558847e-01   7.5778246e-02   5.8973954e-01   3.3133005e-02   5.6621482e-01   5.9722126e-02   4.8715673e-01   1.8793124e-01   6.1874597e-01   5.8921093e-02
  -4.5904533e-01   2.6212175e-01   6.4824516e-01   3.1525234e-02   6.1645990e-01  -3.7199331e-03   6.4578668e-01   9.7565135e-02   5.5133261e-01   9.4946443e-02   5.9551241e-01   2.7900308e-02   5.7811718e-01   5.4860547e-02   5.3824677e-01   2.1744168e-01   6.2892855e-01   5.5472800e-02
  -3.8772355e-01   2.1347751e-01   6.4934355e-01  -2.2343364e-02   6.1072593e-01  -5.2118823e-02   6.6049435e-01   4.5004689e-02   5.6824703e-01   8.9079029e-02   5.9860286e-01   3.8460407e-03   5.8668624e-01   2.7297780e-02   5.8983166e-01   1.9279711e-01   6.3683175e-01   3.3261114e-02
  -3.4088969e-01   9.9803110e-02   6.3913350e-01  -8.2018564e-02   5.9481878e-01  -9.9612996e-02   6.6301196e-01  -2.0578952e-02   5.8218676e-01   6.3311111e-02   5.9620043e-01  -3.1591843e-02   5.8810609e-01  -1.4425136e-02   6.2971379e-01   1.2542172e-01   6.3974813e-01  -5.7421672e-04
  -3.3205951e-01  -4.0094223e-02   6.1785811e-01  -1.3336184e-01   5.7008707e-01  -1.3514224e-01   6.5257954e-01  -8.0739179e-02   5.9043489e-01   2.7629290e-02   5.8731959e-01  -6.6393330e-02   5.8083698e-01  -5.7098601e-02   6.4980325e-01   3.5829896e-02   6.3658247e-01  -3.5286602e-02
  -3.6249392e-01  -1.6191998e-01   5.8846797e-01  -1.6313851e-01   5.4005816e-01  -1.4915288e-01   6.3203246e-01  -1.1862326e-01   5.9223301e-01  -6.4109013e-03   5.7319999e-01  -8.8069689e-02   5.6606588e-01  -8.7063178e-02   6.4750041e-01  -5.2281564e-02   6.2813689e-01  -5.9935221e-02
  -4.2128193e-01  -2.3010908e-01   5.5611193e-01  -1.6294369e-01   5.0984267e-01  -1.3662035e-01   6.0704906e-01  -1.2390338e-01   5.8880444e-01  -2.9236467e-02   5.5707248e-01  -8.7897830e-02   5.4743465e-01  -9.4524970e-02   6.2586758e-01  -1.1824733e-01   6.1689414e-01  -6.6829159e-02
  -4.8981661e-01  -2.2776459e-01   5.2688885e-01  -1.3145665e-01   4.8496244e-01  -9.8581935e-02   5.8446587e-01  -9.5343462e-02   5.8269916e-01  -3.5760996e-02   5.4315506e-01  -6.3624144e-02   5.2989030e-01  -7.6309242e-02   5.9215121e-01  -1.4897041e-01   6.0620293e-01  -5.3663723e-02
  -5.4780647e-01  -1.6016358e-01   5.0641810e-01  -7.4769284e-02   4.7008418e-01  -4.2038372e-02   5.7042621e-01  -4.0822101e-02   5.7689308e-01  -2.6340196e-02   5.3542352e-01  -2.0106060e-02   5.1827218e-01  -3.6577623e-02   5.5563211e-01  -1.4116865e-01   5.9929622e-01  -2.3995559e-02
  -5.7920770e-01  -5.1280315e-02   4.9856301e-01  -4.7777398e-03   4.6796370e-01   2.1698135e-02   5.6881222e-01   2.5123394e-02   5.7387752e-01  -6.0541005e-03   5.3647952e-01   3.2178466e-02   5.1599283e-01   1.4584226e-02   5.2526711e-01  -1.0099226e-01   5.9839244e-01   1.3991798e-02
  -5.7698797e-01   6.4714467e-02   5.0446952e-01   6.3798723e-02   4.7872754e-01   7.9716859e-02   5.8016575e-01   8.5407362e-02   5.7489952e-01   1.7197106e-02   5.4670305e-01   8.0122191e-02   5.2401990e-01   6.4091018e-02   5.0746594e-01  -4.1632069e-02   6.0402041e-01   4.9920806e-02
  -5.4402724e-01   1.5454529e-01   5.2246909e-01   1.1700526e-01   4.9995053e-01   1.2053607e-01   6.0177508e-01   1.2493661e-01   5.7975343e-01   3.5292712e-02   5.6420405e-01   1.1166473e-01   5.4074633e-01   9.9515201e-02   5.0499553e-01   2.0734797e-02   6.1497002e-01   7.4175524e-02
  -4.9166833e-01   1.9502769e-01   5.4849338e-01   1.4475711e-01   5.2718341e-01   1.3662585e-01   6.2839777e-01   1.3427274e-01   5.8692001e-01   4.2144015e-02   5.8525411e-01   1.1887650e-01   5.6239779e-01   1.1220655e-01   5.1667351e-01   7.0949804e-02   6.2861185e-01   8.0372352e-02
  -4.3578587e-01   1.7903334e-01   5.7706630e-01   1.4302211e-01   5.5496834e-01   1.2603384e-01   6.5365681e-01   1.1183907e-01   5.9409338e-01   3.5326820e-02   6.0523353e-01   1.0000313e-01   5.8402979e-01   9.9431835e-02   5.3807526e-01   9.8436470e-02   6.4161453e-01   6.6981105e-02
  -3.9179727e-01   1.1615897e-01   6.0258882e-01   1.1441679e-01   5.7806395e-01   9.2602604e-02   6.7168596e-01   6.3964282e-02   5.9891249e-01   1.6551176e-02   6.1980819e-01   5.9762719e-02   6.0080779e-01   6.4834544e-02   5.6297954e-01   9.9289537e-02   6.5083648e-01   3.7549767e-02
  -3.7045869e-01   2.8357687e-02   6.2052364e-01   6.7118325e-02   5.9251585e-01   4.4759080e-02   6.7850118e-01   2.8577951e-03   5.9963374e-01  -9.1020594e-03   6.2594828e-01   7.8665313e-03   6.0915040e-01   1.7161209e-02   5.8503944e-01   7.6416860e-02   6.5409563e-01  -4.6999416e-04
  -3.7506626e-01  -5.7390094e-02   6.2832474e-01   1.2622325e-02   5.9644669e-01  -6.6438459e-03   6.7293419e-01  -5.6710213e-02   5.9563368e-01  -3.4760429e-02   6.2264827e-01  -4.3612367e-02   6.0757526e-01  -3.2155410e-02   5.9936122e-01   3.8175336e-02   6.5071119e-01  -3.7795019e-02
  -4.0144166e-01  -1.1768288e-01   6.2575320e-01  -3.7302395e-02   5.9023871e-01  -5.1057906e-02   6.5668996e-01  -1.0136166e-01   5.8752001e-01  -5.3858637e-02   6.1101671e-01  -8.3508244e-02   5.9688443e-01  -7.2122824e-02   6.0348559e-01  -4.4841090e-03   6.4156766e-01  -6.5875597e-02
  -4.3989264e-01  -1.3890901e-01   6.1467483e-01  -7.3254265e-02   5.7623550e-01  -8.0513610e-02   6.3375682e-01  -1.2219839e-01   5.7692225e-01  -6.1841651e-02   5.9388084e-01  -1.0415953e-01   5.7981834e-01  -9.4763697e-02   5.9766753e-01  -4.0948174e-02   6.2881228e-01  -7.8928904e-02
  -4.7855659e-01  -1.2000755e-01   5.9840490e-01  -8.9990206e-02   5.5803777e-01  -9.1061724e-02   6.0930870e-01  -1.1650496e-01   5.6602748e-01  -5.7168213e-02   5.7500810e-01  -1.0288273e-01   5.6027284e-01  -9.6700170e-02   5.8446607e-01  -6.3425527e-02   6.1526324e-01  -7.5090635e-02
  -5.0699384e-01  -7.1445627e-02   5.8082230e-01  -8.7061018e-02   5.3961321e-01  -8.3163130e-02   5.8843118e-01  -8.7828848e-02   5.5701617e-01  -4.1447172e-02   5.5818657e-01  -8.2106687e-02   5.4232794e-01  -7.9493480e-02   5.6785940e-01  -6.8445957e-02   6.0371213e-01  -5.6511173e-02
