   5.1875223e-03   2.4087323e-01   4.9120015e-02   6.5407438e-01   1.9978364e-02   5.8772673e-01   1.6543789e-01   7.8453852e-01   1.9925740e-03   3.1380467e-01   1.1826133e-01   6.7094623e-01   1.4670384e-01   6.8691138e-01   1.9773424e-01   1.2218507e-02   1.0011538e-01   2.5453812e-02
  -3.0343919e-02  -4.5604902e-01   2.1402584e-01   9.0579514e-01   1.7048895e-01   8.7090932e-01   2.8330017e-01   9.3590967e-01   8.7463750e-02   6.5253881e-01   2.5569749e-01   9.0163857e-01   2.8252094e-01   9.1071804e-01   2.5019977e-01   5.2548286e-01   1.3982524e-01   4.4271783e-01
  -2.3328168e-01  -8.7652102e-01   4.1510986e-01   1.0000000e+00   3.6309191e-01   1.0000000e+00   4.1437853e-01   9.8686236e-01   2.2293739e-01   8.8541064e-01   4.2140424e-01   1.0000000e+00   4.4445654e-01   1.0000000e+00   3.8490549e-01   8.7301612e-01   2.3996977e-01   7.5586240e-01
  -5.0191113e-01  -9.0007044e-01   6.1958175e-01   9.4166402e-01   5.6607582e-01   9.7572615e-01   5.4774042e-01   9.7470065e-01   3.8873664e-01   1.0000000e+00   5.9338177e-01   9.7695719e-01   6.1099863e-01   9.6876349e-01   5.6463677e-01   1.0000000e+00   3.8149876e-01   9.4384892e-01
  -7.2258218e-01  -5.6730134e-01   7.9843885e-01   7.5983963e-01   7.5053184e-01   8.2285664e-01   6.7639335e-01   9.1845541e-01   5.6402540e-01   9.9518386e-01   7.5210990e-01   8.4916707e-01   7.6355738e-01   8.3643133e-01   7.4728044e-01   9.0892442e-01   5.4309469e-01   1.0000000e+00
  -8.1373081e-01  -4.2586536e-02   9.2984831e-01   4.9171306e-01   8.9379154e-01   5.7557043e-01   7.9437864e-01   8.1541988e-01   7.2867428e-01   8.7997039e-01   8.8107081e-01   6.3457285e-01   8.8680862e-01   6.2218177e-01   8.9577125e-01   6.4678843e-01   7.0343160e-01   9.3046010e-01
  -7.4814350e-01   4.7591230e-01   9.9949571e-01   1.7170049e-01   9.8005762e-01   2.6659250e-01   8.9435881e-01   6.4896312e-01   8.6488012e-01   6.7174224e-01   9.6693693e-01   3.5239070e-01   9.6858168e-01   3.4460232e-01   9.8412240e-01   2.8182992e-01   8.4303463e-01   7.5105355e-01
  -5.5342358e-01   8.2086676e-01   1.0000000e+00  -1.6694634e-01   1.0000000e+00  -7.2216163e-02   9.6653342e-01   4.0311471e-01   9.5845627e-01   3.9460890e-01   1.0000000e+00   2.6441979e-02   1.0000000e+00   2.5620391e-02   1.0000000e+00  -1.1126833e-01   9.4567223e-01   4.8549075e-01
  -2.9736251e-01   8.8564124e-01   9.3143070e-01  -4.8481704e-01   9.5125741e-01  -4.0294402e-01   1.0000000e+00   7.9966413e-02   1.0000000e+00   7.9529852e-02   9.7543793e-01  -3.0973265e-01   9.7658365e-01  -3.0341513e-01   9.4522833e-01  -4.5715010e-01   9.9974615e-01   1.6673387e-01
  -6.7287086e-02   6.4643964e-01   8.0295364e-01  -7.3447072e-01   8.4012670e-01  -6.7843684e-01   9.8613576e-01  -2.8775895e-01   9.8618694e-01  -2.3445955e-01   8.9529101e-01  -6.1003437e-01   9.0018733e-01  -5.9820008e-01   8.3536997e-01  -6.8678126e-01   1.0000000e+00  -1.6088881e-01
   5.6727330e-02   1.7824992e-01   6.3370223e-01  -8.7003129e-01   6.8287485e-01  -8.4979174e-01   9.2285844e-01  -6.3756258e-01   9.2108352e-01  -5.0223042e-01   7.7032294e-01  -8.2099610e-01   7.8090218e-01  -8.0641974e-01   6.9723456e-01  -7.5277022e-01   9.4924671e-01  -4.4464085e-01
   2.9213176e-02  -3.6442745e-01   4.5079062e-01  -8.6327344e-01   5.0457148e-01  -8.8198608e-01   8.1765044e-01  -8.9512457e-01   8.1657848e-01  -6.8102604e-01   6.2014227e-01  -8.9654542e-01   6.3728156e-01  -8.8252941e-01   5.6317244e-01  -6.4547266e-01   8.5896461e-01  -6.3436980e-01
  -1.4538846e-01  -8.0361480e-01   2.8431233e-01  -7.1467717e-01   3.3478941e-01  -7.6704744e-01   6.8738174e-01  -1.0000000e+00   6.9092765e-01  -7.4217099e-01   4.7041372e-01  -8.1470221e-01   4.9373179e-01  -8.0446009e-01   4.6331704e-01  -3.9753018e-01   7.4767123e-01  -6.9663444e-01
  -4.1510223e-01  -1.0000000e+00   1.6115139e-01  -4.5418065e-01   2.0159333e-01  -5.2784472e-01   5.5495564e-01  -9.2620085e-01   5.6546905e-01  -6.8009702e-01   3.4774588e-01  -5.8755281e-01   3.7564741e-01  -5.8353623e-01   4.1838038e-01  -7.4339941e-02   6.3727334e-01  -6.2494612e-01
  -6.9870585e-01  -8.9836330e-01   9.9496055e-02  -1.3336321e-01   1.2566135e-01  -2.1251245e-01   4.4388588e-01  -6.9111065e-01   4.6025060e-01  -5.1497415e-01   2.7367219e-01  -2.6081700e-01   3.0366796e-01  -2.6411762e-01   4.3511269e-01   2.4508678e-01   5.4828090e-01  -4.4249707e-01
  -9.1341192e-01  -5.4057982e-01   1.0566899e-01   1.8796397e-01   1.1634948e-01   1.1828500e-01   3.7263373e-01  -3.4909498e-01   3.8989540e-01  -2.8703481e-01   2.5968918e-01   9.7882566e-02   2.8892860e-01   8.7807827e-02   5.0583786e-01   4.8970797e-01   4.9530983e-01  -1.9555323e-01
  -1.0000000e+00  -4.2863674e-02   1.7393907e-01   4.5519417e-01   1.7072367e-01   4.0574514e-01   3.5081923e-01   2.5799133e-02   3.6114044e-01  -4.5314657e-02   3.0509156e-01   4.1671620e-01   3.3096146e-01   4.0186743e-01   6.1154048e-01   6.1116866e-01   4.8440422e-01   5.9448758e-02
  -9.3917174e-01   4.4637042e-01   2.8852791e-01   6.2790102e-01   2.7500764e-01   6.0378964e-01   3.7769085e-01   3.5804946e-01   3.7222283e-01   1.6381761e-01   3.9754585e-01   6.3559069e-01   4.1819165e-01   6.1886119e-01   7.2670742e-01   5.8964051e-01   5.1236853e-01   2.6924760e-01
  -7.5396666e-01   7.9209171e-01   4.2713385e-01   6.8388707e-01   4.0792353e-01   6.8489969e-01   4.4303702e-01   5.8553899e-01   4.1421247e-01   3.0536091e-01   5.1621069e-01   7.1680739e-01   5.3085893e-01   7.0128291e-01   8.2486469e-01   4.3389338e-01   5.6827128e-01   3.9425882e-01
  -5.0043096e-01   9.0562993e-01   5.6489214e-01   6.2107377e-01   5.4472934e-01   6.4284813e-01   5.2979791e-01   6.7041249e-01   4.7349552e-01   3.6103478e-01   6.3611366e-01   6.5075228e-01   6.4516597e-01   6.3911598e-01   8.8375364e-01   1.8017868e-01   6.3629094e-01   4.1528686e-01
  -2.5107461e-01   7.6753432e-01   6.7868079e-01   4.5891911e-01   6.6167686e-01   4.9432910e-01   6.1790736e-01   6.0833725e-01   5.3496159e-01   3.3289413e-01   7.3322770e-01   4.5907461e-01   7.3813192e-01   4.5320516e-01   8.9025064e-01  -1.1110579e-01   6.9939293e-01   3.3789912e-01
  -7.2463881e-02   4.3297595e-01   7.5161858e-01   2.3543350e-01   7.4069861e-01   2.7608601e-01   6.8929704e-01   4.3045975e-01   5.8572647e-01   2.4250153e-01   7.8993664e-01   1.9107919e-01   7.9285245e-01   1.9182291e-01   8.4410815e-01  -3.6823422e-01   7.4358465e-01   1.9112575e-01
  -7.4193346e-03   1.0480273e-02   7.7573570e-01  -1.5728811e-03   7.7231227e-01   3.6193452e-02   7.3179218e-01   1.9311483e-01   6.1772438e-01   1.2392513e-01   7.9841907e-01  -8.8643501e-02   8.0176875e-01  -8.1585698e-02   7.5793661e-01  -5.2736525e-01   7.6083295e-01   1.8643999e-02
  -6.2655282e-02  -3.7315508e-01   7.5321014e-01  -2.0617961e-01   7.5714830e-01  -1.7770223e-01   7.4181170e-01  -3.9109875e-02   6.2931176e-01   1.3326062e-02   7.6231845e-01  -3.1725004e-01   7.6827948e-01  -3.0526974e-01   6.5422398e-01  -5.5202343e-01   7.5080256e-01  -1.3386736e-01
  -2.1080474e-01  -6.1389411e-01   6.9454586e-01  -3.4470396e-01   7.0441645e-01  -3.2923167e-01   7.2389797e-01  -2.1217705e-01   6.2445941e-01  -6.1529770e-02   6.9464257e-01  -4.4969958e-01   7.0472755e-01  -4.3502862e-01   5.5880229e-01  -4.4218842e-01   7.1985709e-01  -2.3132719e-01
  -4.0108908e-01  -6.5868618e-01   6.1543483e-01  -4.0175358e-01   6.2897773e-01  -3.9996449e-01   6.8843311e-01  -2.9559234e-01   6.1074093e-01  -8.7819666e-02   6.1390442e-01  -4.6835186e-01   6.2870314e-01  -4.5363542e-01   4.9419865e-01  -2.3236591e-01   6.7869064e-01  -2.5714678e-01
  -5.7633697e-01  -5.1712776e-01   5.3272921e-01  -3.8136910e-01   5.4742571e-01  -3.9115453e-01   6.4798564e-01  -2.8775928e-01   5.9650842e-01  -6.9289150e-02   5.3911521e-01  -3.8472915e-01   5.5825294e-01  -3.7253077e-01   4.7405228e-01   1.9864727e-02   6.3901370e-01  -2.1545582e-01
  -6.9024908e-01  -2.5201699e-01   4.6076527e-01  -3.0284362e-01   4.7439948e-01  -3.2004765e-01   6.1360679e-01  -2.1163685e-01   5.8827819e-01  -2.2500936e-02   4.8524470e-01  -2.3287218e-01   5.0754535e-01  -2.2521886e-01   5.0031946e-01   2.5080045e-01   6.1042024e-01  -1.2701250e-01
  -7.1990138e-01   4.6250914e-02   4.0886793e-01  -1.9301046e-01   4.1995513e-01  -2.1251816e-01   5.9213331e-01  -1.0328186e-01   5.8903431e-01   3.0379316e-02   4.6022789e-01  -5.7204371e-02   4.8402903e-01  -5.5243564e-02   5.6372687e-01   4.0771045e-01   5.9822477e-01  -2.0846737e-02
  -6.6881424e-01   2.8859439e-01   3.8072978e-01  -7.8756995e-02   3.8873341e-01  -9.5671504e-02   5.8541633e-01   4.9819490e-04   5.9799343e-01   6.8689678e-02   4.6441597e-01   9.9449239e-02   4.8794034e-01   9.5636599e-02   6.4702992e-01   4.5938773e-01   6.0294829e-01   7.4292701e-02
  -5.6335968e-01   4.1258605e-01   3.7491997e-01   1.8806514e-02   3.8021794e-01   8.1252682e-03   5.9081217e-01   7.2319784e-02   6.1130028e-01   7.8955191e-02   4.9158814e-01   2.0571389e-01   5.1330648e-01   1.9710790e-01   7.2960091e-01   4.0146732e-01   6.2086855e-01   1.3707924e-01
  -4.4216550e-01   3.9689837e-01   3.8651480e-01   8.7244302e-02   3.9015922e-01   8.4546021e-02   6.0297117e-01   9.9687177e-02   6.2362513e-01   5.7726024e-02   5.3155020e-01   2.4698873e-01   5.5045242e-01   2.3542061e-01   7.9242516e-01   2.5470015e-01   6.4568565e-01   1.5759546e-01
  -3.4348146e-01   2.6393067e-01   4.0900380e-01   1.2350731e-01   4.1235403e-01   1.2853118e-01   6.1596799e-01   8.6076275e-02   6.2996773e-01   1.1827806e-02   5.7318944e-01   2.2670069e-01   5.8892174e-01   2.1446600e-01   8.2237042e-01   5.9001728e-02   6.7052061e-01   1.3837576e-01
  -2.9447410e-01   6.8970083e-02   4.3600455e-01   1.3235374e-01   4.4034580e-01   1.4315749e-01   6.2513225e-01   4.7173536e-02   6.2714011e-01  -4.4347317e-02   6.0716609e-01   1.6279652e-01   6.2002314e-01   1.5218608e-01   8.1465433e-01  -1.3628226e-01   6.8968960e-01   9.1973757e-02
  -3.0280171e-01  -1.1967955e-01   4.6282505e-01   1.2330990e-01   4.6904617e-01   1.3694630e-01   6.2852860e-01   3.9569059e-03   6.1491271e-01  -9.3707519e-02   6.2823157e-01   8.0847552e-02   6.3900125e-01   7.3688996e-02   7.7399594e-01  -2.8508129e-01   7.0022449e-01   3.6081406e-02
  -3.5784567e-01  -2.4374297e-01   4.8680251e-01   1.0665883e-01   4.9521809e-01   1.1988798e-01   6.2683897e-01  -2.5445927e-02   5.9576083e-01  -1.2199836e-01   6.3542503e-01   5.5235208e-03   6.4516681e-01   2.8691054e-03   7.1239263e-01  -3.5523432e-01   7.0196035e-01  -1.2576276e-02
  -4.3538280e-01  -2.7174396e-01   5.0723416e-01   9.0164702e-02   5.1754510e-01   1.0010605e-01   6.2270061e-01  -3.1575517e-02   5.7411101e-01  -1.2193720e-01   6.3151274e-01  -4.6105854e-02   6.4131008e-01  -4.4123640e-02   6.4601891e-01  -3.3601587e-01   6.9710091e-01  -4.2976720e-02
  -5.0694345e-01  -2.0588302e-01   5.2457361e-01   7.7049069e-02   5.3596281e-01   8.1651659e-02   6.1928441e-01  -1.5933301e-02   5.5490338e-01  -9.4874590e-02   6.2125925e-01  -6.8051307e-02   6.3201150e-01  -6.2184589e-02   5.9089104e-01  -2.3943006e-01   6.8900331e-01  -5.2181723e-02
  -5.4918698e-01  -7.7502185e-02   5.3944608e-01   6.5899173e-02   5.5077370e-01   6.4212232e-02   6.1889776e-01   1.0872894e-02   5.4215531e-01  -4.9642800e-02   6.0951642e-01  -6.4870799e-02   6.2180195e-01  -5.6566835e-02   5.5894992e-01  -9.5514624e-02   6.8086309e-01  -4.4753232e-02
  -5.5061847e-01   6.5974267e-02   5.5183940e-01   5.2405014e-02   5.6189238e-01   4.4651145e-02   6.2206567e-01   3.4088180e-02   5.3792580e-01   7.3127411e-04   5.9969631e-01  -4.7920561e-02   6.1372032e-01  -3.9009623e-02   5.5548941e-01   5.6779503e-02   6.7470134e-01  -2.9801065e-02
  -5.1393823e-01   1.7709773e-01   5.6077784e-01   3.2085279e-02   5.6852348e-01   1.9552092e-02   6.2737259e-01   4.0748012e-02   5.4193964e-01   4.3113546e-02   5.9303703e-01  -3.0221404e-02   6.0865863e-01  -2.2530774e-02   5.7846772e-01   1.8006767e-01   6.7093718e-01  -1.7055540e-02
  -4.5388234e-01   2.2267195e-01   5.6457084e-01   2.9191415e-03   5.6936611e-01  -1.2302695e-02   6.3205963e-01   2.4613980e-02   5.5190275e-01   6.7956564e-02   5.8874358e-01  -2.1662513e-02   6.0556498e-01  -1.6631682e-02   6.1969668e-01   2.4763679e-01   6.6859143e-01  -1.3297226e-02
  -3.9163668e-01   1.9257553e-01   5.6150657e-01  -3.3139331e-02   5.6322575e-01  -4.8524316e-02   6.3312852e-01  -1.1435494e-02   5.6435256e-01   7.1642623e-02   5.8482227e-01  -2.5924164e-02   6.0231286e-01  -2.4312765e-02   6.6743450e-01   2.4903163e-01   6.6597101e-01  -2.0207657e-02
  -3.4770179e-01   1.0121885e-01   5.5069843e-01  -7.0276214e-02   5.4975913e-01  -8.3281700e-02   6.2856111e-01  -5.6224643e-02   5.7576238e-01   5.6965679e-02   5.7924558e-01  -3.9819199e-02   5.9686998e-01  -4.1584364e-02   7.0962219e-01   1.9111040e-01   6.6155439e-01  -3.4149967e-02
  -3.3548058e-01  -1.8800578e-02   5.3273723e-01  -1.0050687e-01   5.3002559e-01  -1.0898148e-01   6.1821309e-01  -9.4122249e-02   5.8355555e-01   3.1629781e-02   5.7101079e-01  -5.5166660e-02   5.8833164e-01  -5.9538886e-02   7.3687588e-01   9.4473160e-02   6.5474996e-01  -4.7895971e-02
  -3.5761267e-01  -1.2826227e-01   5.0988262e-01  -1.1619227e-01   5.0659632e-01  -1.1872206e-01   6.0405330e-01  -1.1042323e-01   5.8672056e-01   5.3986649e-03   5.6070697e-01  -6.2303539e-02   5.7744454e-01  -6.8027312e-02   7.4446471e-01  -1.3236656e-02   6.4625258e-01  -5.3528737e-02
  -4.0590159e-01  -1.9390206e-01   4.8573567e-01  -1.1244310e-01   4.8317589e-01  -1.0858611e-01   5.8969213e-01  -9.6327661e-02   5.8589148e-01  -1.3058897e-02   5.5044056e-01  -5.3857381e-02   5.6648598e-01  -5.9520873e-02   7.3291446e-01  -1.0491839e-01   6.3790817e-01  -4.5412149e-02
  -4.6457983e-01  -1.9841913e-01   4.6447863e-01  -8.8745914e-02   4.6382723e-01  -7.9106949e-02   5.7934052e-01  -5.2073998e-02   5.8292547e-01  -1.8728728e-02   5.4317617e-01  -2.7629837e-02   5.5856530e-01  -3.1998551e-02   7.0727169e-01  -1.6067274e-01   6.3214727e-01  -2.2341673e-02
  -5.1574047e-01  -1.4429481e-01   4.4990601e-01  -4.9238941e-02   4.5203062e-01  -3.5362735e-02   5.7653964e-01   1.2990688e-02   5.8014000e-01  -1.1327295e-02   5.4172663e-01   1.2508410e-02   5.5659144e-01   1.0234208e-02   6.7531105e-01  -1.7162561e-01   6.3118341e-01   1.1940021e-02
  -5.4487639e-01  -5.1310005e-02   4.4453775e-01  -1.7389577e-03   4.4985761e-01   1.4163590e-02   5.8307825e-01   8.3030345e-02   5.7950795e-01   5.1361330e-03   5.4777474e-01   5.7699151e-02   5.6228811e-01   5.7750451e-02   6.4534907e-01  -1.4062626e-01   6.3626657e-01   4.9789260e-02
  -5.4475412e-01   5.0717193e-02   4.4906661e-01   4.4114991e-02   4.5749871e-01   5.9549615e-02   5.9843242e-01   1.4002615e-01   5.8206549e-01   2.3964884e-02   5.6125210e-01   9.6627298e-02   5.7557992e-01   9.8670034e-02   6.2427769e-01  -8.0097139e-02   6.4723447e-01   8.1804432e-02
  -5.1735475e-01   1.3172018e-01   4.6215318e-01   7.9211178e-02   4.7314955e-01   9.1834037e-02   6.1972772e-01   1.6885002e-01   5.8757499e-01   3.8023492e-02   5.8011931e-01   1.1882937e-01   5.9438840e-01   1.2210625e-01   6.1596363e-01  -7.9987119e-03   6.6238472e-01   9.9534611e-02
  -4.7219090e-01   1.7013865e-01   4.8082806e-01   9.7034441e-02   4.9348598e-01   1.0503573e-01   6.4250337e-01   1.6120126e-01   5.9470279e-01   4.1892269e-02   6.0085543e-01   1.1762673e-01   6.1514217e-01   1.2117838e-01   6.2082731e-01   5.7173565e-02   6.7889107e-01   9.7787798e-02
  -4.2315064e-01   1.5836018e-01   5.0115732e-01   9.5062332e-02   5.1438168e-01   9.7449910e-02   6.6176025e-01   1.1779105e-01   6.0142895e-01   3.3343397e-02   6.1924874e-01   9.1985623e-02   6.3358463e-01   9.4900967e-02   6.3610047e-01   1.0071396e-01   6.9343863e-01   7.6044994e-02
  -3.8411199e-01   1.0402182e-01   5.1914345e-01   7.5225920e-02   5.3183100e-01   7.1954420e-02   6.7321280e-01   4.8257291e-02   6.0567008e-01   1.3922376e-02   6.3143523e-01   4.6949532e-02   6.4582458e-01   4.8582522e-02   6.5685570e-01   1.1492279e-01   7.0303456e-01   3.8699522e-02
  -3.6484038e-01   2.6305234e-02   5.3161289e-01   4.3171158e-02   5.4282233e-01   3.5091268e-02   6.7436214e-01  -3.1526111e-02   6.0591240e-01  -1.1680015e-02   6.3487116e-01  -7.7425926e-03   6.4931200e-01  -7.6448036e-03   6.7749824e-01   1.0014396e-01   7.0574968e-01  -6.1508566e-03
  -3.6870434e-01  -5.0698324e-02   5.3680501e-01   6.6882391e-03   5.4588514e-01  -4.6588409e-03   6.6502785e-01  -1.0359839e-01   6.0161717e-01  -3.7095836e-02   6.2889737e-01  -6.0211728e-02   6.4339828e-01  -6.1487288e-02   6.9315644e-01   6.3621893e-02   7.0113437e-01  -4.8813526e-02
  -3.9219614e-01  -1.0546637e-01   5.3464452e-01  -2.6250472e-02   5.4130289e-01  -3.8952529e-02   6.4735943e-01  -1.5248224e-01   5.9337536e-01  -5.6110109e-02   6.1488265e-01  -9.9456369e-02   6.2947164e-01  -1.0161131e-01   7.0078635e-01   1.6917907e-02   6.9030627e-01  -8.0446452e-02
  -4.2671693e-01  -1.2522850e-01   5.2656491e-01  -4.9380917e-02   5.3086938e-01  -6.1508555e-02   6.2520628e-01  -1.6893810e-01   5.8271700e-01  -6.4366477e-02   5.9581220e-01  -1.1804543e-01   6.1053528e-01  -1.2041178e-01   6.9965633e-01  -2.7622343e-02   6.7561146e-01  -9.5200538e-02
  -4.6158355e-01  -1.0852766e-01   5.1501361e-01  -5.9319108e-02   5.1733882e-01  -6.9236396e-02   6.0314041e-01  -1.5162520e-01   5.7169239e-01  -6.0307350e-02   5.7553069e-01  -1.1353652e-01   5.9044211e-01  -1.1545650e-01   6.9117233e-01  -5.9909812e-02   6.6002809e-01  -9.1311506e-02
  -4.8726143e-01  -6.4483345e-02   5.0280545e-01  -5.5968992e-02   5.0374037e-01  -6.2552631e-02   5.8539331e-01  -1.0681205e-01   5.6236548e-01  -4.5341142e-02   5.5785947e-01  -8.8638028e-02   5.7300634e-01  -8.9631105e-02   6.7826064e-01  -7.4198949e-02   6.4648167e-01  -7.1169073e-02
