   9.5583760e-03   6.2711921e-01   1.1976243e-01   7.6691951e-01   9.5579556e-03   5.1366340e-01   1.4268232e-01   9.0319801e-01   6.1569639e-02   5.5269556e-01   7.7521492e-03   6.0511920e-01   1.1248168e-01   7.8686769e-01   6.3170528e-02   4.2775249e-01   5.5088905e-02   1.3111363e-01
   7.6043652e-02  -1.7566243e-01   3.0573090e-01   9.7516504e-01   1.5220470e-01   8.4283487e-01   3.2070427e-01   1.0000000e+00   1.8108623e-01   8.3519599e-01   1.5798245e-01   8.8095294e-01   2.7799499e-01   9.7414841e-01   2.1243089e-01   8.2833815e-01   1.1391322e-01   5.5606160e-01
  -7.6226395e-02  -7.7975368e-01   5.1608038e-01   1.0000000e+00   3.4533533e-01   1.0000000e+00   5.0219745e-01   9.4998785e-01   3.3686905e-01   9.8105848e-01   3.4743470e-01   1.0000000e+00   4.6274966e-01   1.0000000e+00   4.2866694e-01   1.0000000e+00   2.3227196e-01   8.4467265e-01
  -3.5582935e-01  -1.0000000e+00   7.1404676e-01   8.6371576e-01   5.5279882e-01   9.8484907e-01   6.6534899e-01   8.1073448e-01   5.0637628e-01   1.0000000e+00   5.4577838e-01   9.7417279e-01   6.4016615e-01   9.0210183e-01   6.5682143e-01   9.3561719e-01   3.8656125e-01   9.8903794e-01
  -6.3857513e-01  -8.1131148e-01   8.7071734e-01   6.1575236e-01   7.4190455e-01   8.2912077e-01   7.9879052e-01   6.3483617e-01   6.6976808e-01   9.1278476e-01   7.2688458e-01   8.3201032e-01   7.9145917e-01   7.2439178e-01   8.4727971e-01   6.8637247e-01   5.5350679e-01   1.0000000e+00
  -8.1746825e-01  -3.4223490e-01   9.6846281e-01   3.1037514e-01   8.8829742e-01   5.7825180e-01   8.9904830e-01   4.5367387e-01   8.1105581e-01   7.4296612e-01   8.7094549e-01   6.0671927e-01   9.0534895e-01   5.0227113e-01   9.6645970e-01   3.3365049e-01   7.1263299e-01   8.9883913e-01
  -8.3709343e-01   2.1055133e-01   1.0000000e+00  -9.1800192e-03   9.7679488e-01   2.7397866e-01   9.6613528e-01   2.7471543e-01   9.1815773e-01   5.1293613e-01   9.6453656e-01   3.2885701e-01   9.7581995e-01   2.5755749e-01   1.0000000e+00  -4.1455005e-02   8.4730414e-01   7.0968215e-01
  -7.0086134e-01   6.5982759e-01   9.6590105e-01  -3.1032056e-01   1.0000000e+00  -4.9490401e-02   1.0000000e+00   9.0958418e-02   9.8269559e-01   2.4410473e-01   1.0000000e+00   2.6236871e-02   1.0000000e+00   3.1625026e-03   9.5084988e-01  -3.7065254e-01   9.4490920e-01   4.5665474e-01
  -4.6293515e-01   8.6696045e-01   8.7320407e-01  -5.6232256e-01   9.5735073e-01  -3.5860564e-01   9.9897478e-01  -1.0395382e-01   1.0000000e+00  -4.0313714e-02   9.7526945e-01  -2.7162641e-01   9.7721943e-01  -2.4747062e-01   8.3627016e-01  -5.9909090e-01   9.9698041e-01   1.6648805e-01
  -2.0850464e-01   7.6544402e-01   7.3568661e-01  -7.3193918e-01   8.5572534e-01  -6.1440409e-01   9.6137883e-01  -3.0336760e-01   9.6973367e-01  -3.1216778e-01   8.9467138e-01  -5.2973146e-01   9.1003130e-01  -4.7266334e-01   6.8447938e-01  -6.8746200e-01   1.0000000e+00  -1.2765525e-01
  -2.8606677e-02   3.8847701e-01   5.7388401e-01  -7.8995275e-01   7.1040663e-01  -7.7581749e-01   8.8834024e-01  -4.8330314e-01   8.9682477e-01  -5.3762077e-01   7.6996110e-01  -7.0910664e-01   8.0589992e-01  -6.4132053e-01   5.3005125e-01  -6.2261100e-01   9.5656167e-01  -3.8566460e-01
   1.1408308e-02  -1.3313199e-01   4.1292687e-01  -7.2371680e-01   5.4433413e-01  -8.1216312e-01   7.8657160e-01  -6.0930584e-01   7.9209935e-01  -6.8249807e-01   6.2032897e-01  -7.7609657e-01   6.7837574e-01  -7.2081656e-01   4.0659554e-01  -4.2623762e-01   8.7610233e-01  -5.6716535e-01
  -1.0551500e-01  -6.2033561e-01   2.7809992e-01  -5.4489412e-01   3.8457908e-01  -7.1550600e-01   6.6902219e-01  -6.5041702e-01   6.7149534e-01  -7.2228051e-01   4.7007544e-01  -7.1469253e-01   5.4618846e-01  -6.8971458e-01   3.3893845e-01  -1.5095418e-01   7.7400610e-01  -6.4266759e-01
  -3.4341813e-01  -9.1198733e-01   1.8978901e-01  -2.8742134e-01   2.5706456e-01  -5.0474846e-01   5.5304604e-01  -5.9143387e-01   5.5362966e-01  -6.5097425e-01   3.4421581e-01  -5.3435216e-01   4.3020457e-01  -5.4743511e-01   3.3756618e-01   1.3515409e-01   6.6898776e-01  -6.0266224e-01
  -6.2734791e-01  -9.1820621e-01   1.5965576e-01   1.0270871e-03   1.8139044e-01  -2.2127006e-01   4.5680067e-01  -4.3950788e-01   4.5627154e-01  -4.8488221e-01   2.6330603e-01  -2.7011537e-01   3.4918684e-01  -3.1744328e-01   3.9730824e-01   3.6783210e-01   5.7940118e-01  -4.6133603e-01
  -8.7003205e-01  -6.4745398e-01   1.8885976e-01   2.7034871e-01   1.6709178e-01   8.1334552e-02   3.9501135e-01  -2.2347748e-01   3.9265434e-01  -2.5957157e-01   2.3891421e-01   2.5128101e-02   3.1555146e-01  -4.3018452e-02   5.0019147e-01   5.0286736e-01   5.1936818e-01  -2.5377993e-01
  -1.0000000e+00  -1.9431325e-01   2.6876418e-01   4.7803766e-01   2.1255496e-01   3.4962627e-01   3.7577363e-01   1.4371595e-02   3.6906791e-01  -2.0559880e-02   2.7150918e-01   2.9381408e-01   3.3277587e-01   2.2347624e-01   6.2101637e-01   5.2199784e-01   4.9613880e-01  -2.6863342e-02
  -9.8337513e-01   2.9803002e-01   3.8312288e-01   5.9532280e-01   3.0598349e-01   5.4060772e-01   3.9886834e-01   2.2874908e-01   3.8394217e-01   1.8765092e-01   3.5065441e-01   4.8684668e-01   3.9464865e-01   4.3255529e-01   7.3317706e-01   4.3057588e-01   5.0888910e-01   1.7205175e-01
  -8.3036979e-01   6.8745081e-01   5.1131038e-01   6.0888959e-01   4.2836885e-01   6.2737186e-01   4.5625009e-01   3.8099777e-01   4.2895805e-01   3.3060264e-01   4.5785775e-01   5.7262757e-01   4.8690868e-01   5.4741108e-01   8.1346146e-01   2.5141148e-01   5.4964774e-01   3.0518442e-01
  -5.8918517e-01   8.6890350e-01   6.3156854e-01   5.2158869e-01   5.5702724e-01   6.0167684e-01   5.3389564e-01   4.4588306e-01   4.9120121e-01   3.8927238e-01   5.7045325e-01   5.4140331e-01   5.9014708e-01   5.5010000e-01   8.4561403e-01   2.1849575e-02   6.0543736e-01   3.5099096e-01
  -3.3089144e-01   8.0065999e-01   7.2451195e-01   3.5360896e-01   6.6962971e-01   4.7572633e-01   6.1482307e-01   4.1780724e-01   5.5608676e-01   3.6374385e-01   6.6617058e-01   4.0747555e-01   6.8372394e-01   4.4625596e-01   8.2348913e-01  -2.0855637e-01   6.6136638e-01   3.0891236e-01
  -1.2745139e-01   5.1616679e-01   7.7679130e-01   1.4059014e-01   7.4849960e-01   2.8073266e-01   6.8316861e-01   3.1349016e-01   6.1078703e-01   2.7333611e-01   7.2796852e-01   2.0711664e-01   7.5040564e-01   2.6544226e-01   7.5315955e-01  -3.8653619e-01   7.0435132e-01   1.9986240e-01
  -3.1313879e-02   1.1078947e-01   7.8342809e-01  -7.3761458e-02   7.8366808e-01   5.9957482e-02   7.2776394e-01   1.6698301e-01   6.4690866e-01   1.5086890e-01   7.4737781e-01  -1.0052967e-02   7.7998994e-01   5.3829746e-02   6.5202469e-01  -4.6919578e-01   7.2606484e-01   5.9911967e-02
  -6.0050350e-02  -2.8937312e-01   7.4862274e-01  -2.4849491e-01   7.7453361e-01  -1.4197444e-01   7.4462693e-01   1.9172061e-02   6.6216472e-01   3.2787147e-02   7.2617581e-01  -1.9411070e-01   7.7150660e-01  -1.3845126e-01   5.4486870e-01  -4.3831808e-01   7.2478327e-01  -7.0576572e-02
  -1.9400240e-01  -5.7008826e-01   6.8393470e-01  -3.5529004e-01   7.2884556e-01  -2.8987002e-01   7.3692333e-01  -9.4897698e-02   6.5993420e-01  -5.1773631e-02   6.7491067e-01  -3.0811385e-01   7.3248313e-01  -2.7127833e-01   4.5710838e-01  -3.0581841e-01   7.0496512e-01  -1.5898550e-01
  -3.8523351e-01  -6.6207140e-01   6.0504589e-01  -3.8367047e-01   6.6001554e-01  -3.6473080e-01   7.1300305e-01  -1.5497467e-01   6.4736838e-01  -8.8156929e-02   6.0945589e-01  -3.3623111e-01   6.7617519e-01  -3.2379334e-01   4.0833080e-01  -1.0912725e-01   6.7525349e-01  -1.8838078e-01
  -5.7418147e-01  -5.5873759e-01   5.2787917e-01  -3.4139737e-01   5.8346800e-01  -3.6591172e-01   6.8323514e-01  -1.5947572e-01   6.3267013e-01  -7.8478868e-02   5.4650850e-01  -2.8567735e-01   6.1760196e-01  -2.9768622e-01   4.0759315e-01   1.0060549e-01   6.4556376e-01  -1.6030480e-01
  -7.0816650e-01  -3.1192991e-01   4.6523122e-01  -2.4998722e-01   5.1315011e-01  -3.0808345e-01   6.5677383e-01  -1.2286202e-01   6.2250757e-01  -3.8335730e-02   4.9947237e-01  -1.8182682e-01   5.6969139e-01  -2.1348950e-01   4.5196840e-01   2.7295045e-01   6.2425166e-01  -9.1650689e-02
  -7.5690400e-01  -9.5842590e-03   4.2449268e-01  -1.3705904e-01   4.5885212e-01  -2.1458804e-01   6.3908125e-01  -6.8177563e-02   6.2016586e-01   1.0217407e-02   4.7553853e-01  -5.8767171e-02   5.4035377e-01  -1.0201698e-01   5.2816229e-01   3.7125617e-01   6.1598529e-01  -7.4732295e-03
  -7.1782063e-01   2.5508631e-01   4.0737298e-01  -2.8773599e-02   4.2537127e-01  -1.1014230e-01   6.3133634e-01  -1.8317171e-02   6.2525108e-01   4.6262047e-02   4.7519660e-01   5.0700539e-02   5.3169393e-01   5.3102031e-03   6.1672329e-01   3.7890403e-01   6.2122627e-01   6.7123597e-02
  -6.1398427e-01   4.1001066e-01   4.1072605e-01   5.5619382e-02   4.1273857e-01  -1.5319263e-02   6.3102323e-01   1.0584920e-02   6.3432425e-01   5.5702346e-02   4.9318012e-01   1.2270387e-01   5.4053203e-01   8.4029324e-02   6.9683702e-01   3.0066139e-01   6.3670060e-01   1.1334208e-01
  -4.8463706e-01   4.2246718e-01   4.2835140e-01   1.0655789e-01   4.1746679e-01   5.6728630e-02   6.3358028e-01   1.2866582e-02   6.4237954e-01   3.4521582e-02   5.2075637e-01   1.4676236e-01   5.6019555e-01   1.2142368e-01   7.5098121e-01   1.5964058e-01   6.5682476e-01   1.2267116e-01
  -3.7194304e-01   3.0546137e-01   4.5311243e-01   1.2443304e-01   4.3423890e-01   1.0136383e-01   6.3443491e-01  -6.2398362e-03   6.4465023e-01  -1.0696823e-02   5.4856274e-01   1.2674215e-01   5.8290380e-01   1.1809877e-01   7.6860166e-01  -8.4999321e-03   6.7556504e-01   9.8049892e-02
  -3.0811513e-01   1.0975078e-01   4.7881837e-01   1.1741945e-01   4.5757361e-01   1.2133829e-01   6.3076122e-01  -3.3690107e-02   6.3821363e-01  -6.5354262e-02   5.6920473e-01   7.7914690e-02   6.0207029e-01   8.5805770e-02   7.4805896e-01  -1.6365069e-01   6.8819378e-01   5.1736759e-02
  -3.0655648e-01  -9.4978356e-02   5.0149736e-01   9.7698154e-02   4.8310343e-01   1.2407740e-01   6.2245943e-01  -5.4031951e-02   6.2297049e-01  -1.1175590e-01   5.7900177e-01   2.1145128e-02   6.1394616e-01   4.2357744e-02   6.9662590e-01  -2.7052142e-01   6.9249243e-01   6.6598023e-04
  -3.5975009e-01  -2.4347896e-01   5.1976568e-01   7.7104446e-02   5.0816530e-01   1.1812909e-01   6.1203291e-01  -5.5325428e-02   6.0166710e-01  -1.3488607e-01   5.7839008e-01  -2.4052889e-02   6.1813416e-01   5.1980824e-03   6.2835327e-01  -3.0694871e-01   6.8904159e-01  -3.9280475e-02
  -4.4375122e-01  -2.9490367e-01   5.3435330e-01   6.3450795e-02   5.3168561e-01   1.0988831e-01   6.0350553e-01  -3.3521520e-02   5.7902024e-01  -1.2710450e-01   5.7104729e-01  -4.5342272e-02   6.1698104e-01  -1.4196746e-02   5.6036378e-01  -2.6902528e-01   6.8062169e-01  -5.8157301e-02
  -5.2741484e-01  -2.4316970e-01   5.4701780e-01   5.8570374e-02   5.5350116e-01   1.0159768e-01   6.0078920e-01   6.1707308e-03   5.6024854e-01  -9.0213104e-02   5.6212044e-01  -4.0461956e-02   6.1415122e-01  -1.3268760e-02   5.0850293e-01  -1.7129232e-01   6.7098118e-01  -5.4419738e-02
  -5.8289714e-01  -1.1519535e-01   5.5928487e-01   5.8610528e-02   5.7346092e-01   9.1245134e-02   6.0611847e-01   5.1276875e-02   5.4952591e-01  -3.4381290e-02   5.5624091e-01  -1.6534769e-02   6.1297386e-01   2.0849132e-03   4.8355214e-01  -4.1937029e-02   6.6345296e-01  -3.4332087e-02
  -5.9412180e-01   4.1026753e-02   5.7145692e-01   5.6364343e-02   5.9069091e-01   7.4314272e-02   6.1908201e-01   8.6547988e-02   5.4882451e-01   2.5420799e-02   5.5596329e-01   1.3557663e-02   6.1513631e-01   2.0838646e-02   4.8894072e-01   8.5403118e-02   6.5987557e-01  -8.8487519e-03
  -5.6054612e-01   1.7336551e-01   5.8227312e-01   4.4692986e-02   6.0337149e-01   4.6623773e-02   6.3661598e-01   9.9220364e-02   5.5750506e-01   7.4068073e-02   5.6112744e-01   3.6169457e-02   6.2017680e-01   3.1519768e-02   5.2056149e-01   1.8048986e-01   6.6017724e-01   1.0666825e-02
  -4.9594054e-01   2.4144921e-01   5.8926946e-01   1.9709470e-02   6.0909587e-01   7.0400610e-03   6.5387423e-01   8.3272167e-02   5.7265757e-01   1.0047795e-01   5.6917645e-01   4.1467089e-02   6.2580973e-01   2.6464881e-02   5.6841446e-01   2.2356576e-01   6.6264069e-01   1.6305101e-02
  -4.2299758e-01   2.2786747e-01   5.8969276e-01  -1.7288133e-02   6.0568946e-01  -4.0932880e-02   6.6570993e-01   4.1585610e-02   5.9004909e-01   1.0042246e-01   5.7624793e-01   2.6468252e-02   6.2891003e-01   4.5235519e-03   6.1955927e-01   2.0929483e-01   6.6470523e-01   6.0680254e-03
  -3.6555483e-01   1.4174135e-01   5.8163299e-01  -5.9849604e-02   5.9218283e-01  -8.9416087e-02   6.6831462e-01  -1.4739906e-02   6.0538945e-01   7.7211091e-02   5.7865920e-01  -4.3105403e-03   6.2680095e-01  -2.8615268e-02   6.6155912e-01   1.4673219e-01   6.6402027e-01  -1.5786217e-02
  -3.4157308e-01   1.4114748e-02   5.6487248e-01  -9.8215684e-02   5.6948057e-01  -1.2811876e-01   6.6037417e-01  -6.9571612e-02   6.1543366e-01   4.0193167e-02   5.7416777e-01  -4.0611003e-02   6.1828851e-01  -6.2403392e-02   6.8526758e-01   5.5810996e-02   6.5930464e-01  -4.0441822e-02
  -3.5705330e-01  -1.1302499e-01   5.4140335e-01  -1.2237356e-01   5.4065925e-01  -1.4744855e-01   6.4374373e-01  -1.0680038e-01   6.1890804e-01   1.5612063e-03   5.6296459e-01  -6.9998759e-02   6.0439719e-01  -8.5101373e-02   6.8707487e-01  -3.8725491e-02   6.5098285e-01  -5.7711321e-02
  -4.0582931e-01  -2.0059494e-01   5.1502676e-01  -1.2508958e-01   5.1040989e-01  -1.4140733e-01   6.2280546e-01  -1.1505013e-01   6.1651259e-01  -2.7435327e-02   5.4751087e-01  -8.1963113e-02   5.8806415e-01  -8.7707951e-02   6.6886289e-01  -1.1377251e-01   6.4099150e-01  -5.9510402e-02
  -4.7178226e-01  -2.2457762e-01   4.9057013e-01  -1.0421493e-01   4.8410612e-01  -1.0965631e-01   6.0332525e-01  -9.1261031e-02   6.1055756e-01  -3.9783146e-02   5.3189528e-01  -7.1360956e-02   5.7340409e-01  -6.7084525e-02   6.3716512e-01  -1.5353281e-01   6.3224932e-01  -4.2659495e-02
  -5.3470928e-01  -1.8168166e-01   4.7270489e-01  -6.3258427e-02   4.6656884e-01  -5.7730100e-02   5.9079030e-01  -4.1265483e-02   6.0405158e-01  -3.4179411e-02   5.2055055e-01  -3.9756332e-02   5.6447191e-01  -2.6852334e-02   6.0099635e-01  -1.5231371e-01   6.2771058e-01  -9.7772823e-03
  -5.7645663e-01  -8.8703692e-02   4.6484888e-01  -1.0559885e-02   4.6097966e-01   4.1638887e-03   5.8893128e-01   2.1923567e-02   5.9975562e-01  -1.4831326e-02   5.1698119e-01   5.1401234e-03   5.6410728e-01   2.3592860e-02   5.6949516e-01  -1.1482551e-01   6.2946698e-01   3.1466463e-02
  -5.8628779e-01   2.3921784e-02   4.6832054e-01   4.2765587e-02   4.6811424e-01   6.3522930e-02   5.9866683e-01   8.1754338e-02   5.9935383e-01   1.0255244e-02   5.2271103e-01   5.1741231e-02   5.7305546e-01   7.1696898e-02   5.4967511e-01  -5.4024524e-02   6.3804872e-01   7.0539915e-02
  -5.6342108e-01   1.2256027e-01   4.8206096e-01   8.5634361e-02   4.8619320e-01   1.0854033e-01   6.1789869e-01   1.2274740e-01   6.0304293e-01   3.2020486e-02   5.3685594e-01   8.7983974e-02   5.8972476e-01   1.0531498e-01   5.4498162e-01   1.3017061e-02   6.5221123e-01   9.7116168e-02
  -5.1642121e-01   1.8019130e-01   5.0292353e-01   1.0956065e-01   5.1130897e-01   1.3071712e-01   6.4209192e-01   1.3441722e-01   6.0958907e-01   4.2976055e-02   5.5636337e-01   1.0451633e-01   6.1057143e-01   1.1587445e-01   5.5487742e-01   6.9544465e-02   6.6921160e-01   1.0383272e-01
  -4.6006632e-01   1.8366048e-01   5.2642658e-01   1.1056883e-01   5.3830630e-01   1.2670280e-01   6.6544821e-01   1.1387367e-01   6.1677158e-01   3.9245015e-02   5.7679830e-01   9.7108063e-02   6.3097465e-01   1.0059173e-01   5.7537764e-01   1.0310181e-01   6.8547163e-01   8.8260564e-02
  -4.1062471e-01   1.3649548e-01   5.4780204e-01   8.9981903e-02   5.6192968e-01   9.8918128e-02   6.8239389e-01   6.6437705e-02   6.2209019e-01   2.1510947e-02   5.9348552e-01   6.7674360e-02   6.4639486e-01   6.3162598e-02   6.0037093e-01   1.0816464e-01   6.9747091e-01   5.3564476e-02
  -3.8094747e-01   5.6412921e-02   5.6309229e-01   5.3814564e-02   5.7797723e-01   5.4715520e-02   6.8900510e-01   3.9735302e-03   6.2353792e-01  -5.4287682e-03   6.0271541e-01   2.3553501e-02   6.5352017e-01   1.2624255e-02   6.2337798e-01   8.6768100e-02   7.0264113e-01   7.5780590e-03
  -3.7728783e-01  -3.1099928e-02   5.6992386e-01   1.1044500e-02   5.8408209e-01   4.4118585e-03   6.8386761e-01  -5.8388878e-02   6.2014421e-01  -3.4255069e-02   6.0257851e-01  -2.4622541e-02   6.5098990e-01  -3.9139636e-02   6.3910869e-01   4.7106544e-02   6.9993983e-01  -3.9320582e-02
  -3.9794181e-01  -1.0088675e-01   5.6793808e-01  -2.8710362e-02   5.8011614e-01  -4.1262337e-02   6.6837973e-01  -1.0625299e-01   6.1225580e-01  -5.7302507e-02   5.9339516e-01  -6.5783358e-02   6.3968721e-01  -8.0532964e-02   6.4466298e-01   8.7229382e-04   6.9009250e-01  -7.6912885e-02
  -4.3466622e-01  -1.3554197e-01   5.5864506e-01  -5.7536578e-02   5.6797939e-01  -7.3659816e-02   6.4622534e-01  -1.2956462e-01   6.0138483e-01  -6.8730399e-02   5.7747959e-01  -9.1259420e-02   6.2237177e-01  -1.0315629e-01   6.3991782e-01  -4.0145985e-02   6.7531949e-01  -9.7693345e-02
  -4.7568734e-01  -1.2939887e-01   5.4488702e-01  -7.0804338e-02   5.5098808e-01  -8.7855961e-02   6.2236999e-01  -1.2465321e-01   5.8977367e-01  -6.5884339e-02   5.5846586e-01  -9.6610536e-02   6.0291765e-01  -1.0351065e-01   6.2719771e-01  -6.6862958e-02   6.5874702e-01  -9.8406699e-02
  -5.0935223e-01  -8.9023980e-02   5.3007399e-01  -6.7870467e-02   5.3303372e-01  -8.3335882e-02   6.0183759e-01  -9.4646300e-02   5.7981282e-01  -4.9761696e-02   5.4039434e-01  -8.2327658e-02   5.8536121e-01  -8.3430781e-02   6.1044178e-01  -7.4759292e-02   6.4365965e-01  -8.0495481e-02
