   7.5048037e-02   4.1403140e-01   1.6061788e-01   5.0243517e-01   1.4186445e-01   4.2214393e-01   1.4349276e-01   5.0697471e-01   1.1310351e-01   5.6228582e-01   3.3160247e-03   6.1596656e-01   1.5601827e-01   4.1396029e-01   1.2588361e-02   5.8848248e-01   1.0416190e-02   3.4812796e-01
   8.6831713e-02  -3.2746863e-01   2.9129660e-01   8.5108480e-01   2.5331138e-01   8.0174537e-01   2.3312898e-01   7.8134344e-01   2.2734037e-01   8.5040813e-01   1.6385933e-01   8.9921050e-01   2.3910449e-01   7.2218369e-01   2.1004929e-01   9.1311805e-01   1.0407769e-01   7.0449067e-01
  -1.2081949e-01  -8.5235383e-01   4.6917101e-01   1.0000000e+00   4.1587689e-01   9.9372636e-01   3.5186455e-01   9.3640955e-01   3.7539221e-01   9.8987765e-01   3.6406410e-01   1.0000000e+00   3.5804468e-01   9.1402077e-01   4.6066553e-01   1.0000000e+00   2.4780310e-01   9.2114016e-01
  -4.4421320e-01  -1.0000000e+00   6.5654517e-01   9.5671736e-01   5.9574852e-01   1.0000000e+00   4.8515762e-01   9.9844382e-01   5.3498451e-01   1.0000000e+00   5.6833133e-01   9.4479929e-01   4.9677730e-01   9.9951113e-01   7.0407883e-01   8.6470827e-01   4.1709987e-01   1.0000000e+00
  -7.5069610e-01  -7.6423201e-01   8.2092109e-01   7.6536707e-01   7.6269683e-01   8.5600606e-01   6.2179783e-01   9.8748588e-01   6.8772313e-01   9.0819482e-01   7.4869332e-01   7.7750709e-01   6.4076552e-01   9.8828800e-01   8.9108737e-01   5.7395107e-01   5.8943261e-01   9.5997222e-01
  -9.3081189e-01  -2.7883576e-01   9.3963138e-01   4.8178427e-01   8.9419141e-01   6.0918805e-01   7.5225292e-01   9.0744317e-01   8.1949712e-01   7.3994662e-01   8.8654880e-01   5.4217449e-01   7.7640436e-01   8.8338749e-01   9.9255937e-01   2.1167966e-01   7.4625102e-01   8.2619525e-01
  -9.3185948e-01   2.6592505e-01   1.0000000e+00   1.5408036e-01   9.7583087e-01   3.0166951e-01   8.6654901e-01   7.4875605e-01   9.1987883e-01   5.1601903e-01   9.7161640e-01   2.7407949e-01   8.9017961e-01   6.8372702e-01   1.0000000e+00  -1.4777886e-01   8.7331857e-01   6.2203371e-01
  -7.6465352e-01   6.9552278e-01   9.9746622e-01  -1.7865613e-01   1.0000000e+00  -3.1284438e-02   9.5312232e-01   5.0159811e-01   9.8148575e-01   2.5495818e-01   1.0000000e+00   3.7145203e-04   9.6862686e-01   3.9374350e-01   9.2202661e-01  -4.4532908e-01   9.6017354e-01   3.6812076e-01
  -4.9097319e-01   8.8187665e-01   9.3469141e-01  -4.7746901e-01   9.6535481e-01  -3.5294812e-01   1.0000000e+00   1.7143853e-01   1.0000000e+00  -2.2681903e-02   9.7306141e-01  -2.5462353e-01   1.0000000e+00   3.3928981e-02   7.8086471e-01  -6.3322734e-01   1.0000000e+00   8.6350285e-02
  -2.0477842e-01   7.6737740e-01   8.2211288e-01  -6.9904370e-01   8.7770648e-01  -6.1932090e-01   9.9772196e-01  -2.0886357e-01   9.7480790e-01  -2.9017262e-01   8.9734910e-01  -4.6476006e-01   9.7712439e-01  -3.5164074e-01   6.0926668e-01  -6.7888087e-01   9.9027376e-01  -1.9519972e-01
  -3.8772566e-03   3.9189804e-01   6.7827078e-01  -8.0343462e-01   7.5106194e-01  -7.8442268e-01   9.4332370e-01  -5.7809628e-01   9.1014129e-01  -5.1348393e-01   7.8509221e-01  -6.0211247e-01   9.0081304e-01  -6.9717959e-01   4.4518285e-01  -5.7722622e-01   9.3402753e-01  -4.4115157e-01
   4.4201087e-02  -1.1389845e-01   5.2767185e-01  -7.6920102e-01   6.0666688e-01  -8.1523446e-01   8.4338501e-01  -8.6258137e-01   8.1586830e-01  -6.5756698e-01   6.5392639e-01  -6.4402313e-01   7.8204081e-01  -9.3140980e-01   3.2321265e-01  -3.5810744e-01   8.4071053e-01  -6.1502029e-01
  -7.5877593e-02  -5.7844354e-01   3.9630139e-01  -6.0315071e-01   4.6947775e-01  -7.0464681e-01   7.1401405e-01  -1.0000000e+00   7.0677920e-01  -6.9715716e-01   5.2484133e-01  -5.8221810e-01   6.4103129e-01  -1.0000000e+00   2.6653589e-01  -7.9350803e-02   7.2547939e-01  -6.8927574e-01
  -3.2351043e-01  -8.5106431e-01   3.0624511e-01  -3.3888961e-01   3.6311642e-01  -4.7462695e-01   5.7793141e-01  -9.5875349e-01   6.0026771e-01  -6.2604171e-01   4.1857124e-01  -4.2790789e-01   5.0349935e-01  -8.8335311e-01   2.8172261e-01   1.9076192e-01   6.0689330e-01  -6.5358665e-01
  -6.1817340e-01  -8.5199982e-01   2.7134170e-01  -2.8050190e-02   3.0502051e-01  -1.7099522e-01   4.5941556e-01  -7.4820139e-01   5.1287186e-01  -4.6113056e-01   3.5146440e-01  -2.1135881e-01   3.9490382e-01  -6.0465736e-01   3.5857412e-01   3.9311822e-01   5.0345593e-01  -5.1900611e-01
  -8.6813378e-01  -5.9462625e-01   2.9495113e-01   2.7199099e-01   3.0315517e-01   1.4765674e-01   3.7871263e-01  -4.1633087e-01   4.5678115e-01  -2.3903830e-01   3.3211058e-01   2.4437891e-02   3.3451483e-01  -2.2481669e-01   4.7456851e-01   4.9222173e-01   4.2995655e-01  -3.1625413e-01
  -1.0000000e+00  -1.7296930e-01   3.7006342e-01   5.1000910e-01   3.5497217e-01   4.2325452e-01   3.4770379e-01  -3.5880594e-02   4.3748752e-01  -6.2195880e-03   3.5979100e-01   2.3417605e-01   3.3118137e-01   1.7400958e-01   6.0157299e-01   4.7980934e-01   3.9469980e-01  -8.8172440e-02
  -9.8127535e-01   2.7768775e-01   4.8121372e-01   6.4935140e-01   4.4842462e-01   6.0965882e-01   3.6754338e-01   3.1482652e-01   4.5301961e-01   1.9295523e-01   4.2497598e-01   3.8070359e-01   3.8151297e-01   5.0967577e-01   7.1238537e-01   3.6938063e-01   3.9812393e-01   1.2092684e-01
  -8.2453789e-01   6.2660218e-01   6.0769253e-01   6.7077834e-01   5.6484665e-01   6.7836481e-01   4.2940274e-01   5.6841141e-01   4.9520953e-01   3.2487399e-01   5.1190565e-01   4.4107208e-01   4.7153197e-01   7.1728115e-01   7.8501636e-01   1.8765869e-01   4.3358816e-01   2.7428136e-01
  -5.8135031e-01   7.8030290e-01   7.2697571e-01   5.7504460e-01   6.8233086e-01   6.2245494e-01   5.1664139e-01   6.8113313e-01   5.5173723e-01   3.7218799e-01   6.0178849e-01   4.0985558e-01   5.7985649e-01   7.6156404e-01   8.0574388e-01  -2.8181430e-02   4.8915543e-01   3.4939812e-01
  -3.2498162e-01   7.0536582e-01   8.1872860e-01   3.8467892e-01   7.7985948e-01   4.5895942e-01   6.0886172e-01   6.4284378e-01   6.0906937e-01   3.3720232e-01   6.7668585e-01   3.0069591e-01   6.8269468e-01   6.4483718e-01   7.7151617e-01  -2.3262810e-01   5.5056910e-01   3.4253070e-01
  -1.2812519e-01   4.3693095e-01   8.6884558e-01   1.4164309e-01   8.4154190e-01   2.2700521e-01   6.8687996e-01   4.8019852e-01   6.5566040e-01   2.4161632e-01   7.2341217e-01   1.4449386e-01   7.5943610e-01   4.0726081e-01   6.9134453e-01  -3.7906130e-01   6.0468253e-01   2.6934803e-01
  -4.2309271e-02   6.6395380e-02   8.7216306e-01  -1.0190399e-01   8.5966544e-01  -2.1015293e-02   7.3710779e-01   2.4847201e-01   6.8447599e-01   1.2040308e-01   7.3627179e-01  -1.7894535e-02   7.9719012e-01   1.1595271e-01   5.8502626e-01  -4.3231425e-01   6.4233131e-01   1.5985419e-01
  -8.1952410e-02  -2.8994526e-01   8.3338165e-01  -2.9782862e-01   8.3614954e-01  -2.3378417e-01   7.5470103e-01   1.3396597e-02   6.9450083e-01   1.0428443e-02   7.1823474e-01  -1.4767309e-01   7.9371150e-01  -1.5528622e-01   4.7846375e-01  -3.8149129e-01   6.6027038e-01   4.8384018e-02
  -2.2429981e-01  -5.2944370e-01   7.6483779e-01  -4.1361852e-01   7.8085469e-01  -3.7368149e-01   7.4322324e-01  -1.6869250e-01   6.8987631e-01  -6.0624246e-02   6.7904858e-01  -2.1867078e-01   7.5642041e-01  -3.4653645e-01   3.9679545e-01  -2.4309687e-01   6.6074937e-01  -3.6730811e-02
  -4.1859210e-01  -5.9336084e-01   6.8301585e-01  -4.3870444e-01   7.0852939e-01  -4.2451125e-01   7.1247316e-01  -2.6527777e-01   6.7792264e-01  -8.1488094e-02   6.3203195e-01  -2.2352211e-01   6.9948182e-01  -4.2611153e-01   3.5792909e-01  -5.5586589e-02   6.4990704e-01  -8.0286223e-02
  -6.0395447e-01  -4.8156303e-01   6.0430301e-01  -3.8419366e-01   6.3477784e-01  -3.9256391e-01   6.7470883e-01  -2.7318466e-01   6.6632793e-01  -5.8572496e-02   5.9003969e-01  -1.7360748e-01   6.3925434e-01  -3.9527229e-01   3.6833289e-01   1.3272019e-01   6.3519954e-01  -8.2367154e-02
  -7.2889886e-01  -2.4640176e-01   5.4137234e-01  -2.7659236e-01   5.7242063e-01  -3.0117653e-01   6.4080026e-01  -2.1393736e-01   6.6062154e-01  -1.1184172e-02   5.6206234e-01  -9.3124446e-02   5.8979846e-01  -2.8258661e-01   4.2228362e-01   2.7746824e-01   6.2290745e-01  -5.5288677e-02
  -7.6528015e-01   2.9790235e-02   5.0120248e-01  -1.4835600e-01   5.2930674e-01  -1.8151505e-01   6.1763780e-01  -1.2230475e-01   6.6279128e-01   3.6636989e-02   5.5152444e-01  -1.0174638e-02   5.5985281e-01  -1.3153639e-01   5.0439559e-01   3.4877221e-01   6.1655845e-01  -1.7336765e-02
  -7.1383485e-01   2.6213821e-01   4.8480431e-01  -2.8982116e-02   5.0773558e-01  -6.3474640e-02   6.0717115e-01  -3.3855889e-02   6.7116617e-01   6.4036755e-02   5.5634258e-01   5.1496900e-02   5.5165520e-01   1.2971533e-02   5.9404641e-01   3.3620647e-01   6.1645460e-01   1.3729091e-02
  -6.0085799e-01   3.8769795e-01   4.8840740e-01   6.1226321e-02   5.0531131e-01   3.1035746e-02   6.0700800e-01   2.5090698e-02   6.8140775e-01   5.9120412e-02   5.7046620e-01   7.8210880e-02   5.6157142e-01   1.1599372e-01   6.7047350e-01   2.4866299e-01   6.2022565e-01   2.5788139e-02
  -4.6774953e-01   3.8105506e-01   5.0552096e-01   1.1380452e-01   5.1672627e-01   9.1347867e-02   6.1214980e-01   4.3181387e-02   6.8820516e-01   2.1636953e-02   5.8628538e-01   6.8638072e-02   5.8213056e-01   1.5973511e-01   7.1729901e-01   1.1054684e-01   6.2410646e-01   1.5132564e-02
  -3.5735176e-01   2.5866404e-01   5.2916075e-01   1.3165845e-01   5.3580751e-01   1.1815852e-01   6.1716115e-01   2.5139192e-02   6.8712823e-01  -3.7425514e-02   5.9714486e-01   3.2869256e-02   6.0471222e-01   1.4591549e-01   7.2578788e-01  -4.4089465e-02   6.2446056e-01  -1.3235388e-02
  -3.0096380e-01   7.0647226e-02   5.5372316e-01   1.2590911e-01   5.5732474e-01   1.2081804e-01   6.1815885e-01  -1.1897290e-02   6.7615655e-01  -9.9449856e-02   5.9933391e-01  -1.1600382e-02   6.2218367e-01   9.2730515e-02   6.9637276e-01  -1.7904633e-01   6.1912599e-01  -4.7890242e-02
  -3.0975210e-01  -1.1720646e-01   5.7610680e-01   1.1100034e-01   5.7814693e-01   1.1265058e-01   6.1405743e-01  -4.5651780e-02   6.5645219e-01  -1.4418542e-01   5.9303557e-01  -4.5952286e-02   6.3078265e-01   2.7305114e-02   6.3819796e-01  -2.6416155e-01   6.0819787e-01  -7.5207041e-02
  -3.7317312e-01  -2.4574384e-01   5.9582798e-01   9.9309790e-02   5.9746987e-01   1.0553920e-01   6.0667809e-01  -5.7445015e-02   6.3207709e-01  -1.5647781e-01   5.8191533e-01  -5.6485027e-02   6.3070782e-01  -2.4232078e-02   5.6656531e-01  -2.8249599e-01   5.9398088e-01  -8.4295062e-02
  -4.6454375e-01  -2.8011337e-01   6.1420687e-01   9.7184354e-02   6.1614505e-01   1.0580223e-01   5.9974583e-01  -3.8784148e-02   6.0875544e-01  -1.3101075e-01   5.7155095e-01  -3.8854233e-02   6.2531069e-01  -4.5044692e-02   4.9898634e-01  -2.3403801e-01   5.8015421e-01  -7.0628651e-02
  -5.5092559e-01  -2.1855098e-01   6.3303433e-01   1.0321500e-01   6.3549108e-01   1.1229243e-01   5.9726828e-01   5.9194546e-03   5.9214667e-01  -7.3839618e-02   5.6732669e-01   8.7620338e-04   6.1939729e-01  -3.2073629e-02   4.5081230e-01  -1.3508129e-01   5.7050994e-01  -3.7437647e-02
  -6.0412138e-01  -8.9505293e-02   6.5317699e-01   1.0947535e-01   6.5601723e-01   1.1749953e-01   6.0186486e-01   6.1556022e-02   5.8617186e-01  -1.1843158e-04   5.7248124e-01   4.8805585e-02   6.1723669e-01   4.7380261e-03   4.3163233e-01  -1.3076182e-02   5.6768219e-01   5.6720115e-03
  -6.0887431e-01   6.0197980e-02   6.7367842e-01   1.0508017e-01   6.7659517e-01   1.1102175e-01   6.1369441e-01   1.0807322e-01   5.9195401e-01   7.0732136e-02   5.8698981e-01   8.8066377e-02   6.2103949e-01   4.7365651e-02   4.4341075e-01   1.0101500e-01   5.7232591e-01   4.6050111e-02
  -5.6676636e-01   1.8156086e-01   6.9159027e-01   8.0967336e-02   6.9430636e-01   8.4281204e-02   6.3021070e-01   1.2773926e-01   6.0754307e-01   1.2085091e-01   6.0746508e-01   1.0445279e-01   6.3021808e-01   7.6737009e-02   4.8052705e-01   1.8086087e-01   5.8289972e-01   7.2145663e-02
  -4.9394597e-01   2.3824544e-01   7.0277982e-01   3.3941906e-02   7.0519920e-01   3.4535455e-02   6.4698179e-01   1.1114695e-01   6.2862961e-01   1.3874593e-01   6.2826833e-01   9.0765324e-02   6.4180098e-01   7.9291141e-02   5.3190701e-01   2.1064135e-01   5.9622360e-01   7.6953999e-02
  -4.1521375e-01   2.1638083e-01   7.0324832e-01  -3.1237503e-02   7.0552510e-01  -3.3047297e-02   6.5906098e-01   6.0454164e-02   6.4978721e-01   1.2213510e-01   6.4320518e-01   4.9016436e-02   6.5153594e-01   5.1274450e-02   5.8411750e-01   1.8801514e-01   6.0844783e-01   5.9980745e-02
  -3.5585867e-01   1.2711106e-01   6.9059590e-01  -1.0258258e-01   6.9311204e-01  -1.0610511e-01   6.6256476e-01  -1.1135746e-02   6.6597285e-01   7.8092548e-02   6.4740953e-01  -1.0161213e-02   6.5540142e-01  -3.1843753e-04   6.2478782e-01   1.2345964e-01   6.1620390e-01   2.7185038e-02
  -3.3371673e-01   1.8099776e-03   6.6514779e-01  -1.6407928e-01   6.6841903e-01  -1.6830572e-01   6.5597941e-01  -8.3341653e-02   6.7388044e-01   2.0644812e-02   6.3888902e-01  -7.0618085e-02   6.5104007e-01  -6.0156828e-02   6.4554808e-01   3.6602619e-02   6.1760690e-01  -1.0955256e-02
  -3.5416890e-01  -1.1933517e-01   6.3025611e-01  -2.0047255e-01   6.3480449e-01  -2.0420622e-01   6.4068652e-01  -1.3529783e-01   6.7269642e-01  -3.3738929e-02   6.1915577e-01  -1.1564099e-01   6.3859400e-01  -1.0988440e-01   6.4362790e-01  -4.9628989e-02   6.1275102e-01  -4.2850074e-02
  -4.0947326e-01  -1.9994143e-01   5.9172113e-01  -2.0156351e-01   5.9794925e-01  -2.0364388e-01   6.2058803e-01  -1.5172009e-01   6.6408810e-01  -7.0806727e-02   5.9281519e-01  -1.3268279e-01   6.2069691e-01  -1.3382720e-01   6.2190439e-01  -1.1475495e-01   6.0358453e-01  -5.9186129e-02
  -4.8177914e-01  -2.1841203e-01   5.5655215e-01  -1.6521997e-01   5.6464260e-01  -1.6480508e-01   6.0103392e-01  -1.2750440e-01   6.5155978e-01  -8.2390918e-02   5.6633638e-01  -1.1695249e-01   6.0175848e-01  -1.2384332e-01   5.8769666e-01  -1.4553205e-01   5.9328738e-01  -5.5619919e-02
  -5.4935629e-01  -1.7327234e-01   5.3131849e-01  -9.8002256e-02   5.4117897e-01  -9.4813776e-02   5.8727150e-01  -6.8974433e-02   6.3929053e-01  -6.8114309e-02   5.4624616e-01  -7.2498204e-02   5.8665341e-01  -8.1556888e-02   5.5048840e-01  -1.3835696e-01   5.8526837e-01  -3.3779400e-02
  -5.9323327e-01  -8.1752173e-02   5.2065649e-01  -1.3474608e-02   5.3191831e-01  -7.9133739e-03   5.8301493e-01   8.2759592e-03   6.3093594e-01  -3.4699912e-02   5.3742991e-01  -1.0729957e-02   5.7935904e-01  -1.7516443e-02   5.1945544e-01  -9.9029328e-02   5.8218398e-01  -4.4876321e-04
  -6.0249730e-01   2.6629984e-02   5.2623288e-01   7.1019750e-02   5.3830282e-01   7.7931271e-02   5.8945954e-01   8.3811541e-02   6.2867830e-01   6.4378382e-03   5.4191422e-01   5.2793103e-02   5.8188012e-01   5.1920312e-02   5.0132589e-01  -4.0461119e-02   5.8520929e-01   3.4522522e-02
  -5.7698158e-01   1.2003045e-01   5.4639387e-01   1.3859502e-01   5.5855240e-01   1.4544253e-01   6.0498395e-01   1.3820587e-01   6.3272956e-01   4.2810379e-02   5.5841038e-01   1.0269435e-01   5.9371048e-01   1.0936317e-01   4.9896857e-01   2.1277558e-02   5.9373265e-01   6.1177045e-02
  -5.2620597e-01   1.7337679e-01   5.7666309e-01   1.7650044e-01   5.8818528e-01   1.8180472e-01   6.2568943e-01   1.5794759e-01   6.4147942e-01   6.4198199e-02   5.8281553e-01   1.2751398e-01   6.1206871e-01   1.4087679e-01   5.1120927e-01   7.1034787e-02   6.0560933e-01   7.2065521e-02
  -4.6606211e-01   1.7509227e-01   6.1076352e-01   1.7889517e-01   6.2104196e-01   1.8146115e-01   6.4642765e-01   1.3887014e-01   6.5204342e-01   6.5258539e-02   6.0928743e-01   1.2244023e-01   6.3262607e-01   1.3951198e-01   5.3347355e-01   9.8149181e-02   6.1775391e-01   6.4185257e-02
  -4.1367072e-01   1.2931228e-01   6.4206489e-01   1.4784688e-01   6.5070699e-01   1.4704056e-01   6.6218231e-01   8.6903239e-02   6.6116251e-01   4.6626617e-02   6.3177067e-01   9.0169046e-02   6.5066407e-01   1.0680858e-01   5.5927978e-01   9.8596675e-02   6.2700385e-01   3.9612529e-02
  -3.8240304e-01   5.3248860e-02   6.6501910e-01   9.2367242e-02   6.7189928e-01   8.8251401e-02   6.6934237e-01   1.6034506e-02   6.6612683e-01   1.4283055e-02   6.4547289e-01   3.9761749e-02   6.6226235e-01   5.1914499e-02   5.8202512e-01   7.5256470e-02   6.3095650e-01   4.7078308e-03
  -3.7849425e-01  -2.8856419e-02   6.7623258e-01   2.5917503e-02   6.8149215e-01   1.9220786e-02   6.6653106e-01  -5.5684981e-02   6.6546713e-01  -2.2433259e-02   6.4791246e-01  -1.5981771e-02   6.6519335e-01  -1.1177494e-02   5.9657191e-01   3.6482655e-02   6.2855427e-01  -3.1736571e-02
  -3.9988190e-01  -9.3645538e-02   6.7501641e-01  -3.7106258e-02   6.7901203e-01  -4.5179916e-02   6.5484522e-01  -1.1121266e-01   6.5928872e-01  -5.3691470e-02   6.3936710e-01  -6.4068197e-02   6.5936736e-01  -6.7632973e-02   6.0037128e-01  -6.6280481e-03   6.2031380e-01  -6.0991546e-02
  -4.3779481e-01  -1.2521125e-01   6.6320839e-01  -8.4668633e-02   6.6642686e-01  -9.2721705e-02   6.3738263e-01  -1.3873280e-01   6.4910946e-01  -7.1806507e-02   6.2253761e-01  -9.4467746e-02   6.4664714e-01  -1.0550461e-01   5.9372960e-01  -4.3278214e-02   6.0809487e-01  -7.6587618e-02
  -4.7990477e-01  -1.1881013e-01   6.4450293e-01  -1.0946255e-01   6.4746270e-01  -1.1620104e-01   6.1835325e-01  -1.3414244e-01   6.3737586e-01  -7.3014179e-02   6.0171301e-01  -1.0220342e-01   6.3024590e-01  -1.1830584e-01   5.7940539e-01  -6.5510363e-02   5.9458172e-01  -7.5726983e-02
  -5.1425033e-01  -8.1081906e-02   6.2343516e-01  -1.0996064e-01   6.2659666e-01  -1.1443585e-01   6.0196779e-01  -1.0139378e-01   6.2677339e-01  -5.8077565e-02   5.8162030e-01  -8.8029478e-02   6.1384889e-01  -1.0599419e-01   5.6165777e-01  -6.9807061e-02   5.8259035e-01  -5.9672045e-02
