   1.7913646e-01   5.6505272e-01   1.2837594e-01   3.9925478e-02   1.3632995e-01   7.5176016e-01   1.4603097e-01   8.8672115e-01   8.7312183e-02   3.0322379e-01   1.1933922e-01   2.1049281e-01   1.2148930e-01   3.4946147e-02   5.2008923e-02   3.9677473e-02   1.0174174e-02   5.0157400e-01
   2.5329922e-01  -1.7283616e-01   1.7816575e-01   5.1062275e-01   3.1084046e-01   9.6705608e-01   3.2274285e-01   1.0000000e+00   1.6092568e-01   6.4623136e-01   1.7999410e-01   5.8692245e-01   1.5910082e-01   4.3045322e-01   1.1843389e-01   5.4727406e-01   1.2460390e-01   8.0542026e-01
   6.6634685e-02  -7.5506148e-01   2.9905483e-01   8.4275378e-01   5.0993004e-01   1.0000000e+00   5.0289752e-01   9.3682756e-01   2.7783378e-01   8.7301414e-01   2.8680893e-01   8.3533838e-01   2.5140124e-01   7.3004278e-01   2.7872505e-01   8.8500492e-01   2.7899162e-01   9.6701226e-01
  -2.8281077e-01  -1.0000000e+00   4.6302274e-01   1.0000000e+00   6.9940550e-01   8.7781572e-01   6.6129810e-01   7.7689883e-01   4.2061068e-01   9.8801763e-01   4.2165062e-01   9.6815911e-01   3.8229681e-01   9.2164460e-01   4.8888114e-01   1.0000000e+00   4.4978794e-01   1.0000000e+00
  -6.5136870e-01  -8.6024005e-01   6.3918198e-01   9.8534344e-01   8.5318474e-01   6.5125001e-01   7.8713016e-01   5.9248306e-01   5.7293019e-01   1.0000000e+00   5.6853910e-01   1.0000000e+00   5.3439577e-01   1.0000000e+00   7.0010844e-01   9.0105206e-01   6.1707371e-01   9.3097063e-01
  -9.0691212e-01  -4.3723877e-01   7.9980661e-01   8.2853442e-01   9.5569068e-01   3.7106021e-01   8.8030357e-01   4.2567190e-01   7.1973380e-01   9.1661959e-01   7.1316943e-01   9.3820188e-01   6.8972446e-01   9.6265192e-01   8.7117481e-01   6.4383345e-01   7.6567926e-01   7.8667580e-01
  -9.7382315e-01   9.1781939e-02   9.2313127e-01   5.6493428e-01   1.0000000e+00   7.2270696e-02   9.4519701e-01   2.8393239e-01   8.4709280e-01   7.4566393e-01   8.4176995e-01   7.8345921e-01   8.3014537e-01   8.1037441e-01   9.7515545e-01   2.9859220e-01   8.8441667e-01   5.8613704e-01
  -8.4505877e-01   5.5445066e-01   9.9326046e-01   2.2617881e-01   9.8476298e-01  -2.2287555e-01   9.8527446e-01   1.5114768e-01   9.4251484e-01   4.9856616e-01   9.4062115e-01   5.3670672e-01   9.3813398e-01   5.5084421e-01   1.0000000e+00  -6.9921830e-02   9.6473947e-01   3.4142759e-01
  -5.7343220e-01   8.1862644e-01   1.0000000e+00  -1.5219559e-01   9.1281105e-01  -4.9187416e-01   1.0000000e+00   5.3686911e-03   9.9570984e-01   1.9386805e-01   9.9669462e-01   2.0896316e-01   9.9829257e-01   2.0502891e-01   9.4717710e-01  -4.0262860e-01   1.0000000e+00   6.4571925e-02
  -2.5207611e-01   8.0626921e-01   9.4056643e-01  -5.1963009e-01   7.9238016e-01  -7.0272172e-01   9.8577525e-01  -1.6370424e-01   1.0000000e+00  -1.3889781e-01   1.0000000e+00  -1.6871194e-01   1.0000000e+00  -1.8618708e-01   8.3083246e-01  -6.4188552e-01   9.8623068e-01  -2.2439198e-01
   1.0509049e-02   5.2192573e-01   8.2249917e-01  -8.1026571e-01   6.3892727e-01  -8.1661454e-01   9.3918705e-01  -3.4205994e-01   9.5431461e-01  -4.5500836e-01   9.4709478e-01  -5.3840979e-01   9.4089971e-01  -5.5829500e-01   6.7700074e-01  -7.3941657e-01   9.2404713e-01  -4.9165229e-01
   1.2623335e-01   6.4158163e-02   6.6500581e-01  -9.6106089e-01   4.7511566e-01  -8.0320541e-01   8.6163026e-01  -4.9349280e-01   8.6533213e-01  -6.9942322e-01   8.4467962e-01  -8.2470069e-01   8.3000834e-01  -8.3451054e-01   5.1954328e-01  -6.7487486e-01   8.2087452e-01  -6.9373141e-01
   5.7709937e-02  -4.0976252e-01   4.9628175e-01  -9.3557566e-01   3.2743373e-01  -6.5630871e-01   7.6197314e-01  -5.7598508e-01   7.4790744e-01  -8.2242438e-01   7.1041517e-01  -9.5920867e-01   6.8774561e-01  -9.5014653e-01   3.9248919e-01  -4.6773860e-01   6.9148954e-01  -7.9102781e-01
  -1.7027648e-01  -7.4346184e-01   3.4754274e-01  -7.3669375e-01   2.2069263e-01  -3.9880120e-01   6.5593305e-01  -5.5975739e-01   6.2292938e-01  -7.9690379e-01   5.7000633e-01  -9.0514326e-01   5.4218700e-01  -8.7528703e-01   3.2155390e-01  -1.7257788e-01   5.5611020e-01  -7.6189774e-01
  -4.8177916e-01  -8.3423775e-01   2.4604680e-01  -4.0565884e-01   1.7260460e-01  -7.7536490e-02   5.6255228e-01  -4.3992652e-01   5.1294131e-01  -6.2926649e-01   4.5131234e-01  -6.7148976e-01   4.2253991e-01  -6.2621708e-01   3.1815887e-01   1.3775123e-01   4.3646605e-01  -6.1126883e-01
  -7.7731904e-01  -6.6465495e-01   2.0920212e-01  -1.0862534e-02   1.9003497e-01   2.4802429e-01   4.9908571e-01  -2.4033799e-01   4.3685111e-01  -3.5966815e-01   3.7737304e-01  -3.1253638e-01   3.5190686e-01  -2.6236866e-01   3.7771387e-01   3.9316621e-01   3.5102884e-01  -3.7117757e-01
  -9.6736740e-01  -3.0205145e-01   2.4140628e-01   3.7007735e-01   2.6795733e-01   5.2005532e-01   4.7630494e-01  -6.0096651e-03   4.0562706e-01  -5.0294573e-02   3.6082315e-01   8.8398581e-02   3.4183238e-01   1.3121285e-01   4.8229545e-01   5.4354605e-01   3.1103299e-01  -9.2185790e-02
  -1.0000000e+00   1.3229600e-01   3.3392432e-01   6.6775711e-01   3.9094155e-01   6.9383200e-01   4.9581685e-01   2.1109814e-01   4.2020221e-01   2.3238976e-01   4.0124171e-01   4.4280466e-01   3.9003889e-01   4.6771239e-01   6.0591919e-01   5.6598347e-01   3.1836905e-01   1.7026689e-01
  -8.7324296e-01   5.0843502e-01   4.6747208e-01   8.3233423e-01   5.3646055e-01   7.4323728e-01   5.5007835e-01   3.6560082e-01   4.7211120e-01   4.3346482e-01   4.8604476e-01   6.7799064e-01   4.8187385e-01   6.7885937e-01   7.2052778e-01   4.6322591e-01   3.6590642e-01   3.6866073e-01
  -6.3051157e-01   7.2224269e-01   6.1614929e-01   8.3874802e-01   6.7874021e-01   6.6217430e-01   6.2450920e-01   4.2696490e-01   5.4604600e-01   5.1855205e-01   5.9387868e-01   7.4923547e-01   5.9423170e-01   7.2604269e-01   8.0105033e-01   2.6014010e-01   4.3964173e-01   4.7129006e-01
  -3.4641269e-01   7.2078892e-01   7.5222616e-01   6.9229884e-01   7.9301089e-01   4.6741423e-01   7.0080939e-01   3.8693650e-01   6.2343660e-01   4.8047589e-01   6.9940918e-01   6.4953867e-01   7.0079014e-01   6.0843825e-01   8.3022649e-01   2.7894509e-03   5.2190144e-01   4.6840806e-01
  -1.0306482e-01   5.1625406e-01   8.5182152e-01   4.2986139e-01   8.6028020e-01   1.9860978e-01   7.6166374e-01   2.6347194e-01   6.8696064e-01   3.4138848e-01   7.7946605e-01   4.1315779e-01   7.7834986e-01   3.6448999e-01   8.0277345e-01  -2.4779004e-01   5.9551175e-01   3.7451336e-01
   3.3039007e-02   1.8024904e-01   8.9953141e-01   1.1218049e-01   8.7101889e-01  -8.8541513e-02   7.9498562e-01   9.6216177e-02   7.2438711e-01   1.4706416e-01   8.1831508e-01   1.0750577e-01   8.1200522e-01   6.2637708e-02   7.2697914e-01  -4.2954261e-01   6.4744958e-01   2.2410711e-01
   3.2103028e-02  -1.7971025e-01   8.9185436e-01  -1.9222521e-01   8.2757915e-01  -3.3600194e-01   7.9733007e-01  -6.5912518e-02   7.3166830e-01  -4.6587673e-02   8.1185153e-01  -1.8628155e-01   7.9905042e-01  -2.1819070e-01   6.2325386e-01  -4.9878302e-01   6.7185026e-01   6.1271817e-02
  -9.4335752e-02  -4.5765230e-01   8.3644476e-01  -4.2479089e-01   7.4270343e-01  -4.9796981e-01   7.7369731e-01  -1.8049821e-01   7.1278661e-01  -1.9031932e-01   7.6727445e-01  -3.9742189e-01   7.4823398e-01  -4.1136450e-01   5.1817542e-01  -4.4258050e-01   6.7015341e-01  -7.3559230e-02
  -2.9923690e-01  -5.8032513e-01   7.4942998e-01  -5.4964256e-01   6.3622299e-01  -5.5097952e-01   7.3541196e-01  -2.2326289e-01   6.7789745e-01  -2.5446056e-01   7.0038381e-01  -4.8381739e-01   6.7669983e-01  -4.7942780e-01   4.3751574e-01  -2.8143037e-01   6.4971769e-01  -1.5381846e-01
  -5.1739537e-01  -5.2778231e-01   6.5068353e-01  -5.5977045e-01   5.2998957e-01  -4.9783174e-01   6.9604569e-01  -1.9401511e-01   6.3968687e-01  -2.3537333e-01   6.3040413e-01  -4.4129779e-01   6.0454239e-01  -4.2197143e-01   3.9944993e-01  -6.1646797e-02   6.2081759e-01  -1.7228959e-01
  -6.8634489e-01  -3.3371182e-01   5.5898907e-01  -4.7418415e-01   4.4300842e-01  -3.6376945e-01   6.6719895e-01  -1.1387265e-01   6.0958546e-01  -1.5270800e-01   5.7460355e-01  -2.9975334e-01   5.4931342e-01  -2.7112551e-01   4.1061500e-01   1.5909152e-01   5.9340009e-01  -1.3968268e-01
  -7.6463348e-01  -6.9851188e-02   4.8813805e-01  -3.2860085e-01   3.8769388e-01  -1.8746493e-01   6.5526161e-01  -1.6174037e-02   5.9478159e-01  -4.0495018e-02   5.4402274e-01  -1.1030392e-01   5.2174226e-01  -7.8706657e-02   4.6517239e-01   3.2774831e-01   5.7443127e-01  -7.8449892e-02
  -7.4162655e-01   1.8112352e-01   4.4509587e-01  -1.6269604e-01   3.6832964e-01  -9.5267894e-03   6.6029141e-01   6.5932246e-02   5.9693649e-01   6.5005218e-02   5.4160400e-01   7.2356074e-02   5.2397927e-01   1.0108273e-01   5.4744766e-01   4.0867652e-01   5.6661148e-01  -1.3884328e-02
  -6.3629420e-01   3.4909501e-01   4.3032303e-01  -1.0718461e-02   3.8171229e-01   1.3601722e-01   6.7705546e-01   1.0853909e-01   6.1269589e-01   1.3453517e-01   5.6287346e-01   2.0345199e-01   5.5046761e-01   2.2482536e-01   6.3641391e-01   3.8887028e-01   5.6861468e-01   3.2816113e-02
  -4.8930902e-01   3.9492571e-01   4.3918752e-01   1.0469603e-01   4.1899185e-01   2.2781556e-01   6.9722028e-01   1.0294690e-01   6.3519728e-01   1.5255106e-01   5.9804174e-01   2.5796901e-01   5.9028747e-01   2.6940399e-01   7.1082638e-01   2.7920432e-01   5.7616799e-01   4.9630040e-02
  -3.4878796e-01   3.1882545e-01   4.6430565e-01   1.7457177e-01   4.6857582e-01   2.5964028e-01   7.1239546e-01   5.6811935e-02   6.5646781e-01   1.1984200e-01   6.3538210e-01   2.3456567e-01   6.3077691e-01   2.3545285e-01   7.5410826e-01   1.1043658e-01   5.8390313e-01   3.5741553e-02
  -2.5549102e-01   1.5736734e-01   4.9785937e-01   2.0247036e-01   5.1909802e-01   2.3953132e-01   7.1687621e-01  -9.2698203e-03   6.6982819e-01   5.1990740e-02   6.6463687e-01   1.5352202e-01   6.6111593e-01   1.4488150e-01   7.5792460e-01  -7.4327137e-02   5.8722622e-01   5.2643266e-04
  -2.3133494e-01  -3.0641818e-02   5.3346772e-01   2.0050121e-01   5.6187687e-01   1.8554003e-01   7.0936816e-01  -6.9271941e-02   6.7173545e-01  -2.6437534e-02   6.7966649e-01   4.8609515e-02   6.7505750e-01   3.2546027e-02   7.2375001e-01  -2.3016420e-01   5.8375358e-01  -4.0463040e-02
  -2.7456392e-01  -1.8433581e-01   5.6722073e-01   1.8375951e-01   5.9231264e-01   1.1935484e-01   6.9317081e-01  -1.0078525e-01   6.6254833e-01  -9.0158544e-02   6.7962734e-01  -4.4513736e-02   6.7209063e-01  -6.5297457e-02   6.6206524e-01  -3.2142058e-01   5.7390813e-01  -7.1157638e-02
  -3.6279640e-01  -2.5999674e-01   5.9770281e-01   1.6476264e-01   6.0994327e-01   5.9730144e-02   6.7477744e-01  -9.2449407e-02   6.4601117e-01  -1.2107357e-01   6.6839162e-01  -9.9476175e-02   6.5676402e-01  -1.2197818e-01   5.8930598e-01  -3.3033623e-01   5.6052637e-01  -8.0352279e-02
  -4.6221329e-01  -2.4285684e-01   6.2515855e-01   1.4951740e-01   6.1733601e-01   1.7749849e-02   6.6146339e-01  -4.7249933e-02   6.2773918e-01  -1.1310366e-01   6.5258164e-01  -1.0615619e-01   6.3657108e-01  -1.2723673e-01   5.2345289e-01  -2.6065994e-01   5.4769764e-01  -6.4976015e-02
  -5.3933873e-01  -1.4860690e-01   6.5019475e-01   1.3628098e-01   6.1832894e-01  -4.8499096e-03   6.5871240e-01   1.9089083e-02   6.1328733e-01  -7.2752684e-02   6.3900533e-01  -7.1689419e-02   6.1921042e-01  -8.8250986e-02   4.7945375e-01  -1.3535592e-01   5.3928960e-01  -3.0410094e-02
  -5.7127669e-01  -1.4967468e-02   6.7256587e-01   1.1753096e-01   6.1630458e-01  -1.3937645e-02   6.6838300e-01   8.3872783e-02   6.0647859e-01  -1.5615334e-02   6.3241715e-01  -1.5712846e-02   6.1017673e-01  -2.5031022e-02   4.6580548e-01   1.0769256e-02   5.3769185e-01   1.2040589e-02
  -5.5169576e-01   1.1208557e-01   6.9050270e-01   8.4255499e-02   6.1303401e-01  -1.9016181e-02   6.8808814e-01   1.2497202e-01   6.0842392e-01   3.9274586e-02   6.3421178e-01   3.7510738e-02   6.1131384e-01   3.7311016e-02   4.8297307e-01   1.4079187e-01   5.4312440e-01   4.9210882e-02
  -4.9115708e-01   1.9304228e-01   7.0089866e-01   3.1047709e-02   6.0841350e-01  -2.8571995e-02   7.1197514e-01   1.2787794e-01   6.1746147e-01   7.5492432e-02   6.4236660e-01   6.7505937e-02   6.2067466e-01   7.6952758e-02   5.2398787e-01   2.2510729e-01   5.5369104e-01   7.0369542e-02
  -4.1227743e-01   2.0580713e-01   7.0030338e-01  -4.0256231e-02   6.0105645e-01  -4.6635513e-02   7.3258404e-01   9.0001653e-02   6.2993787e-01   8.3750282e-02   6.5251388e-01   6.3717086e-02   6.3358883e-01   8.1647526e-02   5.7684524e-01   2.4791992e-01   5.6609698e-01   7.0306231e-02
  -3.4181890e-01   1.5110380e-01   6.8631974e-01  -1.1963356e-01   5.8935687e-01  -7.1360354e-02   7.4317780e-01   2.1512381e-02   6.4149476e-01   6.4154920e-02   6.5965816e-01   2.8279724e-02   6.4444807e-01   5.1798758e-02   6.2789598e-01   2.0997173e-01   5.7673950e-01   5.0655689e-02
  -3.0214844e-01   5.0518256e-02   6.5885857e-01  -1.9123671e-01   5.7258921e-01  -9.6019502e-02   7.3982500e-01  -5.7841102e-02   6.4846305e-01   2.5432589e-02   6.5997548e-01  -2.5519951e-02   6.4863636e-01  -6.7516952e-04   6.6530741e-01   1.2673109e-01   5.8282590e-01   1.8982055e-02
  -3.0450316e-01  -6.1504574e-02   6.2080086e-01  -2.3798263e-01   5.5165051e-01  -1.1166986e-01   7.2267452e-01  -1.2475652e-01   6.4896670e-01  -1.8340632e-02   6.5215636e-01  -7.8164119e-02   6.4404000e-01  -5.6847090e-02   6.8179760e-01   2.3137948e-02   5.8319928e-01  -1.3875045e-02
  -3.4629188e-01  -1.4956994e-01   5.7773619e-01  -2.4685468e-01   5.2915825e-01  -1.1058806e-01   6.9593132e-01  -1.5959203e-01   6.4337257e-01  -5.2623691e-02   6.3782260e-01  -1.1080614e-01   6.3163668e-01  -9.7411314e-02   6.7591279e-01  -7.3753625e-02   5.7859000e-01  -3.7452536e-02
  -4.1298786e-01  -1.8829908e-01   5.3686695e-01  -2.1285143e-01   5.0890167e-01  -8.9067982e-02   6.6660955e-01  -1.5204899e-01   6.3399372e-01  -6.6922556e-02   6.2094200e-01  -1.1134601e-01   6.1504393e-01  -1.0876346e-01   6.5169220e-01  -1.4164897e-01   5.7125400e-01  -4.4859998e-02
  -4.8344287e-01  -1.6917117e-01   5.0543252e-01  -1.4060215e-01   4.9487476e-01  -4.8849158e-02   6.4252650e-01  -1.0382075e-01   6.2423421e-01  -5.7621529e-02   6.0653481e-01  -7.7937607e-02   5.9929245e-01  -8.6808410e-02   6.1705620e-01  -1.6782599e-01   5.6417847e-01  -3.4626858e-02
  -5.3664989e-01  -1.0171008e-01   4.8909141e-01  -4.3448035e-02   4.9020143e-01   3.0841317e-03   6.3015642e-01  -2.7755175e-02   6.1749312e-01  -2.8519729e-02   5.9912695e-01  -1.9183634e-02   5.8926665e-01  -3.7671417e-02   5.8149167e-01  -1.5106367e-01   5.6013147e-01  -1.0818498e-02
  -5.5828407e-01  -9.0830073e-03   4.9057637e-01   5.9729240e-02   4.9619268e-01   5.6246961e-02   6.3281142e-01   5.6130782e-02   6.1609360e-01   1.0858302e-02   6.0132024e-01   4.8828633e-02   5.8818252e-01   2.4644947e-02   5.5350374e-01  -1.0060824e-01   5.6077980e-01   1.8506923e-02
  -5.4407748e-01   8.0182989e-02   5.0918619e-01   1.4892331e-01   5.1196922e-01   9.9389727e-02   6.4994962e-01   1.2635985e-01   6.2070397e-01   4.8530911e-02   6.1312290e-01   1.0756609e-01   5.9677098e-01   8.2816339e-02   5.3880075e-01  -3.2522600e-02   5.6626981e-01   4.3938619e-02
  -5.0042213e-01   1.4071892e-01   5.4092651e-01   2.0737627e-01   5.3455529e-01   1.2328201e-01   6.7735687e-01   1.6552443e-01   6.3019509e-01   7.3486120e-02   6.3192387e-01   1.4116783e-01   6.1309267e-01   1.2102868e-01   5.3922609e-01   3.4758651e-02   5.7520003e-01   5.7404509e-02
  -4.4164698e-01   1.5761402e-01   5.7943143e-01   2.2528015e-01   5.5954038e-01   1.2310274e-01   7.0834759e-01   1.6473585e-01   6.4203699e-01   7.8782139e-02   6.5324052e-01   1.4084954e-01   6.3313893e-01   1.2937117e-01   5.5275911e-01   8.5207122e-02   5.8506618e-01   5.4483898e-02
  -3.8514629e-01   1.2971926e-01   6.1738767e-01   2.0161207e-01   5.8210599e-01   9.9555718e-02   7.3556184e-01   1.2544468e-01   6.5307822e-01   6.3199313e-02   6.7197011e-01   1.0697822e-01   6.5199265e-01   1.0619019e-01   5.7449665e-01   1.0874070e-01   5.9301255e-01   3.5487180e-02
  -3.4628242e-01   6.8855715e-02   6.4804535e-01   1.4396230e-01   5.9809275e-01   5.8599422e-02   7.5277710e-01   5.8632408e-02   6.6041267e-01   3.1276685e-02   6.8370526e-01   4.8665827e-02   6.6511908e-01   5.8151565e-02   5.9813779e-01   1.0297409e-01   5.9662061e-01   5.2282221e-03
  -3.3391526e-01  -4.6148545e-03   6.6663227e-01   6.6415258e-02   6.0495864e-01   9.8591043e-03   7.5648258e-01  -1.8410483e-02   6.6219563e-01  -8.2025232e-03   6.8591260e-01  -1.8967900e-02   6.6958508e-01  -1.8884182e-03   6.1773101e-01   7.3079303e-02   5.9461106e-01  -2.8421881e-02
  -3.4862551e-01  -6.8830287e-02   6.7112626e-01  -1.4224862e-02   6.0222021e-01  -3.5999297e-02   7.4652651e-01  -8.7069362e-02   6.5805532e-01  -4.5035310e-02   6.7845011e-01  -7.9345118e-02   6.6468870e-01  -5.8881848e-02   6.2907149e-01   2.9392573e-02   5.8714303e-01  -5.6922001e-02
  -3.8337357e-01  -1.0677667e-01   6.6239343e-01  -8.2281513e-02   5.9140497e-01  -6.9816818e-02   7.2592897e-01  -1.3207297e-01   6.4909434e-01  -7.0385828e-02   6.6346007e-01  -1.1875891e-01   6.5198673e-01  -9.9578300e-02   6.3047841e-01  -1.5729454e-02   5.7573300e-01  -7.3326272e-02
  -4.2625134e-01  -1.1089549e-01   6.4370864e-01  -1.2655566e-01   5.7554808e-01  -8.6013417e-02   6.9993630e-01  -1.4511861e-01   6.3751317e-01  -7.9054994e-02   6.4469541e-01  -1.2976220e-01   6.3475966e-01  -1.1584508e-01   6.2290034e-01  -5.1275292e-02   5.6282955e-01  -7.4053803e-02
  -4.6454707e-01  -8.4186731e-02   6.1975864e-01  -1.4214216e-01   5.5834511e-01  -8.3493771e-02   6.7454237e-01  -1.2621193e-01   6.2594860e-01  -7.0435025e-02   6.2644434e-01  -1.1242116e-01   6.1703801e-01  -1.0618208e-01   6.0929444e-01  -7.0111074e-02   5.5114499e-01  -5.9535582e-02
