   7.8339007e-02   2.4191330e-01   1.3616527e-01   7.9028290e-01   1.6196780e-01   5.4632476e-01   4.2066026e-02   3.1641317e-01   8.0040370e-02   4.2465184e-01   3.3987691e-02   7.8010113e-01   5.1454026e-02   1.2668611e-01   6.2396665e-02   9.7322233e-02   8.6012631e-02   5.2383685e-01
   3.5013767e-02  -5.0532314e-01   3.2233737e-01   9.8264655e-01   2.8767806e-01   8.5377442e-01   1.2205430e-01   6.3134440e-01   1.7474832e-01   7.3570862e-01   2.2068781e-01   9.7541383e-01   1.0698689e-01   4.7978216e-01   1.4087262e-01   5.9116863e-01   2.0089850e-01   8.1676610e-01
  -1.9114090e-01  -9.6249349e-01   5.3012108e-01   1.0000000e+00   4.5367594e-01   1.0000000e+00   2.4705620e-01   8.5582558e-01   3.0975184e-01   9.2648518e-01   4.2985318e-01   1.0000000e+00   2.2094794e-01   7.6621833e-01   3.1033927e-01   9.0836440e-01   3.5371417e-01   9.7339910e-01
  -4.9153137e-01  -1.0000000e+00   7.2487611e-01   8.6239524e-01   6.3088470e-01   9.8313738e-01   4.0120895e-01   9.8068503e-01   4.6587202e-01   1.0000000e+00   6.2956330e-01   8.9245805e-01   3.7779753e-01   9.4856483e-01   5.2527849e-01   1.0000000e+00   5.2177843e-01   1.0000000e+00
  -7.4388374e-01  -6.5747758e-01   8.7880225e-01   6.1288387e-01   7.9239846e-01   8.2762068e-01   5.6741412e-01   1.0000000e+00   6.2496280e-01   9.6534254e-01   7.9694681e-01   6.9810889e-01   5.5607866e-01   1.0000000e+00   7.3610416e-01   8.7757106e-01   6.8461409e-01   9.1503576e-01
  -8.5910043e-01  -1.0632520e-01   9.7364980e-01   2.9768430e-01   9.1682934e-01   5.6871251e-01   7.2781505e-01   9.1050421e-01   7.7061551e-01   8.3479532e-01   9.1814319e-01   4.5615442e-01   7.3087856e-01   9.0971867e-01   9.0107482e-01   5.9608642e-01   8.2529008e-01   7.4072771e-01
  -8.0651945e-01   4.4753488e-01   1.0000000e+00  -4.4156945e-02   9.8904490e-01   2.4130319e-01   8.6432123e-01   7.1355325e-01   8.8863263e-01   6.2391684e-01   9.8636732e-01   1.9541236e-01   8.7695600e-01   6.8497178e-01   9.9288242e-01   2.2664992e-01   9.3055397e-01   4.9842266e-01
  -6.1195669e-01   8.2913924e-01   9.5601682e-01  -3.7689847e-01   1.0000000e+00  -1.1944937e-01   9.5976877e-01   4.1955642e-01   9.6765137e-01   3.5256695e-01   1.0000000e+00  -6.3140456e-02   9.7199020e-01   3.5101304e-01   1.0000000e+00  -1.5879036e-01   9.9071596e-01   2.0939966e-01
  -3.4537743e-01   9.2278784e-01   8.4765832e-01  -6.5977958e-01   9.4745342e-01  -4.7030581e-01   1.0000000e+00   5.6166266e-02   1.0000000e+00   4.7705456e-02   9.6145263e-01  -3.0033994e-01   1.0000000e+00  -4.7013995e-02   9.2674270e-01  -4.8992881e-01   1.0000000e+00  -9.9957596e-02
  -9.8789813e-02   6.9678901e-01   6.8998197e-01  -8.4662767e-01   8.3783163e-01  -7.5682247e-01   9.7738157e-01  -3.2594758e-01   9.8314539e-01  -2.5351957e-01   8.7753975e-01  -4.9280538e-01   9.5499636e-01  -4.4449138e-01   7.9240938e-01  -7.0245590e-01   9.5789235e-01  -3.9338781e-01
   4.1499797e-02   2.2425394e-01   5.0715597e-01  -8.9813366e-01   6.8751872e-01  -9.2299087e-01   8.9435388e-01  -6.5781018e-01   9.2125282e-01  -5.0548430e-01   7.6044068e-01  -6.1324803e-01   8.4387150e-01  -7.6533693e-01   6.2857985e-01  -7.5246928e-01   8.7075137e-01  -6.2644237e-01
   2.5071270e-02  -3.3386740e-01   3.2929165e-01  -7.9864083e-01   5.2156976e-01  -9.3011369e-01   7.6521954e-01  -8.7021280e-01   8.2590228e-01  -6.6403887e-01   6.2781314e-01  -6.3847143e-01   6.8702542e-01  -9.4062938e-01   4.7265651e-01  -6.3337469e-01   7.5245440e-01  -7.5701487e-01
  -1.4548618e-01  -7.9005101e-01   1.8643255e-01  -5.6467257e-01   3.6910571e-01  -7.7216690e-01   6.1415955e-01  -9.1652036e-01   7.1466180e-01  -7.0065992e-01   5.0077501e-01  -5.5997718e-01   5.1496527e-01  -9.3016339e-01   3.5878969e-01  -3.8049615e-01   6.2275131e-01  -7.5943655e-01
  -4.1666762e-01  -9.9687960e-01   1.0210892e-01  -2.4139577e-01   2.5708555e-01  -4.7932102e-01   4.7009699e-01  -7.8801334e-01   6.0769272e-01  -6.1269234e-01   4.0009939e-01  -3.9004782e-01   3.6174837e-01  -7.3626593e-01   3.0956081e-01  -6.0625605e-02   5.0361011e-01  -6.3407804e-01
  -7.0337744e-01  -8.9433454e-01   8.8543996e-02   1.0899332e-01   2.0447566e-01  -1.1045874e-01   3.5998258e-01  -5.1716874e-01   5.2332875e-01  -4.2556024e-01   3.4183662e-01  -1.6118605e-01   2.5704183e-01  -4.0485392e-01   3.3115917e-01   2.4794080e-01   4.1459411e-01  -4.0906158e-01
  -9.1837401e-01  -5.2608028e-01   1.4462635e-01   4.2293229e-01   2.1834077e-01   2.6221865e-01   3.0243459e-01  -1.6814869e-01   4.7392573e-01  -1.8575275e-01   3.3366853e-01   8.1292130e-02   2.1901827e-01  -1.2861570e-02   4.1319359e-01   4.7742292e-01   3.6855951e-01  -1.3329349e-01
  -1.0000000e+00  -1.4792513e-02   2.5723183e-01   6.4899026e-01   2.9317376e-01   5.7047734e-01   3.0408088e-01   1.8196308e-01   4.6361645e-01   5.2870970e-02   3.7350303e-01   2.9087081e-01   2.5080660e-01   3.5349517e-01   5.3296509e-01   5.8489884e-01   3.6930881e-01   1.3676749e-01
  -9.2845170e-01   4.8334124e-01   4.0446765e-01   7.5434317e-01   4.1272022e-01   7.6197211e-01   3.5898688e-01   4.6099228e-01   4.8821177e-01   2.4179057e-01   4.5030071e-01   4.2949968e-01   3.4071901e-01   6.1881249e-01   6.6137933e-01   5.5585641e-01   4.1143734e-01   3.4972962e-01
  -7.2974407e-01   8.2732066e-01   5.5980603e-01   7.2723509e-01   5.5342473e-01   8.0774760e-01   4.5053656e-01   6.1620468e-01   5.3675508e-01   3.4739270e-01   5.4650283e-01   4.7426233e-01   4.6551666e-01   7.3406769e-01   7.6927503e-01   4.0321022e-01   4.8196294e-01   4.6937335e-01
  -4.6411882e-01   9.2700699e-01   6.9651826e-01   5.7734804e-01   6.8899835e-01   7.0564139e-01   5.5571580e-01   6.2345408e-01   5.9452072e-01   3.5622072e-01   6.4171805e-01   4.2093002e-01   5.9620601e-01   6.8436959e-01   8.3303739e-01   1.6389699e-01   5.6356950e-01   4.8049808e-01
  -2.0822342e-01   7.6503176e-01   7.9211804e-01   3.3645784e-01   7.9526039e-01   4.8234772e-01   6.5026343e-01   4.9307770e-01   6.4643037e-01   2.7804498e-01   7.1679665e-01   2.8617561e-01   7.0439519e-01   4.9202803e-01   8.3946713e-01  -1.0512151e-01   6.3836901e-01   3.9222025e-01
  -3.2292523e-02   4.0216217e-01   8.3269926e-01   5.4301710e-02   8.5507046e-01   1.8943785e-01   7.1446653e-01   2.6839142e-01   6.8076858e-01   1.4413455e-01   7.5813298e-01   1.0539205e-01   7.6881113e-01   2.1175003e-01   7.8927621e-01  -3.3811991e-01   6.9197987e-01   2.3613699e-01
   2.0762712e-02  -4.5243632e-02   8.1558721e-01  -2.1274215e-01   8.6172582e-01  -1.0949887e-01   7.3778390e-01   1.2662580e-02   6.9200754e-01  -2.2841288e-03   7.6074874e-01  -7.6702057e-02   7.7996513e-01  -8.4722022e-02   6.9698511e-01  -4.7873893e-01   7.1666332e-01   5.6895365e-02
  -5.4158452e-02  -4.4365475e-01   7.4927551e-01  -4.1494992e-01   8.1962227e-01  -3.5459715e-01   7.2058604e-01  -2.0894110e-01   6.8164716e-01  -1.1883805e-01   7.2891408e-01  -2.1820585e-01   7.4142471e-01  -3.2759800e-01   5.8701613e-01  -4.9586244e-01   7.1241182e-01  -1.0035063e-01
  -2.2550332e-01  -6.8408562e-01   6.5081946e-01  -5.2038749e-01   7.4230069e-01  -5.0368517e-01   6.7296323e-01  -3.4695684e-01   6.5706272e-01  -1.7617161e-01   6.7434385e-01  -2.9109695e-01   6.6780338e-01  -4.6664122e-01   4.8700325e-01  -3.9163755e-01   6.8599265e-01  -2.0187300e-01
  -4.3715388e-01  -7.1286017e-01   5.4148981e-01  -5.2068427e-01   6.4853350e-01  -5.4045814e-01   6.1107079e-01  -3.7921578e-01   6.2876997e-01  -1.6523087e-01   6.1256209e-01  -2.8755095e-01   5.8014979e-01  -4.8207565e-01   4.2056973e-01  -1.9917575e-01   6.4832989e-01  -2.3289623e-01
  -6.2674432e-01  -5.4329761e-01   4.4191278e-01  -4.3051323e-01   5.5763727e-01  -4.7532385e-01   5.5228732e-01  -3.1371581e-01   6.0707111e-01  -9.7867323e-02   5.5861495e-01  -2.2003992e-01   5.0020238e-01  -3.8652405e-01   4.0163118e-01   2.8240469e-02   6.1114189e-01  -1.9906783e-01
  -7.4529116e-01  -2.4538287e-01   3.6767936e-01  -2.8098878e-01   4.8502891e-01  -3.3884582e-01   5.1038605e-01  -1.8230822e-01   5.9895024e-01  -8.1967021e-04   5.2317393e-01  -1.1524372e-01   4.4479068e-01  -2.1782600e-01   4.3139370e-01   2.3338028e-01   5.8366099e-01  -1.2180010e-01
  -7.6867568e-01   8.2956383e-02   3.2727587e-01  -1.0977529e-01   4.3993822e-01  -1.7060099e-01   4.9290700e-01  -2.8011178e-02   6.0668950e-01   9.4175929e-02   5.1083484e-01  -4.5148572e-03   4.2283316e-01  -2.5635427e-02   4.9955999e-01   3.6938398e-01   5.7090879e-01  -2.9588559e-02
  -7.0270262e-01   3.4621071e-01   3.2138962e-01   4.8015678e-02   4.2446328e-01  -8.6995496e-03   5.0002347e-01   1.0737703e-01   6.2758942e-01   1.5947159e-01   5.1978572e-01   8.4721862e-02   4.3404071e-01   1.4197223e-01   5.8745777e-01   4.0993224e-01   5.7299552e-01   5.0331516e-02
  -5.7728565e-01   4.7799607e-01   3.4437860e-01   1.6636849e-01   4.3477988e-01   1.1803897e-01   5.2585933e-01   1.9332312e-01   6.5536610e-01   1.7817023e-01   5.4351489e-01   1.3498042e-01   4.7053249e-01   2.4961160e-01   6.7331805e-01   3.5240372e-01   5.8608273e-01   9.8586218e-02
  -4.3565178e-01   4.5599822e-01   3.8648126e-01   2.3179143e-01   4.6312143e-01   1.9416671e-01   5.6081502e-01   2.1618328e-01   6.8212012e-01   1.4732526e-01   5.7315180e-01   1.4140529e-01   5.1969852e-01   2.8106475e-01   7.3730212e-01   2.1646096e-01   6.0399831e-01   1.0722828e-01
  -3.2081565e-01   3.0471531e-01   4.3649054e-01   2.4407017e-01   5.0023014e-01   2.1852963e-01   5.9451255e-01   1.8062625e-01   7.0058069e-01   7.7881629e-02   6.0008861e-01   1.1148165e-01   5.6784847e-01   2.4105624e-01   7.6582163e-01   3.8658893e-02   6.2023299e-01   8.0427381e-02
  -2.6248683e-01   8.4922425e-02   4.8443487e-01   2.1427690e-01   5.3781433e-01   2.0202197e-01   6.1874574e-01   1.0642943e-01   7.0618324e-01  -8.9734067e-03   6.1836518e-01   6.1615784e-02   6.0389950e-01   1.5188673e-01   7.5456617e-01  -1.3653120e-01   6.2989731e-01   3.2049631e-02
  -2.7010041e-01  -1.2910681e-01   5.2334340e-01   1.5991838e-01   5.7013008e-01   1.6210308e-01   6.2926702e-01   2.0611724e-02   6.9807734e-01  -8.8793807e-02   6.2579736e-01   1.0990380e-02   6.2169603e-01   4.4855897e-02   7.0878304e-01  -2.6770603e-01   6.3084221e-01  -1.9803227e-02
  -3.3178347e-01  -2.7287379e-01   5.5010593e-01   9.9540791e-02   5.9469677e-01   1.1685314e-01   6.2638982e-01  -5.1035207e-02   6.7916280e-01  -1.4101840e-01   6.2402207e-01  -2.4481878e-02   6.2090871e-01  -4.9140186e-02   6.4170391e-01  -3.2642173e-01   6.2395945e-01  -5.8543841e-02
  -4.2075997e-01  -3.1118902e-01   5.6506343e-01   4.7465964e-02   6.1182669e-01   7.9322497e-02   6.1403019e-01  -9.1628264e-02   6.5488309e-01  -1.5484067e-01   6.1718834e-01  -3.6886673e-02   6.0604075e-01  -1.0836438e-01   5.7066320e-01  -3.0387304e-01   6.1241610e-01  -7.4146043e-02
  -5.0521194e-01  -2.4507324e-01   5.7080009e-01   1.0885743e-02   6.2345184e-01   5.4665570e-02   5.9789646e-01  -9.6630093e-02   6.3147367e-01  -1.3118294e-01   6.1012028e-01  -2.7603956e-02   5.8432882e-01  -1.2456095e-01   5.1264845e-01  -2.1176362e-01   6.0034671e-01  -6.5208242e-02
  -5.5838044e-01  -1.0741448e-01   5.7062065e-01  -1.0509103e-02   6.3172147e-01   4.0140099e-02   5.8347562e-01  -7.3229163e-02   6.1419329e-01  -8.1167454e-02   6.0654049e-01  -5.6233248e-03   5.6328748e-01  -1.0301149e-01   4.8022814e-01  -7.8005464e-02   5.9145189e-01  -3.8236137e-02
  -5.6660700e-01   5.0491881e-02   5.6712208e-01  -2.2382177e-02   6.3775736e-01   2.7913898e-02   5.7430342e-01  -3.6194939e-02   6.0592827e-01  -2.1770113e-02   6.0778304e-01   1.6477972e-02   5.4845489e-01  -5.8810411e-02   4.7865012e-01   6.1671663e-02   5.8783748e-01  -4.5625558e-03
  -5.3171610e-01   1.7681876e-01   5.6152442e-01  -3.1971007e-02   6.4120681e-01   9.6063850e-03   5.7128524e-01  -1.7545790e-03   6.0677954e-01   2.9816370e-02   6.1263833e-01   2.7381638e-02   5.4225385e-01  -1.0638646e-02   5.0538461e-01   1.7341770e-01   5.8961928e-01   2.3974350e-02
  -4.6903863e-01   2.3437923e-01   5.5368751e-01  -4.4649821e-02   6.4049093e-01  -1.9656370e-02   5.7287839e-01   1.7755543e-02   6.1439220e-01   6.0960812e-02   6.1799770e-01   2.0821478e-02   5.4384593e-01   2.5122564e-02   5.5138327e-01   2.3333493e-01   5.9513738e-01   3.8751233e-02
  -4.0140963e-01   2.1052513e-01   5.4275887e-01  -6.1731501e-02   6.3367901e-01  -5.8782606e-02   5.7607714e-01   1.7442724e-02   6.2497338e-01   6.6687457e-02   6.2016365e-01  -2.4452779e-03   5.4999883e-01   3.8933013e-02   6.0391268e-01   2.3241382e-01   6.0173188e-01   3.6765933e-02
  -3.5142503e-01   1.1900256e-01   5.2807675e-01  -8.0191286e-02   6.1957859e-01  -1.0073816e-01   5.7775626e-01   6.0448333e-04   6.3460648e-01   5.0275636e-02   6.1631676e-01  -3.5079968e-02   5.5654539e-01   3.0034672e-02   6.5000831e-01   1.7727803e-01   6.0675621e-01   2.1045404e-02
  -3.3448249e-01  -6.3850277e-03   5.0993070e-01  -9.4123809e-02   5.9859507e-01  -1.3486846e-01   5.7588427e-01  -2.3300493e-02   6.4044000e-01   2.1353409e-02   6.0563235e-01  -6.5792674e-02   5.5991164e-01   5.4904431e-03   6.7959826e-01   8.6904544e-02   6.0847581e-01  -9.1481313e-04
  -3.5440382e-01  -1.2375595e-01   4.8993263e-01  -9.7152670e-02   5.7308283e-01  -1.5050373e-01   5.7026745e-01  -4.2498696e-02   6.4145261e-01  -7.7255294e-03   5.8974071e-01  -8.3217896e-02   5.5828958e-01  -2.3004608e-02   6.8765521e-01  -1.3343383e-02   6.0661028e-01  -1.9998468e-02
  -4.0319320e-01  -1.9711983e-01   4.7083589e-01  -8.4970635e-02   5.4699923e-01  -1.4065085e-01   5.6255158e-01  -4.7323319e-02   6.3853777e-01  -2.6119217e-02   5.7230426e-01  -7.9802007e-02   5.5207478e-01  -4.3553059e-02   6.7480694e-01  -9.8756753e-02   6.0232153e-01  -2.8705231e-02
  -4.6447017e-01  -2.0677693e-01   4.5591404e-01  -5.7009745e-02   5.2502351e-01  -1.0433931e-01   5.5557668e-01  -3.3409805e-02   6.3397982e-01  -2.7678304e-02   5.5793880e-01  -5.4184949e-02   5.4352808e-01  -4.7873008e-02   6.4650538e-01  -1.5103066e-01   5.9772357e-01  -2.3480528e-02
  -5.1911168e-01  -1.5399888e-01   4.4811339e-01  -1.6969843e-02   5.1141405e-01  -4.7221826e-02   5.5235878e-01  -3.0227758e-03   6.3055922e-01  -1.2433784e-02   5.5083711e-01  -1.1643100e-02   5.3588850e-01  -3.3648345e-02   6.1118008e-01  -1.6185870e-01   5.9511698e-01  -5.6760963e-03
  -5.5122040e-01  -5.8657796e-02   4.4923707e-01   2.7961074e-02   5.0894001e-01   1.9753165e-02   5.5504244e-01   3.5872955e-02   6.3058725e-01   1.3992583e-02   5.5353095e-01   3.7533266e-02   5.3224577e-01  -4.7494466e-03   5.7790938e-01  -1.3360514e-01   5.9620293e-01   1.9129868e-02
  -5.5261470e-01   4.8127776e-02   4.5938669e-01   6.8799887e-02   5.1816187e-01   8.2952296e-02   5.6414575e-01   7.2123771e-02   6.3516175e-01   4.2453159e-02   5.6612479e-01   8.0922867e-02   5.3454542e-01   3.0286202e-02   5.5423701e-01  -7.7576109e-02   6.0151279e-01   4.2955805e-02
  -5.2479587e-01   1.3455688e-01   4.7680530e-01   9.7102368e-02   5.3722997e-01   1.2950553e-01   5.7828973e-01   9.4948264e-02   6.4381135e-01   6.3343220e-02   5.8619308e-01   1.0753307e-01   5.4295127e-01   6.1151419e-02   5.4449743e-01  -1.0223286e-02   6.1019321e-01   5.7995322e-02
  -4.7750479e-01   1.7717416e-01   4.9824030e-01   1.0699730e-01   5.6233006e-01   1.5023508e-01   5.9456998e-01   9.6999968e-02   6.5469320e-01   6.9358327e-02   6.0942947e-01   1.1055887e-01   5.5585734e-01   7.8783167e-02   5.4927944e-01   5.1213779e-02   6.2026398e-01   5.8839937e-02
  -4.2539644e-01   1.6720977e-01   5.1962288e-01   9.6711243e-02   5.8851413e-01   1.4183147e-01   6.0929807e-01   7.6561325e-02   6.6511550e-01   5.7592059e-02   6.3070217e-01   8.9184917e-02   5.7032035e-01   7.7936135e-02   5.6564739e-01   9.2899684e-02   6.2914806e-01   4.4087277e-02
  -3.8325202e-01   1.1191914e-01   5.3700004e-01   6.8988221e-02   6.1084028e-01   1.0746640e-01   6.1902687e-01   3.8003980e-02   6.7234157e-01   3.0247241e-02   6.4537542e-01   4.8668440e-02   5.8291794e-01   5.8532659e-02   5.8829140e-01   1.0739892e-01   6.3441559e-01   1.6718302e-02
  -3.6184607e-01   3.0952907e-02   5.4737432e-01   3.0303011e-02   6.2540705e-01   5.5731846e-02   6.2143743e-01  -9.5603741e-03   6.7433490e-01  -6.1949545e-03   6.5039418e-01  -1.2144273e-03   5.9065505e-01   2.5385985e-02   6.1105563e-01   9.4628969e-02   6.3443588e-01  -1.6821933e-02
  -3.6501578e-01  -5.0346837e-02   5.4935550e-01  -1.0772214e-02   6.3017212e-01  -1.5945077e-03   6.1597202e-01  -5.4828370e-02   6.7033805e-01  -4.2869335e-02   6.4502651e-01  -4.8787183e-02   5.9176210e-01  -1.3272698e-02   6.2854452e-01   6.1153444e-02   6.2885140e-01  -4.8415700e-02
  -3.8934403e-01  -1.0917511e-01   5.4334460e-01  -4.5764717e-02   6.2522016e-01  -5.2583257e-02   6.0390186e-01  -8.7511310e-02   6.6102656e-01  -7.1133162e-02   6.3089259e-01  -8.3597980e-02   5.8607525e-01  -4.8293375e-02   6.3731342e-01   1.7584221e-02   6.1864481e-01  -7.0576084e-02
  -4.2586957e-01  -1.3157148e-01   5.3131198e-01  -6.8228746e-02   6.1255063e-01  -8.7839895e-02   5.8793814e-01  -1.0091927e-01   6.4829079e-01  -8.4797319e-02   6.1144394e-01  -9.8898356e-02   5.7498433e-01  -7.1995682e-02   6.3642340e-01  -2.4512408e-02   6.0586895e-01  -7.8346777e-02
  -4.6322491e-01  -1.1546025e-01   5.1623500e-01  -7.5005601e-02   5.9545636e-01  -1.0230009e-01   5.7150056e-01  -9.3362756e-02   6.3471940e-01  -8.1494111e-02   5.9103237e-01  -9.2956647e-02   5.6099490e-01  -7.9918333e-02   6.2731434e-01  -5.5505477e-02   5.9311709e-01  -7.0385316e-02
  -4.9114157e-01  -7.0075476e-02   5.0136730e-01  -6.6618697e-02   5.7769244e-01  -9.5861454e-02   5.5786665e-01  -6.8182089e-02   6.2295183e-01  -6.2967195e-02   5.7384150e-01  -6.9048884e-02   5.4706785e-01  -7.1600166e-02   6.1315565e-01  -6.9733839e-02   5.8289312e-01  -4.9069703e-02
