   6.4190034e-02   3.4028112e-02   1.2836033e-01   7.3155106e-01   1.1853686e-01   6.6024409e-01   6.6035706e-02   2.3077687e-01   4.5447260e-02   1.8325321e-01   3.6561226e-03   2.7273262e-01   3.9836860e-02   1.9073927e-01   6.5194557e-02   4.4091493e-01   1.4044000e-02   1.2294602e-01
  -3.1147025e-02  -6.2723846e-01   2.9939714e-01   9.4893212e-01   2.7329476e-01   9.1059837e-01   1.2951793e-01   5.5439488e-01   1.0888556e-01   5.5587273e-01   8.9315212e-02   6.4313413e-01   1.0822348e-01   5.7033095e-01   2.1411203e-01   8.3161577e-01   7.2531214e-02   5.2161869e-01
  -2.8246159e-01  -9.7037748e-01   4.9736096e-01   1.0000000e+00   4.6107372e-01   1.0000000e+00   2.3762594e-01   7.9241380e-01   2.2625316e-01   8.2257420e-01   2.3159866e-01   8.8838582e-01   2.3417145e-01   8.4106277e-01   4.2749545e-01   1.0000000e+00   1.9228108e-01   8.1032400e-01
  -5.7604704e-01  -9.0530474e-01   6.8979829e-01   8.9841573e-01   6.5109969e-01   9.3753570e-01   3.7661606e-01   9.4273165e-01   3.7863867e-01   9.7159149e-01   4.0659524e-01   1.0000000e+00   3.9686133e-01   9.8607391e-01   6.5282157e-01   9.4035896e-01   3.5193789e-01   9.7059033e-01
  -7.9538140e-01  -5.0343029e-01   8.4947064e-01   6.7964688e-01   8.1663745e-01   7.5324274e-01   5.3219313e-01   1.0000000e+00   5.4590560e-01   1.0000000e+00   5.8997890e-01   9.8135164e-01   5.7353632e-01   1.0000000e+00   8.4263715e-01   6.9970957e-01   5.2831596e-01   1.0000000e+00
  -8.6453615e-01   5.4274484e-02   9.5689490e-01   3.8288796e-01   9.3749713e-01   4.8209657e-01   6.8892363e-01   9.5566760e-01   7.0815638e-01   9.1355461e-01   7.5887312e-01   8.4433552e-01   7.4140946e-01   8.8759018e-01   9.6374499e-01   3.5059052e-01   6.9901479e-01   9.0897602e-01
  -7.6687402e-01   5.7046952e-01   1.0000000e+00   4.3074044e-02   1.0000000e+00   1.5630234e-01   8.3004008e-01   8.0281158e-01   8.4719913e-01   7.2677433e-01   8.9321058e-01   6.0770216e-01   8.7935610e-01   6.6304171e-01   1.0000000e+00  -3.2445134e-02   8.4427312e-01   7.1634056e-01
  -5.4014932e-01   8.8571803e-01   9.7363604e-01  -3.0418792e-01   9.9669172e-01  -1.9086100e-01   9.3830904e-01   5.4366824e-01   9.4797236e-01   4.6243158e-01   9.7700342e-01   2.9760282e-01   9.6962879e-01   3.5095671e-01   9.5167507e-01  -3.7971445e-01   9.4820755e-01   4.4702429e-01
  -2.6176236e-01   9.0331953e-01   8.8056527e-01  -6.1465024e-01   9.2732912e-01  -5.1722027e-01   9.9824592e-01   2.0026658e-01   1.0000000e+00   1.5277421e-01   1.0000000e+00  -4.8626118e-02   1.0000000e+00  -9.6752574e-03   8.3437572e-01  -6.2752111e-01   1.0000000e+00   1.3387177e-01
  -2.5358538e-02   6.1478036e-01   7.3328530e-01  -8.3686575e-01   8.0085880e-01  -7.7124576e-01   1.0000000e+00  -1.7877513e-01   9.9914547e-01  -1.5930233e-01   9.6006033e-01  -3.8021739e-01   9.6658614e-01  -3.6367311e-01   6.7676180e-01  -7.2716681e-01   9.9553405e-01  -1.8053264e-01
   8.8139929e-02   1.1303785e-01   5.5419487e-01  -9.2639053e-01   6.3622597e-01  -9.0397720e-01   9.4322077e-01  -5.2443005e-01   9.4912225e-01  -4.2435392e-01   8.6515440e-01  -6.3924302e-01   8.7615329e-01  -6.4707561e-01   5.1537293e-01  -6.6091758e-01   9.3885006e-01  -4.4775932e-01
   3.8302593e-02  -4.3462509e-01   3.7241051e-01  -8.6308894e-01   4.6019541e-01  -8.8646220e-01   8.3892030e-01  -7.6644416e-01   8.6175932e-01  -5.9742439e-01   7.3340715e-01  -7.7564809e-01   7.4630972e-01  -8.0381014e-01   3.8623412e-01  -4.5160899e-01   8.4233686e-01  -6.2403903e-01
  -1.6098782e-01  -8.4886158e-01   2.1785202e-01  -6.5915749e-01   3.0221058e-01  -7.2077796e-01   7.0788119e-01  -8.5556331e-01   7.5513594e-01  -6.5107218e-01   5.9013969e-01  -7.6320531e-01   6.0252046e-01  -8.0317977e-01   3.1591895e-01  -1.5657874e-01   7.2482996e-01  -6.8213193e-01
  -4.4796706e-01  -1.0000000e+00   1.1501415e-01  -3.5562793e-01   1.8825707e-01  -4.4007326e-01   5.7599977e-01  -7.7829511e-01   6.4984251e-01  -5.8379367e-01   4.6256019e-01  -6.0845392e-01   4.7264306e-01  -6.4970591e-01   3.1566163e-01   1.4984776e-01   6.0793814e-01  -6.1884766e-01
  -7.3477561e-01  -8.4988191e-01   7.8096772e-02  -1.1481438e-02   1.3546473e-01  -1.0006875e-01   4.6810083e-01  -5.6089450e-01   5.6437942e-01  -4.2111181e-01   3.7359164e-01  -3.5027469e-01   3.8053137e-01  -3.8296035e-01   3.7978688e-01   3.9785658e-01   5.1152141e-01  -4.5645634e-01
  -9.3723286e-01  -4.5785573e-01   1.0894824e-01   3.1118804e-01   1.4913904e-01   2.3531646e-01   4.0222568e-01  -2.6000257e-01   5.1120432e-01  -2.0754227e-01   3.3686746e-01  -4.8767999e-02   3.4078116e-01  -6.6011863e-02   4.8900140e-01   5.3947747e-01   4.4966285e-01  -2.3633175e-01
  -1.0000000e+00   4.7599103e-02   1.9781221e-01   5.6014279e-01   2.2262242e-01   5.0828410e-01   3.8621536e-01   5.4430858e-02   4.9466063e-01   6.3396644e-03   3.5438489e-01   2.3106746e-01   3.5615687e-01   2.3177918e-01   6.1621590e-01   5.5485237e-01   4.2830015e-01  -7.8582546e-03
  -9.1208458e-01   5.1636120e-01   3.2610646e-01   7.0073107e-01   3.3944220e-01   6.7726046e-01   4.1675309e-01   3.1658100e-01   5.1087454e-01   1.7635161e-01   4.1684831e-01   4.3454870e-01   4.1775694e-01   4.5119915e-01   7.3291735e-01   4.4985644e-01   4.4468005e-01   1.8334447e-01
  -7.0469179e-01   8.1986262e-01   4.7024185e-01   7.1731191e-01   4.7700444e-01   7.2039346e-01   4.8134118e-01   4.7650072e-01   5.4972485e-01   2.7212175e-01   5.0670805e-01   5.2607460e-01   5.0802996e-01   5.5301966e-01   8.1418364e-01   2.4994095e-01   4.8901537e-01   3.0342138e-01
  -4.4103805e-01   8.8188458e-01   6.0551294e-01   6.1502437e-01   6.1057938e-01   6.3834115e-01   5.6136621e-01   5.0950118e-01   5.9747081e-01   2.8226288e-01   6.0206416e-01   4.9533611e-01   6.0474370e-01   5.2503038e-01   8.4297665e-01  -1.5118621e-03   5.4698056e-01   3.3645836e-01
  -1.9654763e-01   6.9869608e-01   7.1043468e-01   4.2024543e-01   7.1788908e-01   4.5510660e-01   6.3680637e-01   4.2255723e-01   6.4030852e-01   2.1710894e-01   6.8176386e-01   3.6031066e-01   6.8623110e-01   3.8534347e-01   8.1389717e-01  -2.4752033e-01   6.0334561e-01   2.8800511e-01
  -3.6692420e-02   3.3804080e-01   7.7058473e-01   1.7623978e-01   7.8323573e-01   2.1368263e-01   6.9117393e-01   2.5226220e-01   6.6782237e-01   1.0590136e-01   7.3025539e-01   1.6314253e-01   7.3639162e-01   1.7800549e-01   7.3498630e-01  -4.2912273e-01   6.4564272e-01   1.8303978e-01
   1.6069227e-03  -8.3096762e-02   7.8111926e-01  -6.6641772e-02   8.0032033e-01  -3.3970426e-02   7.1543422e-01   5.3645474e-02   6.7551316e-01  -1.1922092e-02   7.4107712e-01  -4.1380317e-02   7.4830175e-01  -3.9167441e-02   6.2645610e-01  -5.0223142e-01   6.6699875e-01   5.8230559e-02
  -8.0413674e-02  -4.3943314e-01   7.4695095e-01  -2.6383225e-01   7.7273726e-01  -2.4046522e-01   7.0964737e-01  -1.1796151e-01   6.6550010e-01  -9.9807747e-02   7.1775184e-01  -2.0257150e-01   7.2520328e-01  -2.1221952e-01   5.1534007e-01  -4.5207788e-01   6.6724529e-01  -5.0058349e-02
  -2.4765946e-01  -6.3530284e-01   6.8047366e-01  -3.8591676e-01   7.1190652e-01  -3.7322510e-01   6.8156363e-01  -2.2227227e-01   6.4499482e-01  -1.3446465e-01   6.7159771e-01  -2.8701466e-01   6.7836198e-01  -3.0498943e-01   4.2830639e-01  -2.9652754e-01   6.5181449e-01  -1.1572002e-01
  -4.4416164e-01  -6.3151208e-01   5.9799539e-01  -4.2362741e-01   6.3361414e-01  -4.2030355e-01   6.4344344e-01  -2.4384973e-01   6.2356145e-01  -1.1166781e-01   6.1784746e-01  -2.8604587e-01   6.2319694e-01  -3.0718282e-01   3.8473515e-01  -7.9694858e-02   6.2936818e-01  -1.2901994e-01
  -6.1147051e-01  -4.5187258e-01   5.1575471e-01  -3.8687879e-01   5.5400899e-01  -3.8993021e-01   6.0796585e-01  -1.9302316e-01   6.0994148e-01  -4.5310730e-02   5.7112537e-01  -2.1489833e-01   5.7471189e-01  -2.3379455e-01   3.9229779e-01   1.4179476e-01   6.0882484e-01  -9.6854053e-02
  -7.0682456e-01  -1.6948112e-01   4.4644778e-01  -2.9877331e-01   4.8602154e-01  -3.0470486e-01   5.8444683e-01  -9.8736965e-02   6.0936555e-01   3.9132852e-02   5.4151794e-01  -1.0484119e-01   5.4346621e-01  -1.1719056e-01   4.4575184e-01   3.1524368e-01   5.9665668e-01  -3.7958698e-02
  -7.1301695e-01   1.2211769e-01   3.9762106e-01  -1.8709006e-01   4.3759815e-01  -1.9290554e-01   5.7700921e-01   3.4684246e-03   6.2253448e-01   1.1386623e-01   5.3289308e-01   8.2988316e-03   5.3376818e-01   4.7915880e-03   5.2961951e-01   4.0410884e-01   5.9559985e-01   2.4768634e-02
  -6.4075583e-01   3.3759646e-01   3.7137344e-01  -7.7010268e-02   4.1124298e-01  -8.0896745e-02   5.8429642e-01   8.2308266e-02   6.4581661e-01   1.5665235e-01   5.4287240e-01   9.4130160e-02   5.4352928e-01   9.9403761e-02   6.2256444e-01   3.9460735e-01   6.0445475e-01   7.1161632e-02
  -5.2216841e-01   4.2322233e-01   3.6545266e-01   1.3637095e-02   4.0499258e-01   1.2104610e-02   6.0088357e-01   1.1864859e-01   6.7271991e-01   1.5616041e-01   5.6458552e-01   1.3467145e-01   5.6594585e-01   1.4657245e-01   7.0280828e-01   2.9603144e-01   6.1909356e-01   8.8842195e-02
  -3.9916774e-01   3.6903345e-01   3.7494576e-01   7.6235135e-02   4.1405916e-01   7.6357782e-02   6.1953137e-01   1.0903118e-01   6.9592915e-01   1.1403603e-01   5.8925532e-01   1.2728066e-01   5.9207284e-01   1.4228891e-01   7.5296131e-01   1.3676384e-01   6.3407743e-01   7.5566683e-02
  -3.0983186e-01   2.0811585e-01   3.9413643e-01   1.1092783e-01   4.3271456e-01   1.1147069e-01   6.3369453e-01   6.4776611e-02   7.0945730e-01   4.3668082e-02   6.0900333e-01   8.3541169e-02   6.1367348e-01   9.7743785e-02   7.6366273e-01  -4.2979472e-02   6.4447672e-01   3.8786803e-02
  -2.7785175e-01   3.0740685e-03   4.1795431e-01   1.2425719e-01   4.5581000e-01   1.2408055e-01   6.3938564e-01   6.9241515e-03   7.1018059e-01  -3.4152383e-02   6.1891424e-01   2.4378777e-02   6.2536914e-01   3.4431051e-02   7.3508804e-01  -2.0019379e-01   6.4725192e-01  -7.4791763e-03
  -3.0550777e-01  -1.7654982e-01   4.4309209e-01   1.2547203e-01   4.7997529e-01   1.2397124e-01   6.3635948e-01  -4.1820181e-02   6.9875247e-01  -9.7999171e-02   6.1835179e-01  -2.7634859e-02   6.2607284e-01  -2.3749662e-02   6.7671293e-01  -2.9986421e-01   6.4216750e-01  -4.7767997e-02
  -3.7643674e-01  -2.7648789e-01   4.6797355e-01   1.2281766e-01   5.0362857e-01   1.2001312e-01   6.2748848e-01  -6.4699460e-02   6.7894176e-01  -1.3206359e-01   6.1028620e-01  -5.5486618e-02   6.1842757e-01  -5.8104823e-02   6.0421053e-01  -3.2241903e-01   6.3140252e-01  -7.0156172e-02
  -4.6213769e-01  -2.7322592e-01   4.9234110e-01   1.2068248e-01   5.2657203e-01   1.1703802e-01   6.1749016e-01  -5.6067107e-02   6.5639610e-01  -1.3046224e-01   5.9991458e-01  -5.2674036e-02   6.0751281e-01  -6.0527583e-02   5.3550625e-01  -2.6820035e-01   6.1867511e-01  -6.9759747e-02
  -5.3224406e-01  -1.7815370e-01   5.1632641e-01   1.1844743e-01   5.4904140e-01   1.1456340e-01   6.1102031e-01  -2.2348685e-02   6.3685085e-01  -9.8052094e-02   5.9257282e-01  -2.4203956e-02   5.9878737e-01  -3.4888267e-02   4.8628579e-01  -1.5623887e-01   6.0787178e-01  -4.9601046e-02
  -5.6445879e-01  -3.0534285e-02   5.3947776e-01   1.1135017e-01   5.7070641e-01   1.0769542e-01   6.1091577e-01   2.1099785e-02   6.2445487e-01  -4.7965848e-02   5.9178736e-01   1.6184542e-02   5.9611126e-01   5.4987983e-03   4.6623918e-01  -1.8209096e-02   6.0173928e-01  -1.8863105e-02
  -5.5060870e-01   1.1799556e-01   5.6019789e-01   9.3204479e-02   5.9008852e-01   8.9993141e-02   6.1727351e-01   5.6118754e-02   6.2079765e-01   3.2348954e-03   5.9819297e-01   5.1549600e-02   6.0057547e-01   4.3391874e-02   4.7727466e-01   1.1065767e-01   6.0112713e-01   1.0820886e-02
  -4.9788200e-01   2.2000083e-01   5.7578147e-01   5.9658849e-02   6.0458702e-01   5.6864047e-02   6.2750787e-01   6.8058354e-02   6.2475907e-01   4.0642048e-02   6.0947396e-01   6.7508328e-02   6.1033072e-01   6.3542611e-02   5.1372132e-01   2.0049555e-01   6.0490213e-01   2.9303399e-02
  -4.2535217e-01   2.4610975e-01   5.8307508e-01   1.0927108e-02   6.1113094e-01   8.3970392e-03   6.3732694e-01   5.0682006e-02   6.3315909e-01   5.5188569e-02   6.2128352e-01   5.6851396e-02   6.2139373e-01   5.7583952e-02   5.6439443e-01   2.3368596e-01   6.1051144e-01   3.1106365e-02
  -3.5721596e-01   1.9241606e-01   5.7952796e-01  -4.7170184e-02   6.0722419e-01  -4.9542916e-02   6.4226666e-01   8.1318229e-03   6.4195161e-01   4.5802415e-02   6.2879278e-01   2.1652910e-02   6.2911101e-01   2.6439051e-02   6.1582643e-01   2.0805231e-01   6.1496841e-01   1.6901876e-02
  -3.1500340e-01   8.0079163e-02   5.6424300e-01  -1.0423846e-01   5.9199567e-01  -1.0635215e-01   6.3926717e-01  -4.6450682e-02   6.4757123e-01   1.9125676e-02   6.2835357e-01  -2.7543742e-02   6.2978045e-01  -2.0233301e-02   6.5575085e-01   1.3600682e-01   6.1592099e-01  -6.9937124e-03
  -3.1094050e-01  -5.3088208e-02   5.3864225e-01  -1.4818880e-01   5.6686899e-01  -1.4965289e-01   6.2780513e-01  -9.5413887e-02   6.4805469e-01  -1.3226403e-02   6.1878136e-01  -7.5377911e-02   6.2194939e-01  -6.7511315e-02   6.7602227e-01   3.9879408e-02   6.1248035e-01  -3.1030906e-02
  -3.4495752e-01  -1.6522336e-01   5.0644757e-01  -1.6866671e-01   5.3554580e-01  -1.6885797e-01   6.1013602e-01  -1.2222452e-01   6.4351988e-01  -3.8627216e-02   6.0176196e-01  -1.0655611e-01   6.0688851e-01  -1.0003908e-01   6.7407272e-01  -5.4563639e-02   6.0548927e-01  -4.5655573e-02
  -4.0538522e-01  -2.2393584e-01   4.7301538e-01  -1.6015626e-01   5.0333700e-01  -1.5842101e-01   5.9069383e-01  -1.1684396e-01   6.3600408e-01  -4.7607735e-02   5.8140372e-01  -1.1075573e-01   5.8824940e-01  -1.0698543e-01   6.5296929e-01  -1.2499980e-01   5.9724627e-01  -4.4530350e-02
  -4.7344938e-01  -2.1512689e-01   4.4417387e-01  -1.2349803e-01   4.7598962e-01  -1.1942203e-01   5.7477180e-01  -7.8580021e-02   6.2866046e-01  -3.6504031e-02   5.6299954e-01  -8.5500969e-02   5.7093822e-01  -8.5086778e-02   6.1996478e-01  -1.5742984e-01   5.9072953e-01  -2.6398414e-02
  -5.2931573e-01  -1.4569455e-01   4.2494202e-01  -6.5752871e-02   4.5839705e-01  -5.9397428e-02   5.6700520e-01  -1.6159237e-02   6.2470184e-01  -8.1985861e-03   5.5151792e-01  -3.6656138e-02   5.5969667e-01  -3.9356701e-02   5.8429815e-01  -1.4854196e-01   5.8865560e-01   4.6382342e-03
  -5.5781166e-01  -3.9809476e-02   4.1846665e-01   1.4621287e-03   4.5353693e-01   9.4475840e-03   5.7009621e-01   5.4835840e-02   6.2641402e-01   2.9091946e-02   5.5026323e-01   2.3441321e-02   5.5780744e-01   1.8575607e-02   5.5484008e-01  -1.0523968e-01   5.9265459e-01   4.0402719e-02
  -5.5296932e-01   6.9766114e-02   4.2527566e-01   6.4800360e-02   4.6174015e-01   7.3248931e-02   5.8393887e-01   1.1649337e-01   6.3437707e-01   6.4508095e-02   5.5987556e-01   7.9632817e-02   5.6609301e-01   7.3949708e-02   5.3783708e-01  -4.1860654e-02   6.0267302e-01   7.1114873e-02
  -5.1844352e-01   1.5185322e-01   4.4335217e-01   1.1213614e-01   4.8079653e-01   1.1959011e-01   6.0577726e-01   1.5327543e-01   6.4739717e-01   8.7713203e-02   5.7833896e-01   1.1798694e-01   5.8286380e-01   1.1288466e-01   5.3594109e-01   2.4145264e-02   6.1702681e-01   8.8092605e-02
  -4.6605876e-01   1.8585989e-01   4.6857806e-01   1.3528159e-01   5.0643734e-01   1.4032999e-01   6.3082650e-01   1.5616100e-01   6.6276849e-01   9.1786397e-02   6.0144936e-01   1.2945787e-01   6.0430592e-01   1.2605447e-01   5.4782594e-01   7.6693941e-02   6.3275341e-01   8.6171495e-02
  -4.1150959e-01   1.6657098e-01   4.9574615e-01   1.3153398e-01   5.3338354e-01   1.3315335e-01   6.5355705e-01   1.2468380e-01   6.7705519e-01   7.4936047e-02   6.2398425e-01   1.1192318e-01   6.2555642e-01   1.1083452e-01   5.6904961e-01   1.0473762e-01   6.4640460e-01   6.4982589e-02
  -3.6970750e-01   1.0428443e-01   5.1968401e-01   1.0395949e-01   5.5649096e-01   1.0177064e-01   6.6903859e-01   6.6792386e-02   6.8697657e-01   4.0809051e-02   6.4098847e-01   7.0416913e-02   6.4191159e-01   7.1667454e-02   5.9343598e-01   1.0434497e-01   6.5489617e-01   2.8983134e-02
  -3.5061963e-01   2.0721726e-02   5.3632619e-01   6.0398415e-02   5.7182444e-01   5.4770440e-02   6.7412592e-01  -3.3691134e-03   6.9024531e-01  -2.5877633e-03   6.4896722e-01   1.5601022e-02   6.4996870e-01   1.8675301e-02   6.1474036e-01   7.8983844e-02   6.5627429e-01  -1.3719156e-02
  -3.5678813e-01  -5.8729932e-02   5.4349966e-01   1.1210123e-02   5.7741960e-01   3.1695582e-03   6.6817275e-01  -6.9560652e-02   6.8614057e-01  -4.5307551e-02   6.4668426e-01  -3.9431491e-02   6.4841420e-01  -3.5413816e-02   6.2824446e-01   3.7724778e-02   6.5019573e-01  -5.3665332e-02
  -3.8351135e-01  -1.1243682e-01   5.4113829e-01  -3.3184366e-02   5.7345750e-01  -4.2191428e-02   6.5299979e-01  -1.1746327e-01   6.7558568e-01  -7.8020182e-02   6.3525675e-01  -8.2463675e-02   6.3815072e-01  -7.8512504e-02   6.3163571e-01  -7.6059205e-03   6.3793218e-01  -8.2365075e-02
  -4.2096024e-01  -1.2879219e-01   5.3106549e-01  -6.4750270e-02   5.6199639e-01  -7.3189098e-02   6.3229932e-01  -1.3826837e-01   6.6084617e-01  -9.4425658e-02   6.1771644e-01  -1.0524869e-01   6.2192084e-01  -1.0225750e-01   6.2531672e-01  -4.5810932e-02   6.2200922e-01  -9.4425800e-02
  -4.5759706e-01  -1.0799690e-01   5.1634757e-01  -7.9169474e-02   5.4628335e-01  -8.5731259e-02   6.1061720e-01  -1.3005433e-01   6.4490137e-01  -9.2351486e-02   5.9811819e-01  -1.0489555e-01   6.0348770e-01  -1.0345165e-01   6.1190301e-01  -6.8809379e-02   6.0555574e-01  -8.8448141e-02
  -4.8355367e-01  -6.0801812e-02   5.0051062e-01  -7.6291542e-02   5.2994256e-01  -8.0132000e-02   5.9227646e-01  -9.7589082e-02   6.3074480e-01  -7.3868119e-02   5.8055196e-01  -8.3993903e-02   5.8671237e-01  -8.4274676e-02   5.9535969e-01  -7.3150061e-02   5.9159927e-01  -6.7019672e-02
