   1.5280372e-01   1.8038744e-01   5.2736152e-02   6.0160890e-01   1.8126209e-01   3.2260890e-01   1.6616546e-01   9.5243437e-01   9.3456268e-02   5.3256936e-01   4.0544642e-02   7.4725502e-01   1.3660623e-01   8.0251974e-01   1.5360479e-01   4.5777905e-01   9.3539934e-02   6.1925791e-01
   8.7447282e-02  -5.3962388e-01   2.1524018e-01   8.9462030e-01   2.6731622e-01   7.0852644e-01   3.4835982e-01   1.0000000e+00   1.9986187e-01   7.9904703e-01   2.1118566e-01   9.4775035e-01   2.8841827e-01   9.6707326e-01   2.8958612e-01   8.3876635e-01   2.1907360e-01   8.7951014e-01
  -1.7737306e-01  -9.7451014e-01   4.2025763e-01   1.0000000e+00   4.0370080e-01   9.3617833e-01   5.2654315e-01   9.1916519e-01   3.3934765e-01   9.5284457e-01   4.0661479e-01   1.0000000e+00   4.5654757e-01   1.0000000e+00   4.8162290e-01   1.0000000e+00   3.7588305e-01   1.0000000e+00
  -5.2076916e-01  -1.0000000e+00   6.2868620e-01   9.3223287e-01   5.6371487e-01   1.0000000e+00   6.8276782e-01   7.7118843e-01   4.9455078e-01   1.0000000e+00   5.9961323e-01   9.2832477e-01   6.2126896e-01   9.3213458e-01   6.8333810e-01   9.3790796e-01   5.4207665e-01   9.9720726e-01
  -8.0755495e-01  -6.5803879e-01   8.0799900e-01   7.3499642e-01   7.2203487e-01   9.2010803e-01   8.0932712e-01   6.0257924e-01   6.4937344e-01   9.4954929e-01   7.6868001e-01   7.6372868e-01   7.6797936e-01   7.9086734e-01   8.5338353e-01   7.0161292e-01   6.9934415e-01   8.9594851e-01
  -9.4030208e-01  -1.1619178e-01   9.3597943e-01   4.5754819e-01   8.5763038e-01   7.2619054e-01   9.0469421e-01   4.3340120e-01   7.8917639e-01   8.1101841e-01   8.9822086e-01   5.3372388e-01   8.8579121e-01   5.9235740e-01   9.6342759e-01   3.6359213e-01   8.3341047e-01   7.1907758e-01
  -8.8543560e-01   4.2874574e-01   1.0000000e+00   1.4001716e-01   9.5422559e-01   4.4625282e-01   9.6876823e-01   2.6131943e-01   9.0094910e-01   5.9605986e-01   9.7751303e-01   2.6041888e-01   9.6571808e-01   3.4436462e-01   1.0000000e+00  -6.0083380e-03   9.3330171e-01   4.8407770e-01
  -6.7076085e-01   8.1035300e-01   9.9512249e-01  -1.8410995e-01   1.0000000e+00   1.0802660e-01   1.0000000e+00   7.4321487e-02   9.7383539e-01   3.2053532e-01   1.0000000e+00  -3.5598267e-02   1.0000000e+00   5.4715621e-02   9.6302697e-01  -3.4560633e-01   9.9068761e-01   2.0611732e-01
  -3.7206128e-01   9.1674240e-01   9.2375028e-01  -4.7771540e-01   9.8830566e-01  -2.5083664e-01   9.9483826e-01  -1.3348563e-01   1.0000000e+00   7.9209309e-03   9.6357296e-01  -3.2858634e-01   9.8291322e-01  -2.5793834e-01   8.6448443e-01  -5.9922916e-01   1.0000000e+00  -9.4750449e-02
  -8.9750604e-02   7.1502937e-01   7.9703589e-01  -6.9630014e-01   9.1996781e-01  -5.7656207e-01   9.5031731e-01  -3.4920654e-01   9.7620379e-01  -3.0674825e-01   8.7222569e-01  -5.8268256e-01   9.1344260e-01  -5.5654311e-01   7.2698902e-01  -7.2003087e-01   9.5989142e-01  -3.8701134e-01
   8.1130783e-02   2.7290727e-01   6.3561149e-01  -7.9781521e-01   8.0544677e-01  -8.0704858e-01   8.6778652e-01  -5.3947006e-01   9.0563851e-01  -5.7740166e-01   7.3788639e-01  -7.5490795e-01   7.9827575e-01  -7.8838034e-01   5.8065708e-01  -6.8441549e-01   8.7518354e-01  -6.2800737e-01
   8.3517736e-02  -2.5801862e-01   4.6732776e-01  -7.5933873e-01   6.6471661e-01  -8.9164241e-01   7.5583066e-01  -6.6181565e-01   7.9906476e-01  -7.5644498e-01   5.8073870e-01  -8.0776071e-01   6.5334259e-01  -9.0044559e-01   4.5689951e-01  -5.0477902e-01   7.5801967e-01  -7.7404886e-01
  -8.2280431e-02  -7.0081462e-01   3.2182405e-01  -5.8738286e-01   5.2374553e-01  -8.0955772e-01   6.3035102e-01  -6.8227630e-01   6.7388485e-01  -8.0972111e-01   4.2657410e-01  -7.2428346e-01   5.0213462e-01  -8.5951097e-01   3.8081992e-01  -2.2822862e-01   6.2681407e-01  -7.9514209e-01
  -3.6142091e-01  -9.1535870e-01   2.2427106e-01  -3.1674539e-01   4.0891350e-01  -5.7690243e-01   5.1162028e-01  -5.8883651e-01   5.5100690e-01  -7.2829260e-01   3.0174541e-01  -5.1654916e-01   3.7107751e-01  -6.6554624e-01   3.6552480e-01   7.7448879e-02   5.0300816e-01  -6.8584161e-01
  -6.6485136e-01  -8.4345358e-01   1.9012514e-01  -1.4827803e-03   3.4111042e-01  -2.4294628e-01   4.1955063e-01  -3.9745578e-01   4.5037259e-01  -5.3301313e-01   2.2724992e-01  -2.2522130e-01   2.8344566e-01  -3.5495579e-01   4.0974570e-01   3.4325469e-01   4.0656585e-01  -4.6910116e-01
  -8.9995240e-01  -5.2201135e-01   2.2253009e-01   2.9856905e-01   3.3139645e-01   1.2297284e-01   3.6882930e-01  -1.4784656e-01   3.8663993e-01  -2.6896541e-01   2.1401925e-01   9.0530550e-02   2.5389703e-01   8.5450154e-03   4.9955340e-01   5.1611249e-01   3.5168495e-01  -1.9084944e-01
  -1.0000000e+00  -6.3277280e-02   3.1242559e-01   5.3091204e-01   3.7902122e-01   4.4861552e-01   3.6550869e-01   1.0826039e-01   3.6625445e-01   7.3266062e-03   2.6064399e-01   3.6845805e-01   2.8514870e-01   3.5099081e-01   6.1257401e-01   5.6779758e-01   3.4389344e-01   9.2217586e-02
  -9.4296163e-01   3.9113223e-01   4.4116731e-01   6.5891520e-01   4.7226485e-01   6.7422555e-01   4.0602213e-01   3.2095279e-01   3.8678219e-01   2.4256031e-01   3.5428939e-01   5.5791725e-01   3.6779251e-01   6.0647518e-01   7.2332854e-01   4.9501578e-01   3.7942497e-01   3.2685504e-01
  -7.5235937e-01   7.1208730e-01   5.8424536e-01   6.6428321e-01   5.9132122e-01   7.6068517e-01   4.7860759e-01   4.5118192e-01   4.3837609e-01   3.9613685e-01   4.7396012e-01   6.2754315e-01   4.8288040e-01   7.2852330e-01   8.0777547e-01   3.1565750e-01   4.4677616e-01   4.7277269e-01
  -4.8901605e-01   8.1607802e-01   7.1549708e-01   5.5037104e-01   7.1216168e-01   6.9704652e-01   5.6583005e-01   4.7861113e-01   5.0623156e-01   4.4766251e-01   5.9478065e-01   5.7075933e-01   6.0582963e-01   6.9928185e-01   8.4780325e-01   6.8878182e-02   5.2934842e-01   5.1033263e-01
  -2.3054577e-01   6.8526398e-01   8.1195629e-01   3.4319447e-01   8.1160511e-01   5.0378058e-01   6.4874828e-01   4.0677587e-01   5.7426686e-01   4.0069530e-01   6.9326409e-01   4.0724428e-01   7.1189067e-01   5.3372384e-01   8.3521026e-01  -1.8879259e-01   6.0936223e-01   4.4423793e-01
  -4.9381142e-02   3.7125190e-01   8.5820922e-01   8.8095368e-02   8.7205767e-01   2.2970630e-01   7.1119120e-01   2.6312620e-01   6.2871045e-01   2.8184034e-01   7.5205123e-01   1.7976595e-01   7.8135581e-01   2.7741636e-01   7.7415092e-01  -3.9434464e-01   6.7166127e-01   3.0234067e-01
   9.8654000e-03  -2.1398158e-02   8.4987867e-01  -1.6088720e-01   8.8561592e-01  -6.0576508e-02   7.4387887e-01   9.1165659e-02   6.6147571e-01   1.3277947e-01   7.6396316e-01  -5.6350790e-02   8.0428659e-01  -5.1303456e-03   6.8092267e-01  -4.9718716e-01   7.0723634e-01   1.2756040e-01
  -5.9101839e-02  -3.7298957e-01   7.9363092e-01  -3.5502797e-01   8.5483178e-01  -3.0478898e-01   7.4583182e-01  -6.3701789e-02   6.7125812e-01  -3.2199103e-03   7.3263870e-01  -2.4849364e-01   7.8182729e-01  -2.4899378e-01   5.7937806e-01  -4.7472450e-01   7.1439654e-01  -3.5367675e-02
  -2.2497458e-01  -5.8564665e-01   7.0493942e-01  -4.6203974e-01   7.9119187e-01  -4.5806079e-01   7.2363009e-01  -1.6686147e-01   6.6289085e-01  -9.3538167e-02   6.7078845e-01  -3.5990185e-01   7.2498003e-01  -4.0533315e-01   4.9455037e-01  -3.3824803e-01   6.9816351e-01  -1.5170796e-01
  -4.3144679e-01  -6.1154947e-01   6.0381654e-01  -4.7202308e-01   7.1140399e-01  -5.0206258e-01   6.8852646e-01  -2.0303001e-01   6.4494095e-01  -1.2416061e-01   5.9612693e-01  -3.7755701e-01   6.5082649e-01  -4.5221738e-01   4.4605588e-01  -1.2789656e-01   6.6788485e-01  -2.0448833e-01
  -6.1611792e-01  -4.6313661e-01   5.1000404e-01  -3.9719179e-01   6.3289962e-01  -4.4617686e-01   6.5263687e-01  -1.7816640e-01   6.2660724e-01  -1.0104878e-01   5.2652244e-01  -3.1277798e-01   5.7769451e-01  -3.9692896e-01   4.4343155e-01   1.0012082e-01   6.3410656e-01  -1.9619815e-01
  -7.2995839e-01  -2.0302197e-01   4.3873380e-01  -2.6572404e-01   5.6968038e-01  -3.2072597e-01   6.2532156e-01  -1.1437029e-01   6.1483670e-01  -4.5054833e-02   4.7561094e-01  -1.9477769e-01   5.2053853e-01  -2.6973176e-01   4.8438905e-01   2.8987864e-01   6.0558128e-01  -1.4453022e-01
  -7.4976214e-01   8.1764938e-02   3.9841477e-01  -1.1224858e-01   5.2992182e-01  -1.6516367e-01   6.1115290e-01  -4.0130258e-02   6.1272660e-01   1.7093726e-02   4.5036934e-01  -6.0018320e-02   4.8810140e-01  -1.1201716e-01   5.5651819e-01   3.9951427e-01   5.8746001e-01  -7.4289909e-02
  -6.8178709e-01   3.0688363e-01   3.9017599e-01   3.0709036e-02   5.1538825e-01  -1.7083668e-02   6.0959068e-01   1.8858524e-02   6.1926045e-01   6.1138217e-02   4.5065544e-01   5.7608323e-02   4.8201133e-01   3.5204106e-02   6.4094919e-01   4.0899686e-01   5.8076249e-01  -9.6705370e-03
  -5.5686133e-01   4.1452077e-01   4.0902605e-01   1.3921979e-01   5.2244277e-01   9.6247916e-02   6.1617128e-01   4.6779717e-02   6.3022882e-01   7.1869825e-02   4.7050600e-01   1.3454994e-01   4.9766184e-01   1.4099141e-01   7.1724203e-01   3.2254625e-01   5.8299994e-01   3.2055981e-02
  -4.1867087e-01   3.8646423e-01   4.4611202e-01   2.0102602e-01   5.4415451e-01   1.6175595e-01   6.2470178e-01   4.0646959e-02   6.3997818e-01   4.6235767e-02   5.0067603e-01   1.6137337e-01   5.2649906e-01   1.8989714e-01   7.6806057e-01   1.6566292e-01   5.8966429e-01   4.3764191e-02
  -3.0986225e-01   2.4660018e-01   4.9129200e-01   2.1618686e-01   5.7266997e-01   1.8100935e-01   6.2961110e-01   9.8320076e-03   6.4336326e-01  -6.4963856e-03   5.3152162e-01   1.4329419e-01   5.5881563e-01   1.8371102e-01   7.8296842e-01  -2.1073960e-02   5.9597053e-01   2.9105258e-02
  -2.5935760e-01   5.0244334e-02   5.3556056e-01   1.9478111e-01   6.0136852e-01   1.6679439e-01   6.2787087e-01  -2.8347238e-02   6.3745201e-01  -6.8304410e-02   5.5561664e-01   9.6656660e-02   5.8647142e-01   1.3835864e-01   7.6054799e-01  -1.9177938e-01   5.9845967e-01  -1.0381270e-04
  -2.7490349e-01  -1.3562364e-01   5.7274477e-01   1.5246895e-01   6.2623456e-01   1.3712988e-01   6.1986591e-01  -5.5380367e-02   6.2244740e-01  -1.1860655e-01   5.6936969e-01   4.2563927e-02   6.0475719e-01   7.7101940e-02   7.0836466e-01  -3.0647355e-01   5.9596934e-01  -2.8768609e-02
  -3.4289189e-01  -2.5453187e-01   6.0013204e-01   1.0513127e-01   6.4616143e-01   1.0851141e-01   6.0896870e-01  -5.8366750e-02   6.0154574e-01  -1.4111021e-01   5.7325229e-01  -3.2933461e-04   6.1294383e-01   2.2240468e-02   6.4068178e-01  -3.4097571e-01   5.8971508e-01  -4.4078232e-02
  -4.3494804e-01  -2.7683603e-01   6.1799360e-01   6.4369377e-02   6.6223372e-01   9.0723774e-02   6.0005676e-01  -3.4266874e-02   5.7982927e-01  -1.2870810e-01   5.7071853e-01  -2.1194502e-02   6.1349602e-01  -1.1561703e-02   5.7459621e-01  -2.9228456e-01   5.8253429e-01  -3.9626028e-02
  -5.1836821e-01  -2.0636934e-01   6.2835867e-01   3.4902811e-02   6.7639087e-01   8.4395662e-02   5.9756585e-01   9.3760642e-03   5.6263335e-01  -8.5198856e-02   5.6637010e-01  -1.9304467e-02   6.1044406e-01  -2.0644200e-02   5.2559942e-01  -1.7831319e-01   5.7765509e-01  -1.7063589e-02
  -5.6676735e-01  -7.5311483e-02   6.3352766e-01   1.4822180e-02   6.8999234e-01   8.2257193e-02   6.0378894e-01   5.7561289e-02   5.5395018e-01  -2.3269583e-02   5.6405226e-01  -2.5168230e-03   6.0755049e-01  -1.1359937e-02   5.0387519e-01  -3.1763787e-02   5.7744739e-01   1.5276356e-02
  -5.6751041e-01   6.8762232e-02   6.3491257e-01  -1.8424586e-03   7.0283983e-01   7.3172825e-02   6.1798452e-01   9.3182727e-02   5.5536389e-01   3.9917520e-02   5.6553431e-01   1.6753860e-02   6.0694166e-01   4.0048320e-03   5.1221804e-01   1.0928442e-01   5.8258994e-01   4.5775774e-02
  -5.2439921e-01   1.7895721e-01   6.3253810e-01  -2.1336714e-02   7.1294979e-01   4.7507664e-02   6.3650123e-01   1.0288324e-01   5.6573289e-01   8.8036763e-02   5.7006510e-01   2.6556886e-02   6.0852588e-01   1.2706836e-02   5.4591130e-01   2.1145716e-01   5.9184820e-01   6.3715871e-02
  -4.5478337e-01   2.2295828e-01   6.2539013e-01  -4.6835490e-02   7.1722473e-01   1.6849435e-03   6.5393903e-01   8.1398160e-02   5.8172735e-01   1.1010835e-01   5.7494739e-01   1.9641829e-02   6.1038288e-01   6.3914517e-03   5.9461036e-01   2.5383488e-01   6.0255443e-01   6.2783131e-02
  -3.8315116e-01   1.9146789e-01   6.1227342e-01  -7.6739428e-02   7.1264729e-01  -5.9591656e-02   6.6483147e-01   3.3344356e-02   5.9889781e-01   1.0317650e-01   5.7672321e-01  -4.1988215e-03   6.0976621e-01  -1.6068859e-02   6.4534353e-01   2.3200329e-01   6.1150647e-01   4.2979544e-02
  -3.3300837e-01   9.9417221e-02   5.9282104e-01  -1.0505835e-01   6.9760060e-01  -1.2417393e-01   6.6538964e-01  -2.8053552e-02   6.1298973e-01   7.2579192e-02   5.7259871e-01  -3.8216767e-02   6.0437667e-01  -4.8392827e-02   6.8591485e-01   1.5767674e-01   6.1602321e-01   1.0480626e-02
  -3.1949543e-01  -2.0386924e-02   5.6823500e-01  -1.2359823e-01   6.7283522e-01  -1.7610410e-01   6.5477213e-01  -8.5039516e-02   6.2112439e-01   2.9737688e-02   5.6163317e-01  -7.1184241e-02   5.9345841e-01  -7.9364973e-02   7.0784963e-01   5.4200046e-02   6.1482386e-01  -2.4522878e-02
  -3.4540493e-01  -1.2881154e-01   5.4142015e-01  -1.2495011e-01   6.4166219e-01  -2.0060206e-01   6.3538827e-01  -1.2077283e-01   6.2243792e-01  -1.1724813e-02   5.4522098e-01  -9.1310640e-02   5.7827039e-01  -9.6959200e-02   7.0801371e-01  -5.0468306e-02   6.0839877e-01  -5.1192646e-02
  -4.0103212e-01  -1.9299611e-01   5.1653909e-01  -1.0518822e-01   6.0939665e-01  -1.8870366e-01   6.1227979e-01  -1.2442194e-01   6.1811925e-01  -4.0179057e-02   5.2682978e-01  -9.0218744e-02   5.6188365e-01  -9.2585528e-02   6.8885255e-01  -1.3115270e-01   5.9884973e-01  -6.1460775e-02
  -4.6815133e-01  -1.9612279e-01   4.9805878e-01  -6.5477354e-02   5.8212278e-01  -1.4014000e-01   5.9165936e-01  -9.4311840e-02   6.1080519e-01  -4.9229982e-02   5.1099923e-01  -6.5724881e-02   5.4830047e-01  -6.4110449e-02   6.5714291e-01  -1.7137844e-01   5.8919996e-01  -5.2441841e-02
  -5.2623171e-01  -1.4110615e-01   4.8963340e-01  -1.2107496e-02   5.6521659e-01  -6.3593688e-02   5.7915509e-01  -3.8161742e-02   6.0362529e-01  -3.8972321e-02   5.0200748e-01  -2.2496103e-02   5.4126039e-01  -1.6615862e-02   6.2185019e-01  -1.6630512e-01   5.8245983e-01  -2.7058925e-02
  -5.5864468e-01  -4.7930282e-02   4.9316319e-01   4.4895031e-02   5.6206404e-01   2.5457754e-02   5.7830560e-01   2.9330881e-02   5.9923693e-01  -1.5208209e-02   5.0265107e-01   2.9362439e-02   5.4314140e-01   3.9072651e-02   5.9176836e-01  -1.2244506e-01   5.8076048e-01   7.0807686e-03
  -5.5748193e-01   5.3538568e-02   5.0819753e-01   9.4105253e-02   5.7319578e-01   1.0850084e-01   5.8957742e-01   9.0609348e-02   5.9905687e-01   1.2760083e-02   5.1338514e-01   7.7122788e-02   5.5418634e-01   8.9383435e-02   5.7338767e-01  -5.4907525e-02   5.8473026e-01   4.0004453e-02
  -5.2510488e-01   1.3348929e-01   5.3196401e-01   1.2552250e-01   5.9619749e-01   1.6856453e-01   6.1032903e-01   1.3011507e-01   6.0296841e-01   3.5244559e-02   5.3218556e-01   1.0901564e-01   5.7238804e-01   1.2185017e-01   5.6963325e-01   1.7381112e-02   5.9336865e-01   6.2351637e-02
  -4.7264235e-01   1.7063584e-01   5.5993078e-01   1.3292887e-01   6.2628569e-01   1.9407768e-01   6.3555058e-01   1.3817869e-01   6.0948518e-01   4.4920593e-02   5.5504883e-01   1.1724485e-01   5.9396161e-01   1.2836119e-01   5.7959217e-01   7.6535408e-02   6.0436144e-01   6.7876118e-02
  -4.1611941e-01   1.5768419e-01   5.8678616e-01   1.1537712e-01   6.5741327e-01   1.8139704e-01   6.5918466e-01   1.1332302e-01   6.1628766e-01   3.8757828e-02   5.7699142e-01   9.9934084e-02   6.1427563e-01   1.0725032e-01   5.9917056e-01   1.0988202e-01   6.1473912e-01   5.5047026e-02
  -3.7149337e-01   1.0246517e-01   6.0759826e-01   7.7410921e-02   6.8362678e-01   1.3541059e-01   6.7567097e-01   6.2432286e-02   6.2096028e-01   1.8664807e-02   5.9327865e-01   6.1524556e-02   6.2899116e-01   6.3691561e-02   6.2243139e-01   1.1252002e-01   6.2169040e-01   2.7352118e-02
  -3.4987646e-01   2.4335720e-02   6.1891678e-01   2.7832518e-02   7.0040249e-01   6.7934139e-02   6.8137330e-01  -1.4057328e-03   6.2174782e-01  -9.3758514e-03   6.0061279e-01   1.1409624e-02   6.3515478e-01   8.1565214e-03   6.4331539e-01   8.7697666e-02   6.2334197e-01  -7.8577721e-03
  -3.5499387e-01  -5.2590468e-02   6.1939431e-01  -2.2564676e-02   7.0546120e-01  -5.5379007e-03   6.7532096e-01  -6.2593529e-02   6.1801161e-01  -3.7332589e-02   5.9780757e-01  -3.8701870e-02   6.3180477e-01  -4.6508824e-02   6.5708052e-01   4.4919447e-02   6.1918491e-01  -4.1548955e-02
  -3.8264739e-01  -1.0687557e-01   6.0997806e-01  -6.3597717e-02   6.9910834e-01  -6.9665389e-02   6.5935286e-01  -1.0711133e-01   6.1039306e-01  -5.7524332e-02   5.8599440e-01  -7.7818947e-02   6.2013500e-01  -8.8418326e-02   6.6133191e-01  -3.1008773e-03   6.1018001e-01  -6.5474213e-02
  -4.2281182e-01  -1.2591659e-01   5.9350001e-01  -8.8034297e-02   6.8388600e-01  -1.1283149e-01   6.3745976e-01  -1.2599740e-01   6.0056566e-01  -6.4803691e-02   5.6817738e-01  -9.8377042e-02   6.0305114e-01  -1.0958015e-01   6.5629205e-01  -4.4130658e-02   5.9842629e-01  -7.4326281e-02
  -4.6312657e-01  -1.0846183e-01   5.7389046e-01  -9.2876542e-02   6.6376967e-01  -1.2922384e-01   6.1467164e-01  -1.1701082e-01   5.9073048e-01  -5.7683217e-02   5.4838866e-01  -9.7659256e-02   5.8436348e-01  -1.0738189e-01   6.4436934e-01  -6.9288764e-02   5.8657293e-01  -6.6794594e-02
  -4.9260187e-01  -6.3813895e-02   5.5524893e-01  -7.9588945e-02   6.4317322e-01  -1.1939702e-01   5.9581923e-01  -8.4570411e-02   5.8302972e-01  -3.8421233e-02   5.3070715e-01  -7.7956230e-02   5.6786497e-01  -8.4673541e-02   6.2930295e-01  -7.4737561e-02   5.7715676e-01  -4.5565766e-02
