   2.0806302e-01   3.0710954e-01   9.6291586e-03   4.0655634e-01   1.2467754e-01   2.7849218e-01   1.8356689e-01   7.4141850e-01   2.6583279e-02   1.3844842e-01   1.6225864e-01   8.3535374e-01   1.0814798e-01   1.0645169e-01   1.6659103e-01   4.5530911e-01   6.8403923e-02   5.8777517e-01
   1.8626751e-01  -4.0086294e-01   1.3183333e-01   7.8223412e-01   2.0758727e-01   6.7700433e-01   2.8762813e-01   8.6953625e-01   8.0161855e-02   5.0654519e-01   3.2067526e-01   1.0000000e+00   1.5587912e-01   4.6430785e-01   2.9852153e-01   8.3713921e-01   1.8699645e-01   8.5499478e-01
  -7.2580081e-02  -8.8590910e-01   3.1203028e-01   9.8022835e-01   3.4501993e-01   9.1909606e-01   3.9942966e-01   8.7767684e-01   1.8546544e-01   7.7511819e-01   4.9158093e-01   9.9278626e-01   2.5660418e-01   7.4732242e-01   4.8521271e-01   1.0000000e+00   3.3767069e-01   9.8623589e-01
  -4.4972859e-01  -1.0000000e+00   5.1377914e-01   1.0000000e+00   5.0963549e-01   1.0000000e+00   5.0895275e-01   8.4502439e-01   3.2591828e-01   9.3985379e-01   6.5123015e-01   8.7804385e-01   3.9604242e-01   9.3207861e-01   6.8184645e-01   9.4181704e-01   4.9974059e-01   1.0000000e+00
  -7.9695967e-01  -7.4408036e-01   7.0418186e-01   8.7447582e-01   6.7569744e-01   9.4102664e-01   6.1443945e-01   8.1815769e-01   4.8460453e-01   1.0000000e+00   7.8638231e-01   7.1115882e-01   5.5645005e-01   1.0000000e+00   8.4877698e-01   7.1270970e-01   6.5625312e-01   9.2163240e-01
  -9.9443026e-01  -2.5419557e-01   8.5850633e-01   6.4814304e-01   8.2208558e-01   7.7255563e-01   7.1713917e-01   7.9795098e-01   6.4463375e-01   9.5696476e-01   8.9119742e-01   5.2335137e-01   7.1756373e-01   9.3953232e-01   9.5907261e-01   3.8501429e-01   7.9409865e-01   7.7206907e-01
  -9.8721806e-01   2.8379367e-01   9.6041755e-01   3.5793137e-01   9.3254753e-01   5.2011022e-01   8.1602155e-01   7.4966394e-01   7.8967967e-01   8.1653239e-01   9.6316525e-01   3.2333493e-01   8.5806366e-01   7.4997392e-01   1.0000000e+00   2.5992736e-02   9.0290926e-01   5.6404852e-01
  -7.9019501e-01   7.0519529e-01   1.0000000e+00   3.2471055e-02   9.9465330e-01   2.0505620e-01   9.0446018e-01   6.2641642e-01   9.0482448e-01   5.9077619e-01   1.0000000e+00   1.0830447e-01   9.5768367e-01   4.4570409e-01   9.7105603e-01  -3.0836612e-01   9.7392139e-01   3.0635320e-01
  -4.7304522e-01   8.9005280e-01   9.7320752e-01  -2.9646403e-01   1.0000000e+00  -1.4455408e-01   9.7052445e-01   3.9406419e-01   9.7770845e-01   2.9930031e-01   9.9891650e-01  -1.2351508e-01   1.0000000e+00   5.9527910e-02   8.8224546e-01  -5.6720259e-01   1.0000000e+00   1.1320640e-02
  -1.4056805e-01   7.8275031e-01   8.8356141e-01  -5.8452784e-01   9.4628658e-01  -4.8332636e-01   1.0000000e+00   5.5075244e-02   1.0000000e+00  -2.6627398e-02   9.5781622e-01  -3.5997064e-01   9.7577887e-01  -3.5264205e-01   7.5332729e-01  -7.0471705e-01   9.7686304e-01  -2.9650809e-01
   9.8353761e-02   4.1994722e-01   7.4453089e-01  -7.7955080e-01   8.4038147e-01  -7.5064030e-01   9.8213386e-01  -3.3888872e-01   9.6966966e-01  -3.4110448e-01   8.7845548e-01  -5.6780360e-01   8.8689089e-01  -7.1399290e-01   6.1165489e-01  -6.9319349e-01   9.0555199e-01  -5.7638281e-01
   1.6667461e-01  -7.4637184e-02   5.7932876e-01  -8.4000597e-01   6.9943539e-01  -8.8924744e-01   9.1520725e-01  -7.0153428e-01   8.9289736e-01  -5.9063427e-01   7.6949433e-01  -7.0147301e-01   7.4836355e-01  -9.4479297e-01   4.8698143e-01  -5.3791734e-01   7.9453397e-01  -7.7934558e-01
   4.5040686e-02  -5.3593698e-01   4.1697431e-01  -7.5148324e-01   5.4848697e-01  -8.6605373e-01   8.0905955e-01  -9.4279547e-01   7.8417002e-01  -7.2899568e-01   6.4709454e-01  -7.2117172e-01   5.8679424e-01  -9.8815120e-01   4.0442360e-01  -2.7911836e-01   6.5983666e-01  -8.6359449e-01
  -2.2394304e-01  -8.1738900e-01   2.8614332e-01  -5.3167963e-01   4.1526104e-01  -6.8325487e-01   6.8351298e-01  -1.0000000e+00   6.6383993e-01  -7.3209028e-01   5.3243889e-01  -6.0972804e-01   4.3478535e-01  -8.3014137e-01   3.7854638e-01   2.0157060e-02   5.2265901e-01  -8.0893812e-01
  -5.5253583e-01  -8.3805646e-01   2.0908808e-01  -2.2564433e-01   3.2406566e-01  -3.7845976e-01   5.6344397e-01  -8.5867942e-01   5.5374822e-01  -6.0650213e-01   4.4697024e-01  -3.8217882e-01   3.2315203e-01  -5.0662052e-01   4.1061064e-01   2.9224438e-01   4.0511859e-01  -6.2507058e-01
  -8.3859192e-01  -6.0671832e-01   1.9715182e-01   1.0558237e-01   2.9043304e-01  -1.5375745e-02   4.7217207e-01  -5.5727375e-01   4.7218459e-01  -3.8843881e-01   4.0685094e-01  -8.4648758e-02   2.7321909e-01  -9.4479581e-02   4.8940849e-01   4.8236284e-01   3.2532886e-01  -3.5089577e-01
  -1.0000000e+00  -2.1081198e-01   2.4905763e-01   4.0039970e-01   3.1803452e-01   3.3340918e-01   4.2541713e-01  -1.7164654e-01   4.2985495e-01  -1.3183096e-01   4.1862167e-01   2.1931601e-01   2.9176132e-01   3.1169194e-01   5.9507872e-01   5.5902748e-01   2.9338747e-01  -4.3322264e-02
  -9.9669733e-01   2.2265525e-01   3.5223706e-01   6.0859269e-01   3.9880575e-01   6.0277786e-01   4.2835614e-01   2.0971680e-01   4.2846150e-01   1.0726135e-01   4.7797492e-01   4.6652366e-01   3.7049770e-01   6.2495571e-01   7.0385246e-01   5.1388238e-01   3.0987634e-01   2.3803068e-01
  -8.3935805e-01   5.6782271e-01   4.8565273e-01   6.9778649e-01   5.1497390e-01   7.4586785e-01   4.7508917e-01   5.0589336e-01   4.6118360e-01   2.8266531e-01   5.7076382e-01   6.0727159e-01   4.8863239e-01   7.8419800e-01   7.9234421e-01   3.5913748e-01   3.6628724e-01   4.4339610e-01
  -5.8128538e-01   7.3319706e-01   6.2393608e-01   6.5701527e-01   6.4295311e-01   7.4091949e-01   5.5082988e-01   6.5948287e-01   5.1513295e-01   3.6609600e-01   6.7630107e-01   6.1462619e-01   6.1829613e-01   7.6418741e-01   8.4162958e-01   1.2669697e-01   4.4753078e-01   5.4168735e-01
  -3.0099750e-01   6.8154115e-01   7.4188291e-01   4.9962115e-01   7.5791739e-01   5.9593685e-01   6.3565612e-01   6.4849805e-01   5.7461597e-01   3.5190903e-01   7.7172368e-01   4.9084261e-01   7.3067892e-01   5.7941374e-01   8.4101792e-01  -1.3229633e-01   5.3537171e-01   5.2584255e-01
  -7.9286499e-02   4.4130321e-01   8.1941032e-01   2.6331112e-01   8.3896768e-01   3.4964799e-01   7.0947670e-01   4.9413296e-01   6.2497558e-01   2.5918691e-01   8.3721201e-01   2.7038398e-01   8.0249669e-01   2.8276372e-01   7.9137248e-01  -3.5506357e-01   6.1249893e-01   4.1495750e-01
   2.6229777e-02   9.6426128e-02   8.4595728e-01   1.3808494e-03   8.7391809e-01   6.1811050e-02   7.5751063e-01   2.5366546e-01   6.5642812e-01   1.2563134e-01   8.6117913e-01   1.1433370e-02   8.2166086e-01  -4.8174344e-02   7.0581471e-01  -4.8556922e-01   6.6657642e-01   2.4815904e-01
  -4.1987464e-03  -2.4419098e-01   8.2193558e-01  -2.3152213e-01   8.6118466e-01  -2.0358677e-01   7.7338894e-01   2.0573414e-04   6.6588958e-01  -4.9981236e-03   8.4257251e-01  -2.2165093e-01   7.8923973e-01  -3.3272867e-01   6.0633115e-01  -4.9252661e-01   6.9229788e-01   7.2048323e-02
  -1.4901691e-01  -4.8195885e-01   7.5774233e-01  -3.9286798e-01   8.0921304e-01  -3.9480473e-01   7.5985597e-01  -1.9990890e-01   6.5695913e-01  -9.6362612e-02   7.9047776e-01  -3.7675579e-01   7.1833902e-01  -5.0865215e-01   5.1780254e-01  -3.7877594e-01   6.9161041e-01  -7.2615846e-02
  -3.5551073e-01  -5.5789493e-01   6.7032684e-01  -4.6095915e-01   7.3332774e-01  -4.8363919e-01   7.2665088e-01  -3.0519355e-01   6.3782600e-01  -1.2933577e-01   7.2079143e-01  -4.2718714e-01   6.2970709e-01  -5.4683915e-01   4.6129394e-01  -1.7868619e-01   6.7187977e-01  -1.6078719e-01
  -5.5837206e-01  -4.6742089e-01   5.7865360e-01  -4.3757336e-01   6.5131825e-01  -4.6947707e-01   6.8670345e-01  -3.0784456e-01   6.1811891e-01  -1.0551126e-01   6.5141053e-01  -3.7634003e-01   5.4579364e-01  -4.5591820e-01   4.4879636e-01   5.3269710e-02   6.4295198e-01  -1.8721218e-01
  -7.0097471e-01  -2.5601558e-01   4.9919033e-01  -3.4385034e-01   5.7891555e-01  -3.7503038e-01   6.5183310e-01  -2.3056117e-01   6.0568082e-01  -4.3522460e-02   5.9732672e-01  -2.5256770e-01   4.8482949e-01  -2.7541975e-01   4.8073938e-01   2.5896027e-01   6.1400211e-01  -1.6390576e-01
  -7.5025916e-01   1.3590805e-03   4.4304429e-01  -2.1141878e-01   5.2684950e-01  -2.3597532e-01   6.2979668e-01  -1.1362448e-01   6.0459767e-01   2.9551422e-02   5.6755246e-01  -9.7211309e-02   4.5714521e-01  -6.1010144e-02   5.4697625e-01   3.9123838e-01   5.9141671e-01  -1.1282405e-01
  -7.0423688e-01   2.2525586e-01   4.1462506e-01  -7.2940676e-02   4.9942880e-01  -8.9643689e-02   6.2282577e-01   5.4506038e-05   6.1443227e-01   8.7276052e-02   5.6379644e-01   4.8087445e-02   4.6358846e-01   1.3164827e-01   6.2985577e-01   4.2405535e-01   5.7771609e-01  -5.7741033e-02
  -5.8845396e-01   3.5499593e-01   4.1235909e-01   4.5317269e-02   4.9520822e-01   3.4116461e-02   6.2827215e-01   7.7780928e-02   6.3106074e-01   1.1122852e-01   5.8148061e-01   1.5169753e-01   4.9687999e-01   2.6051637e-01   7.0903848e-01   3.5575377e-01   5.7193382e-01  -1.7325315e-02
  -4.4579203e-01   3.6299962e-01   4.3039159e-01   1.2736994e-01   5.0869587e-01   1.1778497e-01   6.4039184e-01   1.0417309e-01   6.4831075e-01   9.4958670e-02   6.1194910e-01   1.9772200e-01   5.4453277e-01   3.0505240e-01   7.6615248e-01   2.0750348e-01   5.7078450e-01  -1.2050793e-03
  -3.2232087e-01   2.6053467e-01   4.6082127e-01   1.6888776e-01   5.3261235e-01   1.5780597e-01   6.5273363e-01   8.3473329e-02   6.6003141e-01   4.5130606e-02   6.4535783e-01   1.8808311e-01   5.9267737e-01   2.6901217e-01   7.8890919e-01   1.8059512e-02   5.7027176e-01  -8.4959448e-03
  -2.5316948e-01   9.1530020e-02   4.9592750e-01   1.7570599e-01   5.6011806e-01   1.6250864e-01   6.6044065e-01   3.5682756e-02   6.6204726e-01  -2.1129166e-02   6.7351083e-01   1.3967701e-01   6.2981608e-01   1.7670104e-01   7.7373873e-01  -1.6541817e-01   5.6728314e-01  -2.9550340e-02
  -2.5250380e-01  -8.4126930e-02   5.2991228e-01   1.5990594e-01   5.8648283e-01   1.4695209e-01   6.6177874e-01  -1.2500880e-02   6.5345010e-01  -8.2303733e-02   6.9190319e-01   7.7044380e-02   6.4957937e-01   6.3507136e-02   7.2636249e-01  -2.9925729e-01   5.6071193e-01  -5.0501766e-02
  -3.1174459e-01  -2.1063715e-01   5.5958949e-01   1.3495207e-01   6.0962178e-01   1.2674777e-01   6.5824262e-01  -3.7977605e-02   6.3666502e-01  -1.1953604e-01   7.0016843e-01   2.3586145e-02   6.5147738e-01  -3.5532101e-02   6.5990473e-01  -3.5383902e-01   5.5164242e-01  -5.8683746e-02
  -4.0435289e-01  -2.5353225e-01   5.8423919e-01   1.1113395e-01   6.2975057e-01   1.1254099e-01   6.5358398e-01  -2.9560992e-02   6.1655144e-01  -1.2255660e-01   7.0127085e-01  -5.9933953e-03   6.4005021e-01  -9.5873878e-02   5.9134864e-01  -3.2086728e-01   5.4279714e-01  -4.7224531e-02
  -4.9615538e-01  -2.0827665e-01   6.0463122e-01   9.2727945e-02   6.4822594e-01   1.0692994e-01   6.5201243e-01   8.7114577e-03   5.9873410e-01  -9.2304539e-02   6.9964122e-01  -9.2859417e-03   6.2258641e-01  -1.0902963e-01   5.3707304e-01  -2.1440633e-01   5.3737686e-01  -1.7184373e-02
  -5.5687626e-01  -9.8533518e-02   6.2174005e-01   7.7639224e-02   6.6615092e-01   1.0459657e-01   6.5635549e-01   5.9931743e-02   5.8783220e-01  -3.9774908e-02   6.9912280e-01   4.8928508e-03   6.0641775e-01  -8.2550138e-02   5.0880229e-01  -6.5873479e-02   5.3780371e-01   2.3214233e-02
  -5.6925642e-01   3.4471941e-02   6.3564487e-01   5.9666001e-02   6.8326651e-01   9.5590800e-02   6.6682220e-01   1.0130489e-01   5.8613429e-01   1.8241097e-02   7.0143943e-01   2.1494747e-02   5.9662411e-01  -3.5037912e-02   5.1103132e-01   8.5430952e-02   5.4479212e-01   6.1817271e-02
  -5.3300001e-01   1.4639476e-01   6.4508324e-01   3.2287950e-02   6.9758744e-01   7.0270461e-02   6.8081239e-01   1.1268994e-01   5.9311134e-01   6.4626176e-02   7.0570059e-01   2.5716900e-02   5.9483483e-01   1.1305002e-02   5.4054061e-01   2.0284390e-01   5.5706087e-01   8.6760863e-02
  -4.6333010e-01   2.0325176e-01   6.4777254e-01  -7.5740271e-03   7.0586439e-01   2.4039765e-02   6.9373269e-01   8.3863490e-02   6.0577666e-01   8.6924086e-02   7.0894120e-01   8.7002655e-03   5.9924962e-01   3.8067500e-02   5.8782911e-01   2.6117258e-01   5.7169699e-01   9.0294461e-02
  -3.8500379e-01   1.9073698e-01   6.4136720e-01  -5.7271880e-02   7.0471902e-01  -3.9783402e-02   7.0055202e-01   1.8444000e-02   6.1974133e-01   8.0659492e-02   7.0745586e-01  -2.9136545e-02   6.0574706e-01   3.6069354e-02   6.3999581e-01   2.5195071e-01   5.8504211e-01   7.1193678e-02
  -3.2389578e-01   1.1713280e-01   6.2464524e-01  -1.0852915e-01   6.9202305e-01  -1.1007797e-01   6.9757286e-01  -6.6786191e-02   6.3061622e-01   5.0165060e-02   6.9842591e-01  -7.8100353e-02   6.0963078e-01   7.4623753e-03   6.8422079e-01   1.8407850e-01   5.9380775e-01   3.5080809e-02
  -2.9894204e-01   9.1590087e-03   5.9841908e-01  -1.4982392e-01   6.6798154e-01  -1.7097477e-01   6.8379872e-01  -1.4701648e-01   6.3530987e-01   6.7265333e-03   6.8123507e-01  -1.2252475e-01   6.0738628e-01  -3.5941611e-02   7.1087271e-01   7.9964684e-02   5.9604806e-01  -7.4304700e-03
  -3.1664209e-01  -9.7405923e-02   5.6585180e-01  -1.6998522e-01   6.3556532e-01  -2.0660507e-01   6.6149967e-01  -1.9716591e-01   6.3287939e-01  -3.5201433e-02   6.5806768e-01  -1.4609403e-01   5.9793810e-01  -7.7176484e-02   7.1557764e-01  -3.1310967e-02   5.9172309e-01  -4.4052665e-02
  -3.6979148e-01  -1.6990952e-01   5.3200247e-01  -1.6190003e-01   6.0007380e-01  -2.0615842e-01   6.3571260e-01  -2.0011867e-01   6.2467547e-01  -6.2736986e-02   6.3351867e-01  -1.3767830e-01   5.8302464e-01  -1.0026566e-01   6.9976326e-01  -1.2222242e-01   5.8265930e-01  -6.4735653e-02
  -4.4089075e-01  -1.8836749e-01   5.0274062e-01  -1.2474078e-01   5.6795478e-01  -1.6707303e-01   6.1283772e-01  -1.5179686e-01   6.1373664e-01  -6.8196267e-02   6.1333452e-01  -9.5020485e-02   5.6654461e-01  -9.5264725e-02   6.6958652e-01  -1.7325438e-01   5.7191665e-01  -6.4462701e-02
  -5.0802041e-01  -1.5053716e-01   4.8342183e-01  -6.4495012e-02   5.4531997e-01  -9.5975780e-02   5.9889065e-01  -6.2441460e-02   6.0379467e-01  -5.0950376e-02   6.0281513e-01  -2.5730669e-02   5.5332841e-01  -6.1158461e-02   6.3395953e-01  -1.7678638e-01   5.6287239e-01  -4.4477016e-02
  -5.5183161e-01  -7.1331020e-02   4.7759774e-01   7.3078855e-03   5.3646351e-01  -7.1608616e-03   5.9779576e-01   4.6248572e-02   5.9811530e-01  -1.7117549e-02   6.0524268e-01   5.4677955e-02   5.4761211e-01  -5.9650322e-03   6.0205004e-01  -1.3769436e-01   5.5822301e-01  -1.1647784e-02
  -5.6110339e-01   2.3475366e-02   4.8618236e-01   7.6458067e-02   5.4286732e-01   8.1124477e-02   6.1032687e-01   1.4748311e-01   5.9857814e-01   2.2854167e-02   6.2091298e-01   1.2727064e-01   5.5175076e-01   5.6129594e-02   5.8101995e-01  -7.0458618e-02   5.5925313e-01   2.3917034e-02
  -5.3535588e-01   1.0541234e-01   5.0722860e-01   1.2926408e-01   5.6288356e-01   1.5089867e-01   6.3389083e-01   2.1629900e-01   6.0522754e-01   5.7288153e-02   6.4696025e-01   1.7457034e-01   5.6553987e-01   1.0881536e-01   5.7456911e-01   5.2657778e-03   5.6554268e-01   5.1744314e-02
  -4.8421201e-01   1.5221313e-01   5.3636936e-01   1.5583860e-01   5.9215333e-01   1.8880741e-01   6.6320737e-01   2.3631537e-01   6.1634210e-01   7.6710378e-02   6.7802629e-01   1.8532156e-01   5.8623637e-01   1.3841820e-01   5.8240030e-01   7.0194389e-02   5.7515213e-01   6.4028394e-02
  -4.2367860e-01   1.5338587e-01   5.6782261e-01   1.5212822e-01   6.2466376e-01   1.8885297e-01   6.9168186e-01   2.0341862e-01   6.2901778e-01   7.6153488e-02   7.0757991e-01   1.5708098e-01   6.0932959e-01   1.3733632e-01   6.0082372e-01   1.0985256e-01   5.8523801e-01   5.7509850e-02
  -3.7116320e-01   1.1240765e-01   5.9564896e-01   1.2071178e-01   6.5409403e-01   1.5352996e-01   7.1302751e-01   1.2662230e-01   6.3999044e-01   5.6286064e-02   7.2946971e-01   9.6807671e-02   6.2969349e-01   1.0592829e-01   6.2400618e-01   1.1761802e-01   5.9285006e-01   3.4208171e-02
  -3.4028530e-01   4.4707483e-02   6.1503991e-01   6.9975504e-02   6.7521298e-01   9.2865985e-02   7.2282041e-01   2.5448581e-02   6.4654104e-01   2.2952140e-02   7.3940950e-01   1.8978083e-02   6.4290837e-01   5.2209254e-02   6.4566192e-01   9.5587360e-02   5.9575289e-01   6.8460498e-04
  -3.3729614e-01  -2.8149223e-02   6.2326669e-01   1.1733161e-02   6.8492666e-01   2.1445474e-02   7.1949076e-01  -7.5741527e-02   6.4718895e-01  -1.4871348e-02   7.3592275e-01  -5.8491050e-02   6.4633798e-01  -1.0754539e-02   6.6068300e-01   5.2911071e-02   5.9300370e-01  -3.4067795e-02
  -3.5997818e-01  -8.5079207e-02   6.2008232e-01  -4.1621643e-02   6.8274301e-01  -4.5192071e-02   7.0455089e-01  -1.5395190e-01   6.4199141e-01  -4.7632116e-02   7.2055441e-01  -1.1871278e-01   6.3966709e-01  -6.8350234e-02   6.6622552e-01   2.7838503e-03   5.8514786e-01  -6.1087426e-02
  -3.9915261e-01  -1.1206228e-01   6.0753289e-01  -8.0180110e-02   6.7060852e-01  -9.4455414e-02   6.8201238e-01  -1.9363695e-01   6.3241478e-01  -6.7976610e-02   6.9730157e-01  -1.5022222e-01   6.2483994e-01  -1.0844928e-01   6.6216817e-01  -4.1621718e-02   5.7400334e-01  -7.3989737e-02
  -4.4214610e-01  -1.0503875e-01   5.8923477e-01  -9.8294485e-02   6.5216601e-01  -1.1898024e-01   6.5721615e-01  -1.8950533e-01   6.2081905e-01  -7.2275551e-02   6.7147939e-01  -1.4900330e-01   6.0539100e-01  -1.2390874e-01   6.5071125e-01  -7.0258579e-02   5.6211089e-01  -7.0262372e-02
  -4.7668462e-01  -7.0191516e-02   5.6944700e-01  -9.5376109e-02   6.3179203e-01  -1.1767340e-01   6.3549990e-01  -1.4699281e-01   6.0981390e-01  -6.1192178e-02   6.4842893e-01  -1.1883460e-01   5.8553639e-01  -1.1382509e-01   6.3557595e-01  -7.8314082e-02   5.5208051e-01  -5.1634865e-02
