   3.1362188e-02   1.2917734e-01   1.6198678e-01   3.5910651e-02   8.5142585e-02   6.4334095e-01   1.8760695e-01   7.3188215e-01   7.4866788e-03   3.2649246e-01   3.2917597e-02   2.7798867e-01   1.6646681e-01   1.9281147e-01   1.5702452e-01   3.4941416e-01   5.4114538e-02   6.7817579e-02
  -3.8367083e-02  -5.6803034e-01   2.0788784e-01   4.9240478e-01   2.4303011e-01   9.0550648e-01   2.8947803e-01   8.8453515e-01   9.4184645e-02   6.6287297e-01   1.1827408e-01   6.4823174e-01   2.1917835e-01   5.1642526e-01   2.7168369e-01   7.8161585e-01   1.0059877e-01   4.6883970e-01
  -2.7638171e-01  -9.7375227e-01   3.2121139e-01   8.2573361e-01   4.3670125e-01   1.0000000e+00   4.0359400e-01   9.3823838e-01   2.2972693e-01   8.9061488e-01   2.5945932e-01   8.9281086e-01   3.1397437e-01   7.6659084e-01   4.5134596e-01   1.0000000e+00   2.0659762e-01   7.6879322e-01
  -5.7493847e-01  -9.6984208e-01   4.7743397e-01   9.9714907e-01   6.3328337e-01   9.3900183e-01   5.2089641e-01   9.4244195e-01   3.9437486e-01   1.0000000e+00   4.3245452e-01   1.0000000e+00   4.3934619e-01   9.3244336e-01   6.5103709e-01   9.8679040e-01   3.5316220e-01   9.4770124e-01
  -8.1513084e-01  -6.0106438e-01   6.4825659e-01   1.0000000e+00   8.0480820e-01   7.5634227e-01   6.3707715e-01   9.2148694e-01   5.6768675e-01   9.9212871e-01   6.1255964e-01   9.7313960e-01   5.8197849e-01   1.0000000e+00   8.2795984e-01   7.7898921e-01   5.1921384e-01   1.0000000e+00
  -9.1218339e-01  -3.7185789e-02   8.0641485e-01   8.5099610e-01   9.3080348e-01   4.9057432e-01   7.4890398e-01   8.6975025e-01   7.3019812e-01   8.7697901e-01   7.7671748e-01   8.2644756e-01   7.2640988e-01   9.5513619e-01   9.5017677e-01   4.4450449e-01   6.8380385e-01   9.3229727e-01
  -8.3826007e-01   5.1734155e-01   9.2852943e-01   5.7823891e-01   9.9809514e-01   1.7558348e-01   8.5111805e-01   7.6118295e-01   8.6480098e-01   6.7157483e-01   9.0516134e-01   5.8179308e-01   8.5551523e-01   7.8971937e-01   1.0000000e+00   5.7955868e-02   8.2786676e-01   7.5965705e-01
  -6.2345188e-01   8.8902896e-01   9.9665375e-01   2.1818512e-01   1.0000000e+00  -1.5651727e-01   9.3472129e-01   5.6670331e-01   9.5781191e-01   3.9865601e-01   9.8267332e-01   2.6789354e-01   9.5179817e-01   5.0888216e-01   9.7432321e-01  -3.0914062e-01   9.3541864e-01   5.0366323e-01
  -3.4018064e-01   9.6695649e-01   1.0000000e+00  -1.7994642e-01   9.3675662e-01  -4.6769069e-01   9.8804597e-01   2.7501456e-01   1.0000000e+00   8.7287108e-02   1.0000000e+00  -7.7574570e-02   1.0000000e+00   1.3875662e-01   8.8363664e-01  -5.9049437e-01   9.9475799e-01   1.9378663e-01
  -8.1671030e-02   7.2629951e-01   9.3736922e-01  -5.5202373e-01   8.1707474e-01  -7.1187632e-01   1.0000000e+00  -9.1457072e-02   9.8782051e-01  -2.2527878e-01   9.5566767e-01  -4.0598435e-01   9.9055188e-01  -2.6847890e-01   7.5049416e-01  -7.3211857e-01   1.0000000e+00  -1.3012944e-01
   6.6588381e-02   2.4478618e-01   8.1905010e-01  -8.2888018e-01   6.5902700e-01  -8.4409936e-01   9.6458807e-01  -4.7430699e-01   9.2480742e-01  -4.9496066e-01   8.5771673e-01  -6.6219920e-01   9.2321980e-01  -6.3937358e-01   6.0567879e-01  -7.0746739e-01   9.5277921e-01  -4.1976583e-01
   5.5311662e-02  -3.1864994e-01   6.6608817e-01  -9.5569527e-01   4.8827366e-01  -8.3624011e-01   8.8453784e-01  -7.9581333e-01   8.2214432e-01  -6.7896244e-01   7.2378743e-01  -7.9778742e-01   8.0903031e-01  -8.9734005e-01   4.8145365e-01  -5.2905792e-01   8.6299064e-01  -6.2758046e-01
  -1.1239168e-01  -7.8139187e-01   5.0632071e-01  -9.0856875e-01   3.3338546e-01  -6.8819325e-01   7.7211106e-01  -9.8491129e-01   6.9743325e-01  -7.4747580e-01   5.7847397e-01  -7.8629819e-01   6.6901186e-01  -9.8585022e-01   4.0378731e-01  -2.4615080e-01   7.4760067e-01  -7.1922928e-01
  -3.8377772e-01  -1.0000000e+00   3.6852031e-01  -7.0064991e-01   2.1999211e-01  -4.2907044e-01   6.4676181e-01  -1.0000000e+00   5.7159131e-01  -6.9303578e-01   4.4840009e-01  -6.3269406e-01   5.2986539e-01  -8.8601942e-01   3.8648437e-01   6.9938241e-02   6.2754719e-01  -6.8320636e-01
  -6.7546495e-01  -9.1653556e-01   2.7629103e-01  -3.7815321e-01   1.6546954e-01  -1.1004790e-01   5.3052341e-01  -8.4199818e-01   4.6457367e-01  -5.3389597e-01   3.5631235e-01  -3.7379398e-01   4.1777421e-01  -6.2339085e-01   4.2873352e-01   3.4627306e-01   5.2342960e-01  -5.3478453e-01
  -9.0138163e-01  -5.7132314e-01   2.4357336e-01  -7.6820329e-03   1.7584386e-01   2.0845282e-01   4.4276498e-01  -5.5198726e-01   3.9133089e-01  -3.0907492e-01   3.1618297e-01  -6.8461897e-02   3.5239879e-01  -2.6031083e-01   5.1678406e-01   5.2658962e-01   4.5130455e-01  -3.1191693e-01
  -1.0000000e+00  -8.2214919e-02   2.7243322e-01   3.4040479e-01   2.4522761e-01   4.7086505e-01   3.9590837e-01  -1.9674258e-01   3.5900501e-01  -6.7378803e-02   3.3047079e-01   2.1847527e-01   3.4256652e-01   1.2203402e-01   6.2828445e-01   5.8145713e-01   4.1955802e-01  -6.4825169e-02
  -9.5057537e-01   4.0276356e-01   3.5382998e-01   6.0631133e-01   3.5802308e-01   6.3649698e-01   3.9348500e-01   1.5067620e-01   3.6640641e-01   1.4496499e-01   3.9065101e-01   4.3197762e-01   3.8518011e-01   4.4479165e-01   7.3781413e-01   5.0789834e-01   4.2798777e-01   1.5674192e-01
  -7.7500724e-01   7.4828130e-01   4.7009619e-01   7.4864115e-01   4.9229581e-01   6.8341699e-01   4.3034007e-01   4.2489500e-01   4.0523078e-01   2.9257450e-01   4.7986184e-01   5.3591715e-01   4.6674893e-01   6.4640905e-01   8.2153864e-01   3.2523875e-01   4.6873376e-01   3.1280615e-01
  -5.2928058e-01   8.6706932e-01   5.9857441e-01   7.5054820e-01   6.2382806e-01   6.1084260e-01   4.9425570e-01   5.8055156e-01   4.6244699e-01   3.5697098e-01   5.7689563e-01   5.1901973e-01   5.6676575e-01   6.9466000e-01   8.6158538e-01   7.3465535e-02   5.2853601e-01   3.8065737e-01
  -2.8505039e-01   7.4029898e-01   7.1612188e-01   6.2273118e-01   7.3043777e-01   4.3936410e-01   5.6918664e-01   6.0166745e-01   5.2356005e-01   3.3933291e-01   6.6096102e-01   3.9652903e-01   6.6265135e-01   5.9302907e-01   8.4972859e-01  -1.9067964e-01   5.9211276e-01   3.5881988e-01
  -1.0936980e-01   4.2094591e-01   8.0349793e-01   4.0169937e-01   7.9585956e-01   2.0804214e-01   6.3904223e-01   5.0521845e-01   5.7583128e-01   2.5960647e-01   7.1607192e-01   2.0718808e-01   7.3479291e-01   3.7997295e-01   7.8970771e-01  -4.0374733e-01   6.4563071e-01   2.6677703e-01
  -4.3939515e-02   1.6419751e-02   8.4940991e-01   1.4039108e-01   8.1304251e-01  -3.4182583e-02   6.9179448e-01   3.3504308e-01   6.1131959e-01   1.5020416e-01   7.3487036e-01   2.9672010e-03   7.7139359e-01   1.1805169e-01   6.9717431e-01  -5.1372811e-01   6.8007122e-01   1.3871154e-01
  -9.5827304e-02  -3.5016500e-01   8.5171488e-01  -1.0644308e-01   7.8458152e-01  -2.4052100e-01   7.2160651e-01   1.4556809e-01   6.2788502e-01   4.5414249e-02   7.1928823e-01  -1.6601829e-01   7.7024554e-01  -1.2542206e-01   5.9541535e-01  -4.9580740e-01   6.9253231e-01   1.2242476e-02
  -2.3775919e-01  -5.7754360e-01   8.1677452e-01  -2.9524027e-01   7.2138149e-01  -3.7678663e-01   7.2924782e-01  -1.4571705e-02   6.2877972e-01  -2.8319832e-02   6.7917537e-01  -2.6466558e-01   7.3826519e-01  -2.9644062e-01   5.0931110e-01  -3.5962131e-01   6.8603083e-01  -8.2066085e-02
  -4.1951256e-01  -6.1577482e-01   7.5669139e-01  -4.0246284e-01   6.3933855e-01  -4.2793577e-01   7.2045646e-01  -1.1579840e-01   6.2062962e-01  -5.8945156e-02   6.2870176e-01  -2.8090624e-01   6.8845282e-01  -3.6726094e-01   4.5867493e-01  -1.4506779e-01   6.6758560e-01  -1.2814222e-01
  -5.8530074e-01  -4.7632616e-01   6.8562660e-01  -4.2672820e-01   5.5530441e-01  -3.9885681e-01   7.0312723e-01  -1.5276801e-01   6.1075965e-01  -4.9916245e-02   5.8203100e-01  -2.2595890e-01   6.3564072e-01  -3.3995073e-01   4.5345596e-01   9.0725291e-02   6.4551133e-01  -1.2631540e-01
  -6.9058322e-01  -2.2132280e-01   6.1641550e-01  -3.8431401e-01   4.8353370e-01  -3.0985282e-01   6.8449543e-01  -1.4054823e-01   6.0484083e-01  -1.6282263e-02   5.4970082e-01  -1.2766909e-01   5.9251554e-01  -2.4072367e-01   4.9203706e-01   2.8980081e-01   6.2691560e-01  -8.9938832e-02
  -7.1388980e-01   6.0839541e-02   5.5822964e-01  -3.0065529e-01   4.3327197e-01  -1.8913802e-01   6.6913081e-01  -1.0492039e-01   6.0540963e-01   2.1941566e-02   5.3646222e-01  -2.0275737e-02   5.6681348e-01  -1.0879884e-01   5.6247959e-01   4.0800736e-01   6.1598686e-01  -3.8984787e-02
  -6.6029610e-01   2.8482706e-01   5.1581321e-01  -2.0126605e-01   4.0797642e-01  -6.4929520e-02   6.5831213e-01  -7.1038798e-02   6.1162415e-01   4.6729052e-02   5.4108645e-01   6.5920054e-02   5.6034283e-01   1.6241565e-02   6.4630341e-01   4.2399112e-01   6.1347794e-01   7.0149633e-03
  -5.5662839e-01   3.9187665e-01   4.9006573e-01  -1.0567684e-01   4.0597025e-01   4.0319012e-02   6.5069027e-01  -5.5215104e-02   6.2009031e-01   4.6975476e-02   5.5780776e-01   1.1164927e-01   5.6973716e-01   1.0428182e-01   7.2329070e-01   3.4131039e-01   6.1728063e-01   3.4205016e-02
  -4.4129710e-01   3.6412689e-01   4.7930522e-01  -2.4746923e-02   4.2195965e-01   1.1333786e-01   6.4366902e-01  -6.0872109e-02   6.2629992e-01   2.1082863e-02   5.7866786e-01   1.1217479e-01   5.8831571e-01   1.4081941e-01   7.7619016e-01   1.8561867e-01   6.2365437e-01   3.7390405e-02
  -3.5159578e-01   2.2631055e-01   4.8073451e-01   3.8927070e-02   4.4900027e-01   1.5088839e-01   6.3500880e-01  -7.9300514e-02   6.2628941e-01  -2.3257012e-02   5.9614301e-01   7.6681891e-02   6.0853207e-01   1.2841377e-01   7.9442684e-01  -2.3767969e-03   6.2874701e-01   2.0294842e-02
  -3.1241799e-01   3.4641509e-02   4.9164693e-01   8.8494109e-02   4.8039060e-01   1.5823602e-01   6.2406928e-01  -9.4568970e-02   6.1802855e-01  -7.1963356e-02   6.0532039e-01   2.3935659e-02   6.2428307e-01   8.3387200e-02   7.7615474e-01  -1.7679234e-01   6.2993592e-01  -6.7858328e-03
  -3.2973065e-01  -1.4379472e-01   5.1010412e-01   1.2917448e-01   5.1106693e-01   1.4566966e-01   6.1227028e-01  -9.0924275e-02   6.0213021e-01  -1.0945185e-01   6.0504054e-01  -2.4677965e-02   6.3245290e-01   2.8682520e-02   7.2819847e-01  -2.9760668e-01   6.2660410e-01  -3.1273546e-02
  -3.9081386e-01  -2.5322060e-01   5.3496525e-01   1.6472630e-01   5.3817287e-01   1.2427832e-01   6.0260572e-01  -5.9667191e-02   5.8164325e-01  -1.2374993e-01   5.9768989e-01  -5.2247601e-02   6.3324979e-01  -1.4436374e-02   6.6388969e-01  -3.3999210e-01   6.2011495e-01  -4.2921927e-02
  -4.7021732e-01  -2.6545208e-01   5.6541922e-01   1.9504204e-01   5.6083580e-01   1.0230991e-01   5.9848971e-01  -3.0791866e-03   5.6109123e-01  -1.1012870e-01   5.8790842e-01  -5.1274166e-02   6.2944490e-01  -3.2996662e-02   5.9948759e-01  -2.9963354e-01   6.1311244e-01  -3.7178180e-02
  -5.3916359e-01  -1.8609876e-01   6.0024320e-01   2.1543860e-01   5.7935612e-01   8.3074567e-02   6.0234928e-01   6.5720843e-02   5.4508035e-01  -7.2262499e-02   5.8069167e-01  -2.5179131e-02   6.2487943e-01  -2.5447225e-02   5.5001891e-01  -1.9269163e-01   6.0842377e-01  -1.6366794e-02
  -5.7486931e-01  -4.9160030e-02   6.3713516e-01   2.1801001e-01   5.9421143e-01   6.5082653e-02   6.1452666e-01   1.2694537e-01   5.3697761e-01  -2.0629193e-02   5.7960499e-01   1.3947444e-02   6.2285912e-01  -4.5475317e-04   5.2576993e-01  -5.0347121e-02   6.0799852e-01   1.1634822e-02
  -5.6744489e-01   9.6350392e-02   6.7237102e-01   1.9469130e-01   6.0523500e-01   4.4059488e-02   6.3279301e-01   1.6073557e-01   5.3797094e-01   3.0968444e-02   5.8555539e-01   5.0112670e-02   6.2489513e-01   2.7461547e-02   5.3003699e-01   9.0216107e-02   6.1217305e-01   3.6459320e-02
  -5.2158385e-01   2.0312129e-01   7.0113643e-01   1.4109261e-01   6.1139196e-01   1.6018815e-02   6.5282016e-01   1.5390076e-01   5.4690277e-01   6.9619400e-02   5.9665949e-01   6.9063645e-02   6.3032637e-01   4.3872235e-02   5.5904393e-01   1.9558778e-01   6.1960192e-01   4.8977661e-02
  -4.5399368e-01   2.3942582e-01   7.1841363e-01   5.9606242e-02   6.1110613e-01  -2.0094320e-02   6.6930722e-01   1.0456773e-01   5.6072656e-01   8.6817144e-02   6.0896810e-01   6.2800428e-02   6.3670663e-01   3.9525849e-02   6.0345618e-01   2.4394410e-01   6.2772190e-01   4.4295717e-02
  -3.8735393e-01   1.9754882e-01   7.2026189e-01  -3.9391643e-02   6.0301073e-01  -6.1047672e-02   6.7751314e-01   2.3544570e-02   5.7547371e-01   8.0575040e-02   6.1785317e-01   3.1999317e-02   6.4081986e-01   1.3444758e-02   6.5116745e-01   2.2941989e-01   6.3362461e-01   2.3335955e-02
  -3.4291664e-01   9.4613657e-02   7.0507539e-01  -1.3901892e-01   5.8678882e-01  -9.9776900e-02   6.7471181e-01  -6.8220456e-02   5.8741403e-01   5.5578177e-02   6.1957832e-01  -1.4338318e-02   6.3993447e-01  -2.6888884e-02   6.9050967e-01   1.6213931e-01   6.3503407e-01  -7.4766637e-03
  -3.3383551e-01  -3.4450881e-02   6.7439557e-01  -2.1989179e-01   5.6376880e-01  -1.2749174e-01   6.6113447e-01  -1.4569203e-01   5.9409570e-01   2.1300124e-02   6.1259415e-01  -6.1968796e-02   6.3289769e-01  -6.8319106e-02   7.1312511e-01   6.4034215e-02   6.3109574e-01  -3.8382019e-02
  -3.6187408e-01  -1.4883659e-01   6.3287403e-01  -2.6507536e-01   5.3696391e-01  -1.3646822e-01   6.3997681e-01  -1.8697579e-01   5.9486628e-01  -1.1134936e-02   5.9802496e-01  -9.5959279e-02   6.2059686e-01  -9.6550404e-02   7.1554304e-01  -3.7837499e-02   6.2264476e-01  -5.9411532e-02
  -4.1731263e-01  -2.1492269e-01   5.8750211e-01  -2.6466886e-01   5.1061981e-01  -1.2264058e-01   6.1663410e-01  -1.7989783e-01   5.9090514e-01  -3.2381143e-02   5.7942286e-01  -1.0538536e-01   6.0582031e-01  -1.0095623e-01   6.9958651e-01  -1.1862140e-01   6.1200607e-01  -6.3556150e-02
  -4.8286078e-01  -2.1593427e-01   5.4614022e-01  -2.1834639e-01   4.8928875e-01  -8.7047766e-02   5.9720400e-01  -1.2535753e-01   5.8464550e-01  -3.7413330e-02   5.6168078e-01  -8.6500215e-02   5.9241053e-01  -7.7953764e-02   6.7123982e-01  -1.6148791e-01   6.0227200e-01  -4.8830540e-02
  -5.3931254e-01  -1.5561783e-01   5.1586499e-01  -1.3543511e-01   4.7678676e-01  -3.5828602e-02   5.8685308e-01  -3.6917251e-02   5.7892577e-01  -2.6541704e-02   5.4962871e-01  -4.3620255e-02   5.8413527e-01  -3.2039272e-02   6.3872770e-01  -1.6074411e-01   5.9639676e-01  -1.8745729e-02
  -5.7118361e-01  -5.5310964e-02   5.0155128e-01  -3.2619084e-02   4.7532140e-01   2.1169459e-02   5.8850225e-01   6.3105891e-02   5.7612851e-01  -4.7557392e-03   5.4672175e-01   1.2382072e-02   5.8361757e-01   2.5670459e-02   6.1032741e-01  -1.2174882e-01   5.9637326e-01   1.8853869e-02
  -5.7123965e-01   5.3568790e-02   5.0484623e-01   6.9906676e-02   4.8490640e-01   7.2683325e-02   6.0200119e-01   1.4968070e-01   5.7746693e-01   2.0072491e-02   5.5403703e-01   6.7198107e-02   5.9151578e-01   8.0601632e-02   5.9229002e-01  -5.8470282e-02   6.0262678e-01   5.4041182e-02
  -5.4166399e-01   1.3985641e-01   5.2404627e-01   1.5299079e-01   5.0340406e-01   1.0871302e-01   6.2429795e-01   2.0165142e-01   5.8274931e-01   3.9750819e-02   5.7009057e-01   1.0712305e-01   6.0638201e-01   1.1890281e-01   5.8766354e-01   1.1095484e-02   6.1394983e-01   7.7622330e-02
  -4.9275726e-01   1.8128628e-01   5.5458038e-01   2.0241273e-01   5.2698712e-01   1.2273085e-01   6.5021843e-01   2.0681267e-01   5.9050746e-01   4.8008283e-02   5.9123966e-01   1.2248440e-01   6.2501494e-01   1.3099918e-01   5.9592634e-01   6.9521757e-02   6.2781271e-01   8.3472537e-02
  -4.3936248e-01   1.7017648e-01   5.9009333e-01   2.1161002e-01   5.5099297e-01   1.1309970e-01   6.7378285e-01   1.6472115e-01   5.9848058e-01   4.2132887e-02   6.1264396e-01   1.0998861e-01   6.4328068e-01   1.1402002e-01   6.1352108e-01   1.0407575e-01   6.4102412e-01   7.0059929e-02
  -3.9626033e-01   1.1450668e-01   6.2384278e-01   1.8260459e-01   5.7094852e-01   8.3309307e-02   6.8968995e-01   8.6481209e-02   6.0429422e-01   2.3548537e-02   6.2950091e-01   7.3340080e-02   6.5716083e-01   7.2395088e-02   6.3506153e-01   1.0932608e-01   6.5054860e-01   4.0729305e-02
  -3.7390412e-01   3.4104398e-02   6.5010300e-01   1.2485302e-01   5.8352589e-01   4.0898793e-02   6.9459617e-01  -8.5906033e-03   6.0614570e-01  -2.8457044e-03   6.3823799e-01   2.1913052e-02   6.6375365e-01   1.6377222e-02   6.5488805e-01   8.7625931e-02   6.5426907e-01   2.6211317e-03
  -3.7600744e-01  -4.6166584e-02   6.6516513e-01   5.2539587e-02   5.8713705e-01  -4.5083482e-03   6.8778584e-01  -9.8128881e-02   6.0325664e-01  -3.0234361e-02   6.3727165e-01  -3.1928430e-02   6.6189429e-01  -4.0855702e-02   6.6843538e-01   4.7569426e-02   6.5144406e-01  -3.5313199e-02
  -3.9906813e-01  -1.0416200e-01   6.6788285e-01  -1.8972404e-02   5.8214617e-01  -4.3568675e-02   6.7123258e-01  -1.6248289e-01   5.9605611e-01  -5.1863082e-02   6.2728971e-01  -7.6123550e-02   6.5235890e-01  -8.6713565e-02   6.7323994e-01   1.1296848e-03   6.4283922e-01  -6.4672834e-02
  -4.3425158e-01  -1.2663409e-01   6.5954892e-01  -7.6595287e-02   5.7057497e-01  -6.9317351e-02   6.4892489e-01  -1.8934490e-01   5.8599510e-01  -6.2835603e-02   6.1089505e-01  -1.0186119e-01   6.3752203e-01  -1.1227107e-01   6.6924737e-01  -3.9800529e-02   6.3043743e-01  -7.9646975e-02
  -4.7048813e-01  -1.1186934e-01   6.4329276e-01  -1.1186793e-01   5.5548918e-01  -7.8399790e-02   6.2579810e-01  -1.7594504e-01   5.7512607e-01  -6.1148538e-02   5.9184664e-01  -1.0528593e-01   6.2068080e-01  -1.1396840e-01   6.5849187e-01  -6.6227923e-02   6.1689699e-01  -7.8123361e-02
  -4.9779960e-01  -6.8954294e-02   6.2321347e-01  -1.2201402e-01   5.4024455e-01  -7.1380873e-02   6.0655683e-01  -1.2885536e-01   5.6558500e-01  -4.7913659e-02   5.7412949e-01  -8.7887857e-02   6.0524958e-01  -9.3883321e-02   6.4435694e-01  -7.3825002e-02   6.0491459e-01  -6.1835983e-02
