   1.5905407e-02   4.8312287e-01   1.7504173e-01   5.5177914e-01   8.5729239e-02   6.3537779e-01   1.2755040e-01   6.4492754e-01   6.3992872e-02   5.1689320e-01   8.5834471e-02   1.2149509e-01   4.6781546e-02   7.5263844e-01   1.1520308e-01   4.7728281e-01   1.1447846e-01   2.0248555e-01
   4.3726512e-02  -2.8556024e-01   3.0483824e-01   8.6462022e-01   2.4442958e-01   9.0560513e-01   2.3568258e-01   8.7809170e-01   1.7537787e-01   8.0989256e-01   1.3622224e-01   4.7524681e-01   2.3587451e-01   9.7554290e-01   2.6600342e-01   8.5353366e-01   1.7810284e-01   6.0189568e-01
  -1.3649669e-01  -8.3551574e-01   4.7514222e-01   1.0000000e+00   4.4005536e-01   1.0000000e+00   3.6715045e-01   9.8463160e-01   3.2384241e-01   9.6697812e-01   2.3933005e-01   7.5314762e-01   4.5088904e-01   1.0000000e+00   4.7509824e-01   1.0000000e+00   2.9321810e-01   8.6809076e-01
  -4.2862340e-01  -1.0000000e+00   6.5385518e-01   9.6194854e-01   6.3786916e-01   9.3221416e-01   5.0674338e-01   1.0000000e+00   4.8774862e-01   1.0000000e+00   3.8073651e-01   9.3368116e-01   6.5389645e-01   8.7333287e-01   6.9061099e-01   9.1688669e-01   4.3873596e-01   9.9707888e-01
  -7.0883291e-01  -7.6985478e-01   8.1261596e-01   7.8534437e-01   8.0878569e-01   7.4164598e-01   6.4378867e-01   9.5134740e-01   6.4825620e-01   9.2944363e-01   5.4281279e-01   1.0000000e+00   8.1899573e-01   6.5647567e-01   8.6706545e-01   6.5833286e-01   5.9421788e-01   1.0000000e+00
  -8.7402100e-01  -2.7936679e-01   9.3063510e-01   5.1615882e-01   9.3264461e-01   4.7404065e-01   7.7019000e-01   8.4787584e-01   7.9005089e-01   7.7671048e-01   7.0566538e-01   9.4214833e-01   9.3288547e-01   4.0351323e-01   9.7433532e-01   3.0391276e-01   7.4158413e-01   8.9512355e-01
  -8.7361484e-01   2.7550275e-01   9.9509839e-01   1.9561730e-01   9.9791532e-01   1.6777202e-01   8.7800540e-01   6.8324891e-01   9.0122065e-01   5.6143800e-01   8.4855483e-01   7.6033556e-01   9.9221011e-01   1.5235189e-01   1.0000000e+00  -6.8430535e-02   8.6574438e-01   7.0224857e-01
  -7.1724252e-01   7.1156466e-01   1.0000000e+00  -1.4075378e-01   1.0000000e+00  -1.4584186e-01   9.5792239e-01   4.4782340e-01   9.7300483e-01   3.0281898e-01   9.5188740e-01   4.6923911e-01   1.0000000e+00  -7.4345982e-02   9.4767133e-01  -3.9253097e-01   9.5470185e-01   4.4228710e-01
  -4.6326996e-01   8.9540716e-01   9.4579914e-01  -4.5518317e-01   9.4059513e-01  -4.3454949e-01   1.0000000e+00   1.4405057e-01   1.0000000e+00   2.2784648e-02   1.0000000e+00   1.0172168e-01   9.6306327e-01  -2.6284779e-01   8.3422859e-01  -6.1385597e-01   1.0000000e+00   1.4085123e-01
  -2.0010872e-01   7.6906483e-01   8.4033354e-01  -7.0339964e-01   8.2847182e-01  -6.6054047e-01   9.9621899e-01  -2.0165057e-01   9.8087855e-01  -2.5074514e-01   9.8432647e-01  -2.8936457e-01   8.9077249e-01  -4.0229706e-01   6.8701334e-01  -6.9361683e-01   9.9777068e-01  -1.6761475e-01
  -1.9416391e-02   3.7521874e-01   6.9956405e-01  -8.4166200e-01   6.8027706e-01  -7.8568013e-01   9.4407925e-01  -5.3695771e-01   9.1947847e-01  -4.8324940e-01   9.0645124e-01  -6.3569304e-01   7.9481747e-01  -4.8192376e-01   5.3926601e-01  -6.2017900e-01   9.5016844e-01  -4.3980336e-01
   1.6206034e-02  -1.5029314e-01   5.4611071e-01  -8.4183923e-01   5.1928089e-01  -7.8463709e-01   8.4960218e-01  -7.9681791e-01   8.2555673e-01  -6.3948232e-01   7.7968416e-01  -8.6852409e-01   6.8898880e-01  -4.9344097e-01   4.2276330e-01  -4.1713066e-01   8.6628815e-01  -6.3146144e-01
  -1.0679500e-01  -6.2995677e-01   4.0533592e-01  -7.0279436e-01   3.7160829e-01  -6.5581255e-01   7.2746729e-01  -9.2503596e-01   7.1402271e-01  -6.9364159e-01   6.2733848e-01  -9.3824891e-01   5.8813779e-01  -4.3619348e-01   3.6064471e-01  -1.3834177e-01   7.6129402e-01  -7.0967984e-01
  -3.4916367e-01  -9.0777114e-01   3.0023480e-01  -4.5158255e-01   2.6106844e-01  -4.2347680e-01   5.9852167e-01  -8.9236077e-01   6.0264141e-01  -6.3828627e-01   4.7827704e-01  -8.2993594e-01   5.0616005e-01  -3.2000385e-01   3.6219051e-01   1.4779673e-01   6.5389588e-01  -6.6290500e-01
  -6.3407814e-01  -9.0162301e-01   2.4684172e-01  -1.3663039e-01   2.0433733e-01  -1.3215412e-01   4.8515695e-01  -7.0650389e-01   5.0854909e-01  -4.8841599e-01   3.6042347e-01  -5.6953037e-01   4.5366999e-01  -1.6530362e-01   4.2174111e-01   3.7780824e-01   5.6257623e-01  -5.0562275e-01
  -8.7432615e-01  -6.2573004e-01   2.5143807e-01   1.8401677e-01   2.0793553e-01   1.6417478e-01   4.0614066e-01  -4.1010390e-01   4.4472024e-01  -2.7830569e-01   2.9436439e-01  -2.1740160e-01   4.3602746e-01   1.4248501e-04   5.2168346e-01   5.0851203e-01   5.0171476e-01  -2.7536599e-01
  -1.0000000e+00  -1.7784938e-01   3.1000410e-01   4.5521722e-01   2.6758173e-01   4.1411368e-01   3.7262469e-01  -6.8210356e-02   4.1754620e-01  -5.2376093e-02   2.8902296e-01   1.4807987e-01   4.5240533e-01   1.4718822e-01   6.3769173e-01   5.2274662e-01   4.7879053e-01  -2.3074561e-02
  -9.8018232e-01   3.0074858e-01   4.0957015e-01   6.3472310e-01   3.6964649e-01   5.7867880e-01   3.8592587e-01   2.4907637e-01   4.2591964e-01   1.4615313e-01   3.4003925e-01   4.5106318e-01   4.9609576e-01   2.5164580e-01   7.4443241e-01   4.2696636e-01   4.9308760e-01   1.9982009e-01
  -8.2668695e-01   6.7203998e-01   5.3112999e-01   6.9726169e-01   4.9430564e-01   6.3526321e-01   4.3826971e-01   4.8124601e-01   4.6240849e-01   2.8360413e-01   4.3198656e-01   6.3360770e-01   5.5616013e-01   2.9813086e-01   8.1985544e-01   2.4451869e-01   5.3673936e-01   3.5174557e-01
  -5.8929532e-01   8.3701985e-01   6.5289173e-01   6.3816384e-01   6.1901939e-01   5.8042743e-01   5.1466018e-01   5.8912577e-01   5.1515371e-01   3.4173699e-01   5.4198307e-01   6.6691185e-01   6.1949919e-01   2.8265965e-01   8.4881625e-01   1.3661354e-02   5.9667357e-01   4.0904497e-01
  -3.3836861e-01   7.6022471e-01   7.5426394e-01   4.7500352e-01   7.2261516e-01   4.3063210e-01   5.9671784e-01   5.6338055e-01   5.7084816e-01   3.2090457e-01   6.4528399e-01   5.5655719e-01   6.7356014e-01   2.1405705e-01   8.2598194e-01  -2.1577636e-01   6.5793216e-01   3.7059681e-01
  -1.4424303e-01   4.7781597e-01   8.1967471e-01   2.4565945e-01   7.8909218e-01   2.2021217e-01   6.6700887e-01   4.2697893e-01   6.1776640e-01   2.3978986e-01   7.2083220e-01   3.4103421e-01   7.0898019e-01   1.1302642e-01   7.5755411e-01  -3.9067458e-01   7.0713821e-01   2.5789322e-01
  -5.6712302e-02   8.5903380e-02   8.4159181e-01   7.2107660e-05   8.1062355e-01  -5.7053540e-03   7.1318192e-01   2.2847819e-01   6.4842349e-01   1.3012098e-01   7.5599681e-01   8.1618769e-02   7.2168890e-01   7.2263696e-03   6.6060760e-01  -4.6895966e-01   7.3558337e-01   1.0887428e-01
  -9.0416525e-02  -2.9385502e-01   8.2163955e-01  -2.1315992e-01   7.8872914e-01  -2.0276628e-01   7.3067366e-01   2.5660753e-02   6.6103309e-01   2.6237243e-02   7.4910814e-01  -1.5601513e-01   7.1360607e-01  -7.7254620e-02   5.5885786e-01  -4.3375664e-01   7.4100507e-01  -3.4327735e-02
  -2.2441075e-01  -5.5298191e-01   7.6910154e-01  -3.5796166e-01   7.3286547e-01  -3.3733765e-01   7.2252253e-01  -1.3134315e-01   6.5891789e-01  -4.4778421e-02   7.0840231e-01  -3.1896405e-01   6.9135090e-01  -1.2304306e-01   4.7649662e-01  -2.9792435e-01   7.2709849e-01  -1.3715260e-01
  -4.1055122e-01  -6.2857570e-01   6.9807020e-01  -4.1808534e-01   6.5763105e-01  -3.9332771e-01   6.9748203e-01  -2.1329441e-01   6.4878114e-01  -7.0266738e-02   6.4896036e-01  -3.7985002e-01   6.6393922e-01  -1.2580815e-01   4.3190243e-01  -9.9716685e-02   7.0175235e-01  -1.8127958e-01
  -5.9067263e-01  -5.1872302e-01   6.2364288e-01  -3.9816631e-01   5.7893520e-01  -3.7355801e-01   6.6656763e-01  -2.1706202e-01   6.3806053e-01  -5.3719429e-02   5.8793759e-01  -3.4081241e-01   6.3988852e-01  -9.4054358e-02   4.3326681e-01   1.0937830e-01   6.7420932e-01  -1.6729401e-01
  -7.1499446e-01  -2.7654872e-01   5.5850427e-01  -3.1897830e-01   5.1046393e-01  -2.9597897e-01   6.3955482e-01  -1.6189975e-01   6.3248908e-01  -1.1129248e-02   5.3994027e-01  -2.2861918e-01   6.2485596e-01  -4.4831663e-02   4.7730295e-01   2.7936170e-01   6.5233132e-01  -1.1129453e-01
  -7.5545935e-01   1.2454180e-02   5.1080988e-01  -2.0913392e-01   4.6136885e-01  -1.8664721e-01   6.2256936e-01  -7.9478309e-02   6.3462693e-01   3.5922359e-02   5.1387888e-01  -8.3816365e-02   6.2052713e-01   2.6580345e-03   5.5103526e-01   3.7376991e-01   6.4079349e-01  -3.7607383e-02
  -7.1172122e-01   2.5915684e-01   4.8348639e-01  -9.6471071e-02   4.3531441e-01  -7.2229141e-02   6.1707836e-01  -2.3753061e-03   6.4348960e-01   6.7535324e-02   5.1160565e-01   5.1685930e-02   6.2476547e-01   3.3129832e-02   6.3559887e-01   3.7673654e-01   6.4037742e-01   2.9267034e-02
  -6.0782270e-01   3.9676236e-01   4.7503674e-01  -1.7680523e-03   4.3103838e-01   2.5845490e-02   6.2052018e-01   4.5416205e-02   6.5535831e-01   7.1050830e-02   5.2868351e-01   1.4524151e-01   6.3296540e-01   3.9135814e-02   7.1106009e-01   2.9395609e-01   6.4852275e-01   7.1218813e-02
  -4.8260919e-01   3.9726340e-01   4.8111059e-01   6.4235993e-02   4.4377610e-01   9.4704330e-02   6.2792073e-01   5.3900911e-02   6.6524028e-01   4.3947216e-02   5.5652402e-01   1.8019399e-01   6.3989849e-01   2.2325190e-02   7.6085741e-01   1.4959150e-01   6.6063469e-01   8.0356986e-02
  -3.7675725e-01   2.7641166e-01   4.9635705e-01   1.0092517e-01   4.6712884e-01   1.3101742e-01   6.3398019e-01   2.8199118e-02   6.6859625e-01  -5.9899571e-03   5.8529899e-01   1.5821518e-01   6.4157879e-01  -7.7896038e-03   7.7527531e-01  -1.9789342e-02   6.7177059e-01   5.9939256e-02
  -3.2034837e-01   8.5283496e-02   5.1605044e-01   1.1532428e-01   4.9488656e-01   1.3960108e-01   6.3498514e-01  -1.4997270e-02   6.6284437e-01  -6.3485972e-02   6.0681540e-01   9.6542436e-02   6.3659531e-01  -3.7421929e-02   7.5327476e-01  -1.7364819e-01   6.7821715e-01   2.2058115e-02
  -3.2471500e-01  -1.0848616e-01   5.3711344e-01   1.1801055e-01   5.2237423e-01   1.3019640e-01   6.2997001e-01  -5.4375679e-02   6.4820233e-01  -1.1084012e-01   6.1657054e-01   2.1065202e-02   6.2651653e-01  -5.3420184e-02   7.0233911e-01  -2.7692260e-01   6.7850707e-01  -1.7164356e-02
  -3.8078980e-01  -2.4346329e-01   5.5835384e-01   1.1860280e-01   5.4704626e-01   1.1336349e-01   6.2080576e-01  -7.2049099e-02   6.2761424e-01  -1.3369618e-01   6.1447210e-01  -4.2559665e-02   6.1523875e-01  -4.7921167e-02   6.3629791e-01  -3.0840175e-01   6.7360340e-01  -4.3337250e-02
  -4.6412747e-01  -2.8297873e-01   5.7994353e-01   1.2225703e-01   5.6825509e-01   9.6855748e-02   6.1124151e-01  -5.9726511e-02   6.0579628e-01  -1.2543277e-01   6.0410516e-01  -7.6623536e-02   6.0751378e-01  -2.1015321e-02   5.7165720e-01  -2.6545125e-01   6.6624006e-01  -4.8424029e-02
  -5.4415280e-01  -2.2425765e-01   6.0244137e-01   1.2805154e-01   5.8644080e-01   8.3485623e-02   6.0534531e-01  -2.1163369e-02   5.8777877e-01  -8.8875558e-02   5.9100370e-01  -7.5710218e-02   6.0719945e-01   1.9323347e-02   5.2341470e-01  -1.6384243e-01   6.5974430e-01  -3.2857576e-02
  -5.9444474e-01  -9.5641313e-02   6.2573707e-01   1.2983096e-01   6.0209564e-01   7.1177732e-02   6.0590976e-01   2.9870739e-02   5.7742376e-01  -3.4840852e-02   5.8055697e-01  -4.6533333e-02   6.1582698e-01   6.0032347e-02   5.0148910e-01  -3.2544768e-02   6.5676770e-01  -4.5237962e-03
  -6.0049388e-01   5.5461318e-02   6.4835871e-01   1.1908580e-01   6.1496311e-01   5.4957223e-02   6.1341329e-01   7.4888753e-02   5.7640814e-01   2.1597011e-02   5.7630045e-01  -4.0814714e-03   6.3197436e-01   8.7284364e-02   5.0871819e-01   9.4504176e-02   6.5838984e-01   2.4622852e-02
  -5.6327784e-01   1.7897862e-01   6.6737445e-01   8.8921507e-02   6.2373069e-01   3.0024914e-02   6.2578579e-01   9.7277121e-02   5.8387328e-01   6.5767389e-02   5.7897037e-01   3.4197289e-02   6.5156327e-01   9.0985788e-02   5.4068781e-01   1.8732419e-01   6.6380211e-01   4.2978472e-02
  -4.9745750e-01   2.3757061e-01   6.7904350e-01   3.7614958e-02   6.2639274e-01  -5.3455493e-03   6.3911646e-01   8.7915521e-02   5.9687401e-01   8.7528822e-02   5.8662740e-01   5.4243429e-02   6.6906602e-01   6.7972358e-02   5.8749516e-01   2.2689033e-01   6.7070266e-01   4.3221080e-02
  -4.2581572e-01   2.1668225e-01   6.7993194e-01  -2.9580681e-02   6.2105237e-01  -4.8236837e-02   6.4893489e-01   4.8151974e-02   6.1135119e-01   8.3777285e-02   5.9558260e-01   4.9499497e-02   6.7913721e-01   2.3115540e-02   6.3661514e-01   2.0878783e-01   6.7614964e-01   2.4577417e-02
  -3.7160001e-01   1.2738498e-01   6.6815533e-01  -1.0105689e-01   6.0687027e-01  -9.1353076e-02   6.5169737e-01  -1.0561222e-02   6.2336431e-01   5.8858427e-02   6.0181581e-01   2.2453874e-02   6.7825472e-01  -3.1927737e-02   6.7619364e-01   1.4300947e-01   6.7761420e-01  -7.0612541e-03
  -3.5150679e-01   1.2732671e-03   6.4425174e-01  -1.6175050e-01   5.8474415e-01  -1.2501664e-01   6.4593441e-01  -7.0262364e-02   6.3016320e-01   2.2788971e-02   6.0235036e-01  -1.6794968e-02   6.6580314e-01  -8.1987150e-02   6.9777310e-01   5.0189436e-02   6.7384229e-01  -4.1179518e-02
  -3.7043425e-01  -1.2067476e-01   6.1150789e-01  -1.9745628e-01   5.5755528e-01  -1.4020857e-01   6.3287398e-01  -1.1226852e-01   6.3094416e-01  -1.2143821e-02   5.9633367e-01  -5.4256109e-02   6.4445865e-01  -1.1294607e-01   6.9819880e-01  -4.4595787e-02   6.6538035e-01  -6.6179719e-02
  -4.2125496e-01  -2.0154520e-01   5.7534007e-01  -1.9885575e-01   5.2966488e-01  -1.3143954e-01   6.1601654e-01  -1.2296430e-01   6.2681410e-01  -3.5224209e-02   5.8517659e-01  -7.6870968e-02   6.1939206e-01  -1.1577390e-01   6.7963629e-01  -1.1842756e-01   6.5436902e-01  -7.3129904e-02
  -4.8752039e-01  -2.1938985e-01   5.4219625e-01  -1.6419838e-01   5.0602817e-01  -9.8601094e-02   6.0017178e-01  -9.7900661e-02   6.2031261e-01  -4.0340253e-02   5.7210415e-01  -7.6562062e-02   5.9692878e-01  -8.9116669e-02   6.4859087e-01  -1.5589573e-01   6.4394332e-01  -5.8527604e-02
  -5.4910973e-01  -1.7270760e-01   5.1810709e-01  -9.9868258e-02   4.9104482e-01  -4.7268176e-02   5.9004982e-01  -4.2980687e-02   6.1450214e-01  -2.7389782e-02   5.6109940e-01  -5.2503898e-02   5.8282736e-01  -3.9541830e-02   6.1385690e-01  -1.5200299e-01   6.3728734e-01  -2.5294619e-02
  -5.8860233e-01  -7.9307205e-02   5.0730385e-01  -1.8843336e-02   4.8748812e-01   1.2546208e-02   5.8888228e-01   2.7403275e-02   6.1197129e-01  -1.8214614e-03   5.5565154e-01  -1.1074861e-02   5.8072154e-01   2.0437621e-02   5.8411538e-01  -1.1227382e-01   6.3667343e-01   1.8164008e-02
  -5.9603595e-01   3.0811980e-02   5.1134765e-01   6.2477655e-02   4.9587554e-01   6.8804226e-02   5.9756087e-01   9.4638484e-02   6.1410345e-01   2.7450208e-02   5.5775927e-01   3.6416420e-02   5.9126233e-01   7.5884750e-02   5.6592190e-01  -5.0151446e-02   6.4282886e-01   6.0498410e-02
  -5.7135265e-01   1.2498540e-01   5.2881182e-01   1.2801212e-01   5.1430929e-01   1.1022581e-01   6.1436102e-01   1.4093952e-01   6.2070342e-01   5.0768267e-02   5.6735305e-01   7.7025667e-02   6.1196837e-01   1.1330517e-01   5.6233521e-01   1.6953564e-02   6.5469429e-01   9.0522312e-02
  -5.2364388e-01   1.7790069e-01   5.5568712e-01   1.6569356e-01   5.3891782e-01   1.2897277e-01   6.3541949e-01   1.5423890e-01   6.3011701e-01   6.0608948e-02   5.8233416e-01   9.9932856e-02   6.3794054e-01   1.2411953e-01   5.7254881e-01   7.2405640e-02   6.6969987e-01   1.0032372e-01
  -4.6770719e-01   1.7798760e-01   5.8635713e-01   1.6986630e-01   5.6474764e-01   1.2228191e-01   6.5577671e-01   1.3106731e-01   6.3977291e-01   5.3502612e-02   5.9919676e-01   9.9194881e-02   6.6315513e-01   1.0649031e-01   5.9255532e-01   1.0415668e-01   6.8444819e-01   8.7190159e-02
  -4.1948465e-01   1.2966727e-01   6.1483694e-01   1.4224352e-01   5.8684150e-01   9.2963723e-02   6.7063197e-01   7.7282179e-02   6.4691821e-01   3.0838631e-02   6.1395316e-01   7.5155681e-02   6.8193623e-01   6.5541560e-02   6.1642289e-01   1.0719018e-01   6.9556439e-01   5.4221972e-02
  -3.9130630e-01   5.0933462e-02   6.3608202e-01   9.1149423e-02   6.0132901e-01   4.8575406e-02   6.7658593e-01   6.3460615e-03   6.4941172e-01  -1.6623814e-03   6.2319593e-01   3.4165520e-02   6.9035228e-01   1.1829128e-02   6.3796866e-01   8.4122104e-02   7.0056209e-01   9.4258312e-03
  -3.8883665e-01  -3.3405654e-02   6.4693755e-01   2.9023167e-02   6.0615602e-01  -6.8309446e-04   6.7240175e-01  -6.4641924e-02   6.4627591e-01  -3.5825872e-02   6.2491388e-01  -1.3558091e-02   6.8702103e-01  -4.1690743e-02   6.5227694e-01   4.3534326e-02   6.9840394e-01  -3.6644370e-02
  -4.0991005e-01  -9.9245940e-02   6.4666049e-01  -3.0590954e-02   6.0142378e-01  -4.4388429e-02   6.5926925e-01  -1.1933579e-01   6.3795336e-01  -6.3254662e-02   6.1894811e-01  -5.6671383e-02   6.7334976e-01  -8.2905507e-02   6.5677404e-01  -2.6474045e-03   6.8972909e-01  -7.3571457e-02
  -4.4614436e-01  -1.3057579e-01   6.3677296e-01  -7.6368691e-02   5.8912927e-01  -7.4421949e-02   6.4032673e-01  -1.4646116e-01   6.2611143e-01  -7.7706915e-02   6.0688160e-01  -8.5866388e-02   6.5293794e-01  -1.0362816e-01   6.5155516e-01  -4.2744674e-02   6.7657613e-01  -9.3816651e-02
  -4.8594604e-01  -1.2275637e-01   6.2046754e-01  -1.0124812e-01   5.7254857e-01  -8.6403141e-02   6.1980252e-01  -1.4193088e-01   6.1317403e-01  -7.6383441e-02   5.9152856e-01  -9.5785407e-02   6.3058193e-01  -1.0105112e-01   6.3900079e-01  -6.7953345e-02   6.6182540e-01  -9.4153921e-02
  -5.1809961e-01  -8.2838260e-02   6.0174357e-01  -1.0348928e-01   5.5541332e-01  -8.0296652e-02   6.0196257e-01  -1.0932224e-01   6.0170969e-01  -6.0391758e-02   5.7619817e-01  -8.5973316e-02   6.1107646e-01  -7.7998000e-02   6.2295397e-01  -7.4170468e-02   6.4849113e-01  -7.6124422e-02
