   1.7110769e-01   1.8066176e-01   4.3047984e-02   6.2762837e-01   1.8213175e-01   1.9383893e-01   6.7210971e-02   1.0391129e-01   1.1173406e-01   6.1936334e-01   1.3390972e-01   8.1231351e-01   9.5057295e-02   3.5947625e-01   2.8245073e-02   6.1477731e-01   1.0062694e-01   5.2787138e-01
   1.0523457e-01  -5.2687104e-01   2.1496126e-01   9.1086162e-01   2.5066186e-01   6.2510247e-01   1.1247209e-01   4.3514541e-01   2.2985515e-01   8.7959533e-01   2.9859100e-01   9.9139855e-01   1.8462282e-01   6.9569057e-01   2.2741018e-01   9.2565700e-01   2.1041842e-01   8.1865360e-01
  -1.6777380e-01  -9.6277820e-01   4.2768109e-01   1.0000000e+00   3.7680803e-01   8.9743459e-01   2.0789966e-01   7.0755334e-01   3.7703022e-01   9.9781638e-01   4.7941719e-01   1.0000000e+00   3.2030524e-01   9.1069655e-01   4.7546209e-01   1.0000000e+00   3.5572048e-01   9.7165875e-01
  -5.2561011e-01  -1.0000000e+00   6.4008470e-01   9.1446492e-01   5.3335674e-01   1.0000000e+00   3.4223155e-01   9.0243942e-01   5.3316404e-01   1.0000000e+00   6.5036625e-01   8.9056209e-01   4.8133587e-01   1.0000000e+00   7.1386725e-01   8.5752553e-01   5.1528997e-01   1.0000000e+00
  -8.2901477e-01  -6.7275247e-01   8.1898040e-01   7.0324138e-01   6.9387431e-01   9.5082230e-01   5.0102245e-01   1.0000000e+00   6.8238657e-01   9.1253182e-01   7.9492816e-01   7.1300949e-01   6.4707360e-01   9.6837566e-01   8.9580953e-01   5.6618163e-01   6.7087331e-01   9.2574627e-01
  -9.7540582e-01  -1.4122189e-01   9.4274268e-01   4.1871440e-01   8.3604675e-01   7.7933680e-01   6.6659452e-01   9.8159510e-01   8.1240759e-01   7.5478158e-01   9.0414673e-01   5.0034419e-01   7.9803851e-01   8.2441608e-01   9.9394965e-01   2.0628775e-01   8.0774305e-01   7.6945279e-01
  -9.2722124e-01   4.0270594e-01   1.0000000e+00   1.0164085e-01   9.4231295e-01   5.1378929e-01   8.1865582e-01   8.3576455e-01   9.1344200e-01   5.4072922e-01   9.7335226e-01   2.6894446e-01   9.1646489e-01   5.8076475e-01   1.0000000e+00  -1.5339883e-01   9.1405669e-01   5.4703805e-01
  -7.0977560e-01   7.9438262e-01   9.8727932e-01  -2.1500318e-01   9.9959215e-01   1.8211923e-01   9.3611085e-01   5.6498389e-01   9.7778454e-01   2.8350497e-01   1.0000000e+00   2.6752854e-02   9.8730090e-01   2.5795312e-01   9.2131536e-01  -4.5614248e-01   9.8038676e-01   2.7321063e-01
  -3.9902945e-01   9.1947971e-01   9.0849532e-01  -4.9501642e-01   1.0000000e+00  -1.7771548e-01   1.0000000e+00   1.9472765e-01   1.0000000e+00   9.0955205e-04   9.8290069e-01  -2.1614349e-01   1.0000000e+00  -1.0908611e-01   7.7871497e-01  -6.5230530e-01   1.0000000e+00  -3.1311694e-02
  -9.8200294e-02   7.3885227e-01   7.7629652e-01  -6.9555036e-01   9.4318681e-01  -5.1130594e-01   9.9797238e-01  -2.2114288e-01   9.7819580e-01  -2.7891519e-01   9.2367178e-01  -4.3817269e-01   9.5140376e-01  -4.6710410e-01   6.0417286e-01  -7.0470386e-01   9.7045153e-01  -3.3358138e-01
   9.2396726e-02   3.1285557e-01   6.1255543e-01  -7.7783592e-01   8.3851426e-01  -7.5573376e-01   9.2856957e-01  -6.0581053e-01   9.1569421e-01  -5.1701853e-01   8.2892818e-01  -6.0570398e-01   8.4839793e-01  -7.5011463e-01   4.3591181e-01  -6.0422664e-01   8.9552795e-01  -5.8928987e-01
   1.1048095e-01  -2.1130172e-01   4.4566585e-01  -7.2386871e-01   7.0500120e-01  -8.5959575e-01   8.0375435e-01  -8.7909591e-01   8.2223099e-01  -6.7216858e-01   7.1173992e-01  -6.8312674e-01   7.0883430e-01  -8.9716903e-01   3.0968223e-01  -3.7967647e-01   7.8642954e-01  -7.5315144e-01
  -4.7416237e-02  -6.5870122e-01   3.0472466e-01  -5.4508616e-01   5.6773605e-01  -8.0120554e-01   6.4722470e-01  -9.8249330e-01   7.1317149e-01  -7.1506336e-01   5.9057783e-01  -6.4801422e-01   5.5874579e-01  -8.7359376e-01   2.4976983e-01  -9.0086057e-02   6.6067134e-01  -7.9367742e-01
  -3.2765720e-01  -8.8786321e-01   2.1336243e-01  -2.7896514e-01   4.5244928e-01  -5.9457020e-01   4.8933583e-01  -8.9586071e-01   6.0677186e-01  -6.3891788e-01   4.8595396e-01  -5.0109370e-01   4.2683609e-01  -6.8319350e-01   2.6368742e-01   1.9362675e-01   5.3898996e-01  -7.0333711e-01
  -6.3961865e-01  -8.3596888e-01   1.8502365e-01   2.1055457e-02   3.7988322e-01  -2.8556272e-01   3.6008350e-01  -6.4361181e-01   5.2027231e-01  -4.6357180e-01   4.1586782e-01  -2.6945226e-01   3.3779482e-01  -3.6937580e-01   3.4171243e-01   4.0915660e-01   4.4109126e-01  -5.0247976e-01
  -8.8713382e-01  -5.3521653e-01   2.2092176e-01   2.9867764e-01   3.6153509e-01   6.0074720e-02   2.8219071e-01  -2.8767735e-01   4.6606360e-01  -2.3056863e-01   3.9148946e-01  -7.9558062e-04   3.0653049e-01  -3.8346008e-03   4.6120068e-01   5.1815525e-01   3.8145174e-01  -2.3497845e-01
  -1.0000000e+00  -9.3859071e-02   3.1073854e-01   5.0697126e-01   3.9766494e-01   3.7337027e-01   2.6617795e-01   9.0663908e-02   4.4915058e-01   9.1754108e-03   4.1449137e-01   2.4967414e-01   3.3494596e-01   3.3358463e-01   5.9342701e-01   5.1057445e-01   3.6634487e-01   4.3565828e-02
  -9.5302818e-01   3.4994267e-01   4.3560837e-01   6.1510457e-01   4.7810201e-01   5.9679407e-01   3.0902390e-01   4.1219050e-01   4.6682368e-01   2.0890262e-01   4.7705699e-01   4.3328232e-01   4.1241333e-01   5.7501536e-01   7.1012530e-01   3.9827099e-01   3.9314914e-01   2.7990235e-01
  -7.6820325e-01   6.6961319e-01   5.7179038e-01   6.0967655e-01   5.8483609e-01   6.9232362e-01   3.9591025e-01   6.1477581e-01   5.1003467e-01   3.3424778e-01   5.6390893e-01   5.1627953e-01   5.1887598e-01   6.7639828e-01   7.8786877e-01   2.0766894e-01   4.5160945e-01   4.3296621e-01
  -5.0579238e-01   7.8188307e-01   6.9469420e-01   4.9652676e-01   6.9569983e-01   6.4815580e-01   5.0394034e-01   6.6547624e-01   5.6572553e-01   3.6910848e-01   6.5551159e-01   4.8635760e-01   6.2946117e-01   6.2541540e-01   8.1161026e-01  -2.2138378e-02   5.2635263e-01   4.8155544e-01
  -2.4428093e-01   6.6605512e-01   7.8324820e-01   3.0149474e-01   7.8906400e-01   4.8213477e-01   6.0779649e-01   5.6746561e-01   6.2004048e-01   3.1891549e-01   7.3243492e-01   3.5660915e-01   7.2018115e-01   4.4404765e-01   7.7755358e-01  -2.4174803e-01   6.0056200e-01   4.2851584e-01
  -5.8009586e-02   3.6907503e-01   8.2387027e-01   6.7426331e-02   8.4836001e-01   2.3929826e-01   6.8555171e-01   3.5973250e-01   6.6152890e-01   2.0997563e-01   7.7971917e-01   1.6450627e-01   7.7319645e-01   1.8477314e-01   6.9479184e-01  -3.9968177e-01   6.5970441e-01   3.0020444e-01
   6.0521248e-03  -8.7538270e-03   8.1355868e-01  -1.5571064e-01   8.6599539e-01  -1.9946305e-02   7.2420012e-01   1.0592836e-01   6.8411726e-01   8.1888096e-02   7.9083098e-01  -3.7737965e-02   7.8129559e-01  -8.3072540e-02   5.8422165e-01  -4.5792103e-01   6.9502128e-01   1.3876288e-01
  -5.9911092e-02  -3.5046013e-01   7.5969783e-01  -3.2420131e-01   8.4413902e-01  -2.3775199e-01   7.2179888e-01  -1.2618278e-01   6.8797588e-01  -2.5865593e-02   7.6861247e-01  -1.9963365e-01   7.4868573e-01  -2.9394476e-01   4.7308441e-01  -4.0468047e-01   7.0479567e-01  -1.1668337e-02
  -2.2503431e-01  -5.5898938e-01   6.7760107e-01  -4.1080057e-01   7.9314372e-01  -3.7346145e-01   6.8663630e-01  -2.8343157e-01   6.7860277e-01  -8.5748233e-02   7.2372220e-01  -2.8660939e-01   6.8895075e-01  -4.0347860e-01   3.8785078e-01  -2.5796182e-01   6.9370491e-01  -1.1728224e-01
  -4.3223875e-01  -5.8606681e-01   5.8622293e-01  -4.0974098e-01   7.2793670e-01  -4.1219869e-01   6.3363260e-01  -3.4015687e-01   6.6432271e-01  -8.9440116e-02   6.7088984e-01  -2.8855674e-01   6.2051562e-01  -3.9880010e-01   3.4726087e-01  -5.9070775e-02   6.7043496e-01  -1.6266683e-01
  -6.1768581e-01  -4.4267361e-01   5.0354225e-01  -3.3542161e-01   6.6374059e-01  -3.6509154e-01   5.7944859e-01  -3.0119376e-01   6.5323833e-01  -4.7945285e-02   6.2444556e-01  -2.1982479e-01   5.6131536e-01  -2.9844843e-01   3.5806429e-01   1.4032545e-01   6.4457109e-01  -1.5202794e-01
  -7.3111505e-01  -1.8966399e-01   4.4265480e-01  -2.1578271e-01   6.1222725e-01  -2.6189068e-01   5.3771244e-01  -1.9554034e-01   6.5056332e-01   1.4681226e-02   5.9439139e-01  -1.1158433e-01   5.2406304e-01  -1.4311435e-01   4.1415711e-01   2.9312919e-01   6.2368836e-01  -1.0426643e-01
  -7.4849043e-01   8.7491136e-02   4.0998166e-01  -8.3106874e-02   5.7959246e-01  -1.3915421e-01   5.1620245e-01  -6.3837033e-02   6.5745267e-01   7.0992421e-02   5.8458824e-01  -8.5206783e-05   5.1393836e-01   1.8780483e-02   4.9939713e-01   3.6760412e-01   6.1178218e-01  -4.4380135e-02
  -6.7643156e-01   3.0597806e-01   4.0511854e-01   3.4167085e-02   5.6624554e-01  -2.9288492e-02   5.1582477e-01   5.4067620e-02   6.7108061e-01   9.8752981e-02   5.9269601e-01   8.3876738e-02   5.2830050e-01   1.4459480e-01   5.9217541e-01   3.5283551e-01   6.0886892e-01   4.6490971e-03
  -5.4670920e-01   4.0838081e-01   4.2238912e-01   1.1680822e-01   5.6820644e-01   4.6788925e-02   5.3168253e-01   1.2890241e-01   6.8598276e-01   8.6675393e-02   6.1191571e-01   1.2204652e-01   5.5860895e-01   2.0718297e-01   6.7076175e-01   2.5834629e-01   6.1186907e-01   2.7769048e-02
  -4.0465090e-01   3.7661389e-01   4.5316663e-01   1.5727205e-01   5.7926673e-01   8.2761340e-02   5.5535190e-01   1.4794734e-01   6.9598165e-01   3.6980102e-02   6.3357332e-01   1.1198188e-01   5.9347492e-01   1.9993501e-01   7.1806989e-01   1.1048387e-01   6.1615468e-01   2.0994322e-02
  -2.9449518e-01   2.3425360e-01   4.8844058e-01   1.5931417e-01   5.9332819e-01   8.5795322e-02   5.7780132e-01   1.1636861e-01   6.9624819e-01  -3.5626568e-02   6.4993730e-01   6.6128106e-02   6.2213178e-01   1.3640610e-01   7.2514031e-01  -5.3883365e-02   6.1736455e-01  -8.6495045e-03
  -2.4616392e-01   3.6371380e-02   5.2101135e-01   1.3504100e-01   6.0625792e-01   7.1883172e-02   5.9211540e-01   5.3599294e-02   6.8491901e-01  -1.0862915e-01   6.5649262e-01   6.7507124e-03   6.3738928e-01   4.4583532e-02   6.9278379e-01  -1.9571460e-01   6.1294713e-01  -4.6392649e-02
  -2.6747475e-01  -1.4995372e-01   5.4681088e-01   1.0016113e-01   6.1678271e-01   5.9102172e-02   5.9525557e-01  -1.4232382e-02   6.6375868e-01  -1.5895360e-01   6.5300865e-01  -4.1979901e-02   6.3726274e-01  -4.2705199e-02   6.3097571e-01  -2.8287982e-01   6.0296854e-01  -7.5296685e-02
  -3.4368155e-01  -2.6777947e-01   5.6513876e-01   6.8739626e-02   6.2628426e-01   6.0818281e-02   5.8845098e-01  -6.3375694e-02   6.3766643e-01  -1.7052696e-01   6.4315073e-01  -6.2250054e-02   6.2492790e-01  -9.8307219e-02   5.5609125e-01  -2.9796015e-01   5.8998470e-01  -8.2332912e-02
  -4.4442920e-01  -2.8712406e-01   5.7779503e-01   4.9122965e-02   6.3759434e-01   8.1107069e-02   5.7612185e-01  -7.9777840e-02   6.1313525e-01  -1.3925979e-01   6.3275555e-01  -4.8123421e-02   6.0703264e-01  -1.0848295e-01   4.8657908e-01  -2.4208709e-01   5.7801130e-01  -6.2714677e-02
  -5.3474859e-01  -2.1174859e-01   5.8758404e-01   4.2106063e-02   6.5334068e-01   1.1357768e-01   5.6393910e-01  -6.2460827e-02   5.9626994e-01  -7.3955768e-02   6.2752867e-01  -6.7173796e-03   5.9115391e-01  -7.5745603e-02   4.3831320e-01  -1.3379957e-01   5.7105693e-01  -2.1190294e-02
  -5.8629963e-01  -7.4330365e-02   5.9673649e-01   4.1925074e-02   6.7443111e-01   1.4400022e-01   5.5673777e-01  -2.2083255e-02   5.9101999e-01   7.0112259e-03   6.3097326e-01   4.5198042e-02   5.8326597e-01  -1.6193754e-02   4.2091163e-01  -3.1499772e-03   5.7173550e-01   3.0024991e-02
  -5.8553921e-01   7.6334215e-02   6.0577569e-01   3.9411985e-02   6.9915978e-01   1.5554653e-01   5.5694926e-01   2.3923730e-02   5.9810921e-01   8.1534116e-02   6.4316120e-01   8.7361000e-02   5.8595022e-01   4.6838157e-02   4.3580674e-01   1.1668902e-01   5.8037610e-01   7.5485550e-02
  -5.3661707e-01   1.9218904e-01   6.1322387e-01   2.6360295e-02   7.2330125e-01   1.3531203e-01   5.6399541e-01   5.8054157e-02   6.1496632e-01   1.3048066e-01   6.6073406e-01   1.0313509e-01   5.9783234e-01   9.0956634e-02   4.7657534e-01   1.9818150e-01   5.9490536e-01   1.0168746e-01
  -4.5825073e-01   2.3968891e-01   6.1626105e-01  -1.0131675e-03   7.4121685e-01   7.9216298e-02   5.7481854e-01   6.8274287e-02   6.3663783e-01   1.4262516e-01   6.7809684e-01   8.4595407e-02   6.1438745e-01   1.0129869e-01   5.3125071e-01   2.2538548e-01   6.1153090e-01   1.0099730e-01
  -3.7705045e-01   2.0863692e-01   6.1190303e-01  -4.0270151e-02   7.4750190e-01  -5.6087206e-03   5.8507887e-01   5.1526739e-02   6.5723242e-01   1.1736742e-01   6.8922015e-01   3.5035148e-02   6.2954259e-01   7.4637725e-02   5.8564404e-01   1.9689402e-01   6.2586452e-01   7.3836102e-02
  -3.1884418e-01   1.1370566e-01   5.9834153e-01  -8.3296141e-02   7.3874990e-01  -1.0207941e-01   5.9071398e-01   1.4198638e-02   6.7157527e-01   6.4413198e-02   6.8960946e-01  -3.2008937e-02   6.3769665e-01   1.9816598e-02   6.2696243e-01   1.2492800e-01   6.3421943e-01   2.8409248e-02
  -3.0056023e-01  -1.1825929e-02   5.7596345e-01  -1.1895078e-01   7.1487413e-01  -1.8787175e-01   5.8936385e-01  -3.0539933e-02   6.7662684e-01   4.3941808e-04   6.7785311e-01  -9.7068297e-02   6.3555791e-01  -4.5603950e-02   6.4685434e-01   3.0996495e-02   6.3470602e-01  -2.1994962e-02
  -3.2601939e-01  -1.2769192e-01   5.4756703e-01  -1.3664690e-01   6.7937444e-01  -2.4173570e-01   5.8105114e-01  -6.7409105e-02   6.7210403e-01  -5.6043003e-02   6.5606749e-01  -1.4075868e-01   6.2304113e-01  -1.0117375e-01   6.4284304e-01  -6.0268146e-02   6.2766855e-01  -6.3112358e-02
  -3.8531591e-01  -1.9945670e-01   5.1792807e-01  -1.2968955e-01   6.3874317e-01  -2.4953419e-01   5.6818992e-01  -8.4013969e-02   6.6042155e-01  -9.0057582e-02   6.2943487e-01  -1.4969683e-01   6.0331727e-01  -1.2986624e-01   6.1846535e-01  -1.2743822e-01   6.1556075e-01  -8.3923622e-02
  -4.5912072e-01  -2.0866778e-01   4.9263632e-01  -9.7369422e-02   6.0088674e-01  -2.0809497e-01   5.5470599e-01  -7.4676809e-02   6.4574938e-01  -9.4127142e-02   6.0466144e-01  -1.2036486e-01   5.8172288e-01  -1.2303467e-01   5.8168571e-01  -1.5716016e-01   6.0211007e-01  -7.9689730e-02
  -5.2515160e-01  -1.5693211e-01   4.7673089e-01  -4.5263692e-02   5.7325895e-01  -1.2588557e-01   5.4478746e-01  -4.1834059e-02   6.3272032e-01  -6.9675866e-02   5.8811299e-01  -5.9821025e-02   5.6416645e-01  -8.2429695e-02   5.4253637e-01  -1.4645108e-01   5.9121664e-01  -5.2897108e-02
  -5.6475021e-01  -6.3625424e-02   4.7349753e-01   1.6126589e-02   5.6119013e-01  -2.0686964e-02   5.4165270e-01   5.0768431e-03   6.2516178e-01  -2.5840982e-02   5.8415323e-01   1.6577607e-02   5.5550679e-01  -1.9122647e-02   5.1059377e-01  -1.0224549e-01   5.8590385e-01  -1.2114073e-02
  -5.6856970e-01   4.1169506e-02   4.8354405e-01   7.3971021e-02   5.6656549e-01   8.4925758e-02   5.4651186e-01   5.2620015e-02   6.2501110e-01   2.3599237e-02   5.9387104e-01   8.9576387e-02   5.5812210e-01   4.9912411e-02   4.9256523e-01  -3.8807178e-02   5.8744946e-01   3.0691520e-02
  -5.3803213e-01   1.2676248e-01   5.0475151e-01   1.1629418e-01   5.8764885e-01   1.6915448e-01   5.5835477e-01   8.7537637e-02   6.3202796e-01   6.4455833e-02   6.1501384e-01   1.4132632e-01   5.7147421e-01   1.0686962e-01   4.9116881e-01   2.6661341e-02   5.9521584e-01   6.3705373e-02
  -4.8423545e-01   1.7044036e-01   5.3271917e-01   1.3472852e-01   6.1954311e-01   2.1581125e-01   5.7423732e-01   1.0034692e-01   6.4397429e-01   8.5808239e-02   6.4257625e-01   1.5977746e-01   5.9229732e-01   1.3767094e-01   5.0484590e-01   7.8275916e-02   6.0688394e-01   7.8316574e-02
  -4.2396168e-01   1.6346930e-01   5.6179066e-01   1.2644544e-01   6.5541595e-01   2.1779123e-01   5.9014127e-01   8.7897889e-02   6.5735329e-01   8.2732030e-02   6.7013622e-01   1.4157588e-01   6.1554039e-01   1.3551533e-01   5.2858975e-01   1.0520679e-01   6.1915995e-01   7.1280415e-02
  -3.7426392e-01   1.1244732e-01   5.8637277e-01   9.4648132e-02   6.8813077e-01   1.7817531e-01   6.0212358e-01   5.3995245e-02   6.6845497e-01   5.7212669e-02   6.9152665e-01   9.2539578e-02   6.3575659e-01   1.0227708e-01   5.5556259e-01   1.0382042e-01   6.2872213e-01   4.5292208e-02
  -3.4776258e-01   3.5896877e-02   6.0211342e-01   4.7490527e-02   7.1175200e-01   1.0871498e-01   6.0732633e-01   7.9453926e-03   6.7432550e-01   1.7045213e-02   7.0226678e-01   2.5645220e-02   6.4843821e-01   4.7396338e-02   5.7890420e-01   7.7689699e-02   6.3306602e-01   7.8574642e-03
  -3.4915739e-01  -4.2004595e-02   6.0684327e-01  -4.0542397e-03   7.2279886e-01   2.6559298e-02   6.0474034e-01  -3.8212617e-02   6.7355336e-01  -2.6591797e-02   7.0064122e-01  -4.2579890e-02   6.5114119e-01  -1.4918315e-02   5.9346551e-01   3.6083423e-02   6.3116403e-01  -3.0935749e-02
  -3.7492098e-01  -9.9382121e-02   6.0081737e-01  -4.9084547e-02   7.2067711e-01  -5.0401057e-02   5.9530165e-01  -7.3310033e-02   6.6648181e-01  -6.2563574e-02   6.8784128e-01  -9.6651480e-02   6.4387407e-01  -6.9894148e-02   5.9680952e-01  -9.1926382e-03   6.2359544e-01  -6.1400821e-02
  -4.1512401e-01  -1.2259653e-01   5.8644377e-01  -7.9207459e-02   7.0748582e-01  -1.0755950e-01   5.8152282e-01  -8.9855426e-02   6.5498948e-01  -8.2614414e-02   6.6746370e-01  -1.2577514e-01   6.2889931e-01  -1.0582202e-01   5.8946946e-01  -4.6908449e-02   6.1229567e-01  -7.6662355e-02
  -4.5696979e-01  -1.0928648e-01   5.6753619e-01  -9.0171594e-02   6.8723040e-01  -1.3642595e-01   5.6673325e-01  -8.5627446e-02   6.4188625e-01  -8.3188192e-02   6.4444881e-01  -1.2600377e-01   6.0999092e-01  -1.1658131e-01   5.7445040e-01  -6.9049956e-02   5.9997148e-01  -7.4136920e-02
  -4.8878013e-01  -6.7855394e-02   5.4833521e-01  -8.2354302e-02   6.6472238e-01  -1.3567547e-01   5.5418356e-01  -6.3716277e-02   6.3013714e-01  -6.5834377e-02   6.2380361e-01  -1.0047169e-01   5.9141174e-01  -1.0249629e-01   5.5621051e-01  -7.2345985e-02   5.8937866e-01  -5.5767546e-02
