   1.9937089e-01   1.7458998e-01   1.4063773e-01   1.6670337e-01   5.9977698e-02   6.5620219e-01   1.4360363e-01   8.7276599e-01   9.9920833e-02   2.2953565e-01   1.1034819e-01   3.2336710e-01   1.7137975e-01   8.3448911e-01   1.6156520e-01   6.5681801e-01   9.1282793e-02   3.0287232e-01
   1.3023230e-01  -5.2902561e-01   2.0733767e-01   5.9973192e-01   2.2330875e-01   9.1664104e-01   3.0005494e-01   1.0000000e+00   1.6060619e-01   5.6309712e-01   1.8700065e-01   6.4059073e-01   3.2981339e-01   1.0000000e+00   3.4179500e-01   9.4693661e-01   1.6652686e-01   6.5559556e-01
  -1.5039452e-01  -9.6249475e-01   3.3517911e-01   8.8318998e-01   4.2159771e-01   1.0000000e+00   4.6381923e-01   9.7307494e-01   2.6453756e-01   8.0448683e-01   3.0593762e-01   8.6260661e-01   5.0130680e-01   9.9711860e-01   5.5977159e-01   1.0000000e+00   2.8676766e-01   8.8694317e-01
  -5.1775095e-01  -1.0000000e+00   4.9688704e-01   1.0000000e+00   6.2044070e-01   9.2828229e-01   6.1523730e-01   8.6084192e-01   3.9765786e-01   9.5123496e-01   4.5184936e-01   9.8445006e-01   6.6206580e-01   8.8345457e-01   7.6524823e-01   8.4210419e-01   4.3329316e-01   9.9852795e-01
  -8.2962144e-01  -6.7452767e-01   6.6506862e-01   9.6373359e-01   7.9247777e-01   7.4479755e-01   7.4506299e-01   7.1685539e-01   5.4552181e-01   1.0000000e+00   6.0861100e-01   1.0000000e+00   7.9790358e-01   7.1052013e-01   9.1910799e-01   5.4325179e-01   5.8837094e-01   1.0000000e+00
  -9.8092261e-01  -1.4443937e-01   8.1608032e-01   8.0184581e-01   9.1942197e-01   4.9192075e-01   8.5046271e-01   5.6488526e-01   6.9312455e-01   9.4744202e-01   7.5903986e-01   9.0263767e-01   9.0170873e-01   5.0925312e-01   9.9927225e-01   1.8314093e-01   7.3593732e-01   9.0267465e-01
  -9.3270733e-01   3.9898145e-01   9.3099648e-01   5.4156007e-01   9.9041833e-01   2.0017375e-01   9.3019957e-01   4.0314854e-01   8.2528135e-01   7.9546999e-01   8.8527188e-01   6.9166754e-01   9.6987618e-01   2.9178897e-01   1.0000000e+00  -1.7059930e-01   8.6163991e-01   7.1781528e-01
  -7.1069382e-01   7.9125200e-01   9.9537364e-01   2.0967648e-01   1.0000000e+00  -1.0665830e-01   9.8166505e-01   2.1783648e-01   9.2772289e-01   5.5438689e-01   9.7023225e-01   3.7851359e-01   1.0000000e+00   6.0892934e-02   9.2889172e-01  -4.6289454e-01   9.5299211e-01   4.5862032e-01
  -3.9232710e-01   9.1884677e-01   1.0000000e+00  -1.5671562e-01   9.4784294e-01  -3.9972848e-01   1.0000000e+00  -1.2313312e-06   9.8849693e-01   2.4574959e-01   1.0000000e+00  -6.3164518e-03   9.9007208e-01  -1.7824696e-01   8.0472940e-01  -6.4709935e-01   1.0000000e+00   1.4595657e-01
  -8.2794652e-02   7.4331539e-01   9.4341942e-01  -5.0321193e-01   8.4066028e-01  -6.3911804e-01   9.8045075e-01  -2.3933514e-01   1.0000000e+00  -9.4073548e-02   9.6731933e-01  -4.0847687e-01   9.4004254e-01  -4.0716264e-01   6.5522048e-01  -6.8998331e-01   9.9691762e-01  -1.8554459e-01
   1.1581341e-01   3.2417664e-01   8.3437714e-01  -7.6596031e-01   6.9390103e-01  -7.8116826e-01   9.2205254e-01  -4.6525550e-01   9.6121522e-01  -4.1398596e-01   8.7506713e-01  -7.5398256e-01   8.5433013e-01  -5.9205200e-01   5.1268285e-01  -5.8555277e-01   9.4442812e-01  -4.8728377e-01
   1.3953085e-01  -1.9482927e-01   6.9186398e-01  -8.9192386e-01   5.3093324e-01  -7.9498650e-01   8.3088845e-01  -6.3003279e-01   8.7940162e-01  -6.5776458e-01   7.3816341e-01  -9.6768178e-01   7.4377416e-01  -6.9374264e-01   4.0688293e-01  -3.6305460e-01   8.5121119e-01  -7.0670252e-01
  -1.6452202e-02  -6.4207049e-01   5.4157455e-01  -8.5661794e-01   3.7890238e-01  -6.7540763e-01   7.2061639e-01  -6.9244093e-01   7.6962965e-01  -7.8037100e-01   5.8172900e-01  -9.9802972e-01   6.2517454e-01  -6.8372227e-01   3.5782247e-01  -7.9403879e-02   7.3332293e-01  -8.0293467e-01
  -2.9920339e-01  -8.7770141e-01   4.1044775e-01  -6.6996677e-01   2.6312175e-01  -4.4527014e-01   6.1002707e-01  -6.3303263e-01   6.5199195e-01  -7.6166230e-01   4.3588716e-01  -8.3451317e-01   5.1837712e-01  -5.5592716e-01   3.7155420e-01   1.9804436e-01   6.1137467e-01  -7.5909825e-01
  -6.1798293e-01  -8.3804973e-01   3.2099101e-01  -3.7313667e-01   2.0180219e-01  -1.4989573e-01   5.1867193e-01  -4.6263034e-01   5.4723013e-01  -6.1349225e-01   3.2871467e-01  -5.1346294e-01   4.4191451e-01  -3.3204537e-01   4.3993347e-01   4.1026664e-01   5.0626776e-01  -5.8863246e-01
  -8.7558224e-01  -5.5202311e-01   2.8685623e-01  -2.7808341e-02   2.0257846e-01   1.5406782e-01   4.6192992e-01  -2.2033656e-01   4.7207464e-01  -3.7647641e-01   2.7950531e-01  -1.0880655e-01   4.0853243e-01  -5.7505494e-02   5.4410311e-01   5.2008489e-01   4.3465152e-01  -3.3262866e-01
  -1.0000000e+00  -1.2325397e-01   3.1054850e-01   2.9940494e-01   2.6148936e-01   4.1225046e-01   4.4718806e-01   3.8908921e-02   4.3570247e-01  -1.0724740e-01   2.9431568e-01   2.8945837e-01   4.2206157e-01   2.1118026e-01   6.5985185e-01   5.1575711e-01   4.0538372e-01  -4.8179380e-02
  -9.6371291e-01   3.1442568e-01   3.8393579e-01   5.5101226e-01   3.6468940e-01   5.8294943e-01   4.7264826e-01   2.6064521e-01   4.3860384e-01   1.3751767e-01   3.6548766e-01   5.9925550e-01   4.7689673e-01   4.2137907e-01   7.6276172e-01   4.0569430e-01   4.1831536e-01   2.0703106e-01
  -7.8654406e-01   6.3688393e-01   4.9050489e-01   6.8641677e-01   4.9151125e-01   6.4153031e-01   5.2841374e-01   4.0184421e-01   4.7349092e-01   3.1209325e-01   4.7420637e-01   7.6186853e-01   5.5955428e-01   5.3391878e-01   8.3189057e-01   2.1327446e-01   4.6515347e-01   3.8604571e-01
  -5.2705864e-01   7.6058874e-01   6.0873986e-01   6.8823878e-01   6.1828233e-01   5.8357753e-01   5.9900394e-01   4.3933820e-01   5.2752235e-01   3.8991231e-01   5.9498611e-01   7.5254695e-01   6.5154688e-01   5.3048006e-01   8.5310233e-01  -2.3350067e-02   5.3175562e-01   4.6146753e-01
  -2.6316322e-01   6.6227425e-01   7.1651350e-01   5.6639352e-01   7.2269638e-01   4.2656053e-01   6.6724822e-01   3.7563510e-01   5.8569969e-01   3.6869917e-01   7.0155997e-01   5.8542978e-01   7.3349186e-01   4.1871178e-01   8.2215153e-01  -2.5300499e-01   6.0169266e-01   4.3085899e-01
  -6.9689702e-02   3.8485186e-01   7.9553467e-01   3.5705422e-01   7.8799102e-01   2.0791596e-01   7.1846466e-01   2.3938951e-01   6.3448028e-01   2.7102750e-01   7.7266005e-01   3.1127400e-01   7.8944397e-01   2.3233995e-01   7.4660060e-01  -4.2066635e-01   6.6004851e-01   3.1718199e-01
   5.0170515e-03   2.3890449e-02   8.3540748e-01   1.1300098e-01   8.0657132e-01  -2.3538267e-02   7.4446054e-01   7.6841721e-02   6.6531911e-01   1.3722813e-01   7.9725754e-01   4.1645081e-03   8.1100668e-01   2.2440718e-02   6.4511269e-01  -4.8465983e-01   6.9711531e-01   1.6162001e-01
  -4.8871325e-02  -3.0796464e-01   8.3487426e-01  -1.1211781e-01   7.8074015e-01  -2.2075936e-01   7.4489944e-01  -6.4446847e-02   6.7612004e-01   1.1167217e-02   7.7618440e-01  -2.6077393e-01   7.9869604e-01  -1.5886203e-01   5.4253360e-01  -4.3086724e-01   7.0996532e-01   9.5187163e-03
  -2.0274424e-01  -5.1635796e-01   8.0088066e-01  -2.7701446e-01   7.2125337e-01  -3.4952579e-01   7.2637933e-01  -1.4975712e-01   6.7080224e-01  -7.2978034e-02   7.2080248e-01  -4.2715559e-01   7.6091859e-01  -2.7290548e-01   4.6334962e-01  -2.7685914e-01   7.0212315e-01  -1.0256237e-01
  -4.0155583e-01  -5.5307679e-01   7.4567427e-01  -3.6129534e-01   6.4391684e-01  -3.9521985e-01   6.9948100e-01  -1.6630674e-01   6.5708811e-01  -9.9793057e-02   6.4892016e-01  -4.7045908e-01   7.1078643e-01  -3.0392467e-01   4.2521957e-01  -6.5438613e-02   6.8145188e-01  -1.5582748e-01
  -5.8302581e-01  -4.2675666e-01   6.8301468e-01  -3.6731010e-01   5.6540243e-01  -3.6368881e-01   6.7494945e-01  -1.2450187e-01   6.4344598e-01  -7.4549287e-02   5.7946319e-01  -4.0059798e-01   6.6199044e-01  -2.6051775e-01   4.3482814e-01   1.4879034e-01   6.5715326e-01  -1.5157059e-01
  -6.9735783e-01  -1.9374306e-01   6.2462474e-01  -3.1500143e-01   4.9944444e-01  -2.7633491e-01   6.6029097e-01  -5.1287199e-02   6.3625858e-01  -1.8040580e-02   5.2751893e-01  -2.5407293e-01   6.2506743e-01  -1.6923112e-01   4.8699347e-01   3.1498518e-01   6.3689817e-01  -1.0687742e-01
  -7.2008872e-01   6.5259859e-02   5.7807798e-01  -2.3228108e-01   4.5457243e-01  -1.6187153e-01   6.5802999e-01   2.1008079e-02   6.3822371e-01   4.2590888e-02   5.0134848e-01  -7.9944902e-02   6.0533317e-01  -6.3752208e-02   5.6696276e-01   3.9793700e-01   6.2507303e-01  -4.6369567e-02
  -6.5657416e-01   2.7143355e-01   5.4621484e-01  -1.4528668e-01   4.3338596e-01  -4.8159908e-02   6.6565541e-01   6.5504867e-02   6.4803071e-01   8.2903381e-02   5.0145002e-01   7.4548845e-02   6.0249470e-01   2.5537079e-02   6.5457552e-01   3.8442852e-01   6.2221658e-01   6.2326958e-03
  -5.3683397e-01   3.6988160e-01   5.2811251e-01  -7.1739012e-02   4.3343544e-01   4.3756490e-02   6.7724661e-01   6.8288171e-02   6.6134918e-01   8.7857820e-02   5.2185305e-01   1.7529266e-01   6.1194920e-01   7.8978533e-02   7.2928321e-01   2.8359721e-01   6.2573058e-01   3.4588539e-02
  -4.0426329e-01   3.4282333e-01   5.2076238e-01  -1.8500359e-02   4.4896688e-01   1.0277511e-01   6.8590168e-01   3.1443328e-02   6.7253351e-01   5.5264907e-02   5.5273553e-01   2.0781769e-01   6.2694449e-01   9.1148458e-02   7.7469796e-01   1.2344196e-01   6.3131691e-01   3.3241309e-02
  -3.0139654e-01   2.1218609e-01   5.2085700e-01   1.7313075e-02   4.7304305e-01   1.2824795e-01   6.8630270e-01  -2.8517088e-02   6.7659939e-01  -4.2176665e-03   5.8367351e-01   1.7862534e-01   6.4102011e-01   7.0489058e-02   7.8206992e-01  -5.5829561e-02   6.3472058e-01   7.9716004e-03
  -2.5700653e-01   2.9842131e-02   5.2613588e-01   4.4463742e-02   4.9949093e-01   1.2783802e-01   6.7662039e-01  -8.6881567e-02   6.7089915e-01  -7.1000977e-02   6.0662668e-01   1.1058974e-01   6.5002495e-01   3.4833231e-02   7.5195978e-01  -2.1117440e-01   6.3325368e-01  -2.7326160e-02
  -2.7839495e-01  -1.4103278e-01   5.3596962e-01   7.2555830e-02   5.2421656e-01   1.1348020e-01   6.5916471e-01  -1.1963866e-01   6.5599303e-01  -1.2329024e-01   6.1785136e-01   3.3937595e-02   6.5313971e-01   4.2362777e-03   6.9375368e-01  -3.0706221e-01   6.2664648e-01  -5.6193823e-02
  -3.5115795e-01  -2.4720252e-01   5.5108778e-01   1.0733123e-01   5.4559492e-01   9.6612829e-02   6.3953017e-01  -1.1207788e-01   6.3541736e-01  -1.4446674e-01   6.1822664e-01  -2.4327781e-02   6.5260102e-01  -6.5362835e-03   6.2297211e-01  -3.2420570e-01   6.1696336e-01  -6.5759474e-02
  -4.4598905e-01  -2.6105188e-01   5.7264664e-01   1.4789627e-01   5.6393704e-01   8.4399361e-02   6.2458867e-01  -6.3693661e-02   6.1446833e-01  -1.2819204e-01   6.1203953e-01  -4.8478104e-02   6.5232318e-01   7.1200928e-03   5.5715441e-01  -2.6371883e-01   6.0767204e-01  -5.1044525e-02
  -5.2931663e-01  -1.8692377e-01   6.0104760e-01   1.8633948e-01   5.8040297e-01   7.7854666e-02   6.2009245e-01   1.1724414e-02   5.9850634e-01  -7.9921692e-02   6.0489872e-01  -3.7576631e-02   6.5604177e-01   3.8618862e-02   5.1142598e-01  -1.4588356e-01   6.0229415e-01  -1.6320534e-02
  -5.7437251e-01  -5.6455147e-02   6.3490309e-01   2.1004135e-01   5.9576849e-01   7.2518263e-02   6.2865111e-01   9.0877400e-02   5.9131715e-01  -1.4447385e-02   6.0149113e-01  -3.6094867e-03   6.6561916e-01   7.3308625e-02   4.9490663e-01  -3.6723335e-03   6.0309018e-01   2.6878089e-02
  -5.6892984e-01   8.4226954e-02   6.7058809e-01   2.0602859e-01   6.0956754e-01   6.1280938e-02   6.4878263e-01   1.4867086e-01   5.9407390e-01   4.9260817e-02   6.0397973e-01   3.4395470e-02   6.8014794e-01   9.4302437e-02   5.0893319e-01   1.2664928e-01   6.1025466e-01   6.4078044e-02
  -5.1771740e-01   1.8982103e-01   7.0260348e-01   1.6590267e-01   6.1993107e-01   3.8063635e-02   6.7527959e-01   1.6600135e-01   6.0515438e-01   9.3835881e-02   6.1147710e-01   5.7596077e-02   6.9611057e-01   8.8644051e-02   5.4738610e-01   2.1473401e-01   6.2184746e-01   8.2734586e-02
  -4.3963505e-01   2.2936718e-01   7.2471580e-01   8.9929393e-02   6.2413790e-01   1.0501653e-03   7.0070815e-01   1.3564685e-01   6.2076140e-01   1.0843195e-01   6.2058851e-01   5.3800254e-02   7.0847474e-01   5.2076302e-02   5.9880227e-01   2.4319273e-01   6.3441319e-01   7.6278602e-02
  -3.6086319e-01   1.9434504e-01   7.3159995e-01  -1.1420536e-02   6.1967762e-01  -4.5809225e-02   7.1760462e-01   6.4512841e-02   6.3614579e-01   9.1460281e-02   6.2680250e-01   2.1276529e-02   7.1237781e-01  -9.1090743e-03   6.4964939e-01   2.1074848e-01   6.4409005e-01   4.6128745e-02
  -3.0619371e-01   9.9820029e-02   7.2049160e-01  -1.1923545e-01   6.0540834e-01  -9.3508647e-02   7.2073348e-01  -2.8274049e-02   6.4705470e-01   5.0591040e-02   6.2622564e-01  -3.0930013e-02   7.0486186e-01  -7.9620529e-02   6.8787633e-01   1.3119905e-01   6.4785326e-01   1.2113461e-03
  -2.9193863e-01  -2.1839064e-02   6.9215302e-01  -2.1080769e-01   5.8227363e-01  -1.3063277e-01   7.0854028e-01  -1.1693670e-01   6.5085868e-01  -5.3425039e-05   6.1694941e-01  -8.6320877e-02   6.8594212e-01  -1.3969567e-01   7.0555266e-01   2.8606446e-02   6.4440101e-01  -4.4905361e-02
  -3.2064129e-01  -1.3179947e-01   6.5118384e-01  -2.6577801e-01   5.5356141e-01  -1.4691663e-01   6.8387420e-01  -1.7669860e-01   6.4734381e-01  -4.4431339e-02   5.9998808e-01  -1.2641700e-01   6.5904617e-01  -1.7125980e-01   7.0072727e-01  -6.9668053e-02   6.3468469e-01  -7.8251614e-02
  -3.8193088e-01  -1.9768055e-01   6.0496011e-01  -2.7164418e-01   5.2419571e-01  -1.3655465e-01   6.5297226e-01  -1.9101849e-01   6.3847315e-01  -6.9654736e-02   5.7891936e-01  -1.3704293e-01   6.3003878e-01  -1.6359115e-01   6.7701015e-01  -1.4028686e-01   6.2149905e-01  -8.8836037e-02
  -4.5625432e-01  -2.0257008e-01   5.6208639e-01  -2.2688889e-01   4.9967449e-01  -1.0000025e-01   6.2381251e-01  -1.5594580e-01   6.2769200e-01  -6.9446320e-02   5.5892517e-01  -1.1256263e-01   6.0575389e-01  -1.1648165e-01   6.4221798e-01  -1.6914283e-01   6.0869084e-01  -7.3419847e-02
  -5.2136775e-01  -1.4901873e-01   5.3046867e-01  -1.4128287e-01   4.8475223e-01  -4.4075420e-02   6.0392849e-01  -8.0887590e-02   6.1880266e-01  -4.5498856e-02   5.4528802e-01  -5.7528457e-02   5.9215309e-01  -4.0365625e-02   6.0601444e-01  -1.5388783e-01   6.0003216e-01  -3.6290158e-02
  -5.5935141e-01  -5.6670600e-02   5.1552932e-01  -3.3247552e-02   4.8224432e-01   1.9716702e-02   5.9834997e-01   1.4482705e-02   6.1478580e-01  -6.3412668e-03   5.4182648e-01   1.4837668e-02   5.9267727e-01   4.6700782e-02   5.7727179e-01  -1.0322331e-01   5.9811473e-01   1.2247099e-02
  -5.6122391e-01   4.5267808e-02   5.1920576e-01   7.4756605e-02   4.9241670e-01   7.8069343e-02   6.0846822e-01   1.0594852e-01   6.1704043e-01   3.5723670e-02   5.4990261e-01   8.6672455e-02   6.0744882e-01   1.2402541e-01   5.6210473e-01  -3.3376698e-02   6.0370774e-01   5.9032371e-02
  -5.2904207e-01   1.2709223e-01   5.3962319e-01   1.6133552e-01   5.1288528e-01   1.1901542e-01   6.3172042e-01   1.7106332e-01   6.2504058e-01   6.8220700e-02   5.6800625e-01   1.4026565e-01   6.3319988e-01   1.7355992e-01   5.6262446e-01   3.6518357e-02   6.1554818e-01   9.1639534e-02
  -4.7430931e-01   1.6745785e-01   5.7172728e-01   2.1091835e-01   5.3921990e-01   1.3477919e-01   6.6241604e-01   1.9489371e-01   6.3660220e-01   8.2038337e-02   5.9218937e-01   1.6282840e-01   6.6416894e-01   1.8445481e-01   5.7689176e-01   8.9511276e-02   6.3074379e-01   1.0173176e-01
  -4.1386373e-01   1.5851881e-01   6.0854815e-01   2.1667094e-01   5.6598414e-01   1.2337588e-01   6.9327389e-01   1.7322176e-01   6.4857670e-01   7.3599781e-02   6.1710398e-01   1.4948426e-01   6.9354730e-01   1.5534995e-01   5.9986324e-01   1.1458006e-01   6.4557216e-01   8.6979277e-02
  -3.6478206e-01   1.0720122e-01   6.4275696e-01   1.8149725e-01   5.8794421e-01   8.8919231e-02   7.1723056e-01   1.1318621e-01   6.5773264e-01   4.5582808e-02   6.3731642e-01   1.0430998e-01   7.1509511e-01   9.4468108e-02   6.2491029e-01   1.0875221e-01   6.5643542e-01   5.1492944e-02
  -3.3921535e-01   3.2031095e-02   6.6831058e-01   1.1670591e-01   6.0127220e-01   4.0383532e-02   7.2924391e-01   3.0916223e-02   6.6168395e-01   5.8703832e-03   6.4869929e-01   3.8966492e-02   7.2467801e-01   1.7175150e-02   6.4569921e-01   7.7103411e-02   6.6081987e-01   4.4993491e-03
  -3.4164308e-01  -4.3571412e-02   6.8151716e-01   3.8564707e-02   6.0422549e-01  -1.0900943e-02   7.2729212e-01  -5.3264656e-02   6.5943853e-01  -3.5053684e-02   6.4928579e-01  -3.0850623e-02   7.2103136e-01  -5.8346005e-02   6.5765555e-01   3.0397584e-02   6.5782601e-01  -4.2428391e-02
  -3.6820628e-01  -9.8378599e-02   6.8158690e-01  -3.5737510e-02   5.9738795e-01  -5.4011162e-02   7.1269635e-01  -1.2007649e-01   6.5160004e-01  -6.7037037e-02   6.3962809e-01  -8.9492793e-02   7.0590913e-01  -1.1565726e-01   6.5891063e-01  -1.8123960e-02   6.4833041e-01  -7.8401172e-02
  -4.0873935e-01  -1.1959954e-01   6.7043040e-01  -9.2199768e-02   5.8330376e-01  -8.1037374e-02   6.8952019e-01  -1.5614988e-01   6.4009560e-01  -8.3045789e-02   6.2246152e-01  -1.2536351e-01   6.8341166e-01  -1.4409789e-01   6.5044463e-01  -5.6499831e-02   6.3464797e-01  -9.6025082e-02
  -4.5044161e-01  -1.0538338e-01   6.5185430e-01  -1.2253401e-01   5.6568539e-01  -8.8468365e-02   6.6334075e-01  -1.5648474e-01   6.2757096e-01  -8.0571574e-02   6.0185148e-01  -1.3313439e-01   6.5880535e-01  -1.4059941e-01   6.3544375e-01  -7.6741431e-02   6.1985711e-01  -9.2792570e-02
  -4.8170150e-01  -6.4204458e-02   6.3052236e-01  -1.2514319e-01   5.4849522e-01  -7.7473969e-02   6.3985686e-01  -1.2477501e-01   6.1670298e-01  -6.1798548e-02   5.8217793e-01  -1.1429494e-01   6.3724729e-01  -1.0961818e-01   6.1828614e-01  -7.6264752e-02   6.0704291e-01  -7.1217421e-02
