   1.8032686e-01   2.8687686e-01   1.6564633e-01   6.3564354e-01   3.0186522e-02   2.6578261e-02   2.2015187e-02   3.1975035e-01   8.2528165e-02   5.5673300e-01   2.3873238e-02   6.8294579e-01   2.5699979e-02   6.0673319e-01   1.4235731e-02   3.1210076e-01   9.2206581e-02   3.7753324e-01
   1.5110785e-01  -4.2666397e-01   3.1669464e-01   9.1285557e-01   8.1062302e-02   4.9359689e-01   1.0191401e-01   6.2106068e-01   1.9221594e-01   8.2239464e-01   1.7585074e-01   9.1456147e-01   1.6420367e-01   8.7637077e-01   1.4061950e-01   7.6297152e-01   1.8032940e-01   7.1249231e-01
  -1.0076428e-01  -9.0444897e-01   5.0264606e-01   1.0000000e+00   2.0856133e-01   8.2804584e-01   2.2523213e-01   8.3717862e-01   3.3371587e-01   9.6492257e-01   3.5720818e-01   1.0000000e+00   3.3871389e-01   1.0000000e+00   3.4675521e-01   1.0000000e+00   3.1146898e-01   9.1895551e-01
  -4.5910518e-01  -1.0000000e+00   6.8812145e-01   9.1393786e-01   3.8389071e-01   9.9660338e-01   3.7720154e-01   9.6264484e-01   4.8888681e-01   1.0000000e+00   5.4280815e-01   9.6499328e-01   5.2364289e-01   9.9371529e-01   5.7971981e-01   9.9931719e-01   4.6527687e-01   1.0000000e+00
  -7.8142148e-01  -7.2156636e-01   8.4416695e-01   7.0119003e-01   5.7524321e-01   1.0000000e+00   5.4229989e-01   9.9317368e-01   6.4224848e-01   9.4425010e-01   7.1291313e-01   8.3902774e-01   6.9740030e-01   8.8263439e-01   7.8850229e-01   7.9892959e-01   6.2287566e-01   9.6944563e-01
  -9.5558408e-01  -2.1524199e-01   9.5157824e-01   4.1314843e-01   7.5340064e-01   8.6201768e-01   7.0420007e-01   9.2353066e-01   7.8060504e-01   8.1018342e-01   8.5279309e-01   6.4528083e-01   8.4296106e-01   6.9018504e-01   9.3541752e-01   4.7111568e-01   7.6786033e-01   8.4359392e-01
  -9.3360265e-01   3.2783895e-01   1.0000000e+00   9.0130233e-02   8.9449644e-01   6.1340582e-01   8.4573913e-01   7.4970930e-01   8.9249601e-01   6.0810082e-01   9.5131337e-01   3.9955840e-01   9.4714063e-01   4.3500418e-01   1.0000000e+00   9.0499718e-02   8.8630869e-01   6.3736543e-01
  -7.3336555e-01   7.4052346e-01   9.8586480e-01  -2.3573996e-01   9.8053148e-01   2.8564745e-01   9.4956964e-01   4.7447092e-01   9.6815249e-01   3.4966002e-01   1.0000000e+00   1.1523973e-01   1.0000000e+00   1.3451621e-01   9.7782764e-01  -2.7689863e-01   9.6663652e-01   3.6571719e-01
  -4.2580381e-01   9.0442558e-01   9.1190575e-01  -5.2860354e-01   1.0000000e+00  -8.2686640e-02   1.0000000e+00   1.1703086e-01   1.0000000e+00   5.2526882e-02   9.9324103e-01  -1.8844379e-01   9.9523396e-01  -1.8732669e-01   8.7899985e-01  -5.7008244e-01   1.0000000e+00   4.9853325e-02
  -1.1274148e-01   7.6871327e-01   7.8861514e-01  -7.4360902e-01   9.5001126e-01  -4.3854025e-01   9.8660569e-01  -2.7858682e-01   9.8409571e-01  -2.5418888e-01   9.3024184e-01  -4.7886753e-01   9.3214453e-01  -4.9306672e-01   7.2696468e-01  -7.3399513e-01   9.8191644e-01  -2.7595236e-01
   1.0128788e-01   3.7663393e-01   6.3525775e-01  -8.3667902e-01   8.3886849e-01  -7.1797528e-01   9.0836719e-01  -6.4416805e-01   9.2207744e-01  -5.2798477e-01   8.1762947e-01  -7.0962270e-01   8.1813973e-01  -7.3236204e-01   5.5585128e-01  -7.3423877e-01   9.1446694e-01  -5.6315934e-01
   1.4581998e-01  -1.3733445e-01   4.7796246e-01  -7.8332178e-01   6.8675463e-01  -8.6408502e-01   7.7680349e-01  -9.0393795e-01   8.2291881e-01  -7.2095674e-01   6.7126513e-01  -8.3233584e-01   6.7022822e-01  -8.5510822e-01   4.0344228e-01  -5.7469548e-01   8.0805258e-01  -7.5911102e-01
   7.6025573e-03  -6.0128912e-01   3.4454779e-01  -5.9086556e-01   5.2223917e-01  -8.4694749e-01   6.1486157e-01  -1.0000000e+00   7.0243696e-01  -7.9566647e-01   5.1472292e-01  -8.1520387e-01   5.1305071e-01  -8.3047850e-01   3.0190366e-01  -2.9937594e-01   6.8054540e-01  -8.2436626e-01
  -2.6678279e-01  -8.6717865e-01   2.5843538e-01  -2.9699195e-01   3.7620265e-01  -6.7277782e-01   4.5234499e-01  -9.1071617e-01   5.8060798e-01  -7.3820348e-01   3.7493312e-01  -6.5570444e-01   3.7414554e-01  -6.5913003e-01   2.6996536e-01   2.1193593e-02   5.5412643e-01  -7.4574948e-01
  -5.8887754e-01  -8.5852339e-01   2.3370658e-01   4.0281559e-02   2.7502044e-01  -3.8202489e-01   3.1906032e-01  -6.5800349e-01   4.7730122e-01  -5.6418478e-01   2.7619799e-01  -3.8432562e-01   2.7778343e-01  -3.7565294e-01   3.0921556e-01   3.1114498e-01   4.5057079e-01  -5.4183679e-01
  -8.5905661e-01  -5.9264842e-01   2.7251852e-01   3.5695562e-01   2.3498951e-01  -3.8307218e-02   2.3783210e-01  -3.0149903e-01   4.0781083e-01  -3.1513262e-01   2.3448138e-01  -5.7769971e-02   2.3932078e-01  -4.0402060e-02   4.0527470e-01   5.1009899e-01   3.8639774e-01  -2.5899774e-01
  -1.0000000e+00  -1.6677285e-01   3.6537588e-01   5.9759007e-01   2.5946746e-01   2.8895378e-01   2.1946683e-01   7.9673462e-02   3.7964418e-01  -4.5585657e-02   2.5382268e-01   2.5715659e-01   2.6186391e-01   2.7757805e-01   5.3306415e-01   5.8564706e-01   3.6933919e-01   4.1923979e-02
  -9.7724297e-01   2.8432778e-01   4.9376017e-01   7.2335482e-01   3.3947259e-01   5.3959621e-01   2.6150785e-01   4.0759338e-01   3.9181508e-01   1.9153138e-01   3.2625559e-01   5.0013153e-01   3.3648554e-01   5.1743709e-01   6.6328898e-01   5.3247041e-01   3.9747285e-01   3.0116328e-01
  -8.0613330e-01   6.3076069e-01   6.3351114e-01   7.1526933e-01   4.5617302e-01   6.7191530e-01   3.4952718e-01   6.2079419e-01   4.3578241e-01   3.5502603e-01   4.3391167e-01   6.2827972e-01   4.4460182e-01   6.3745803e-01   7.6802204e-01   3.6739581e-01   4.6019462e-01   4.7180240e-01
  -5.4281270e-01   7.8137808e-01   7.5901621e-01   5.7683739e-01   5.8511980e-01   6.6815183e-01   4.6103063e-01   6.8497004e-01   4.9796335e-01   4.2197024e-01   5.5315604e-01   6.2294766e-01   5.6231333e-01   6.2139075e-01   8.2547155e-01   1.2618777e-01   5.4109221e-01   5.2794577e-01
  -2.6621453e-01   7.0342992e-01   8.4767760e-01   3.3670674e-01   7.0103316e-01   5.3788296e-01   5.7053765e-01   5.9958486e-01   5.6288461e-01   3.9169284e-01   6.5943486e-01   4.9355897e-01   6.6531901e-01   4.8162587e-01   8.2397884e-01  -1.3815194e-01   6.2164564e-01   4.6952578e-01
  -5.5363157e-02   4.3249921e-01   8.8461466e-01   4.6811194e-02   7.8296681e-01   3.1781665e-01   6.5536884e-01   3.9967502e-01   6.1675126e-01   2.8704684e-01   7.3254927e-01   2.7783973e-01   7.3412525e-01   2.5859348e-01   7.6531124e-01  -3.6296464e-01   6.8539846e-01   3.2333007e-01
   3.5566562e-02   6.0810267e-02   8.6639982e-01  -2.2988272e-01   8.1903646e-01   6.2482579e-02   7.0131858e-01   1.4595341e-01   6.5096008e-01   1.4769889e-01   7.6157849e-01   3.2411500e-02   7.5875535e-01   1.0593394e-02   6.6518881e-01  -4.9343360e-01   7.2198911e-01   1.3526148e-01
  -9.3134332e-03  -2.9587629e-01   8.0118800e-01  -4.3648647e-01   8.0801840e-01  -1.7095449e-01   7.0504016e-01  -9.3917022e-02   6.6350024e-01   1.7227710e-02   7.4655759e-01  -1.8348580e-01   7.4016764e-01  -2.0277705e-01   5.4919249e-01  -4.9951750e-01   7.2880524e-01  -4.3926991e-02
  -1.6500315e-01  -5.3508913e-01   7.0627736e-01  -5.3653672e-01   7.5862092e-01  -3.3722312e-01   6.7379025e-01  -2.6435142e-01   6.5864069e-01  -7.0102870e-02   6.9761202e-01  -3.2413638e-01   6.8916765e-01  -3.3669413e-01   4.4598154e-01  -3.8505576e-01   7.1073614e-01  -1.7296746e-01
  -3.7655423e-01  -5.9820515e-01   6.0333674e-01  -5.2135037e-01   6.8616664e-01  -4.1274772e-01   6.2209851e-01  -3.3562099e-01   6.4464544e-01  -9.8526743e-02   6.3124348e-01  -3.6831209e-01   6.2256708e-01  -3.7168076e-01   3.7962414e-01  -1.8512132e-01   6.7775231e-01  -2.3018623e-01
  -5.7808924e-01  -4.8493305e-01   5.1304189e-01  -4.0945772e-01   6.0811240e-01  -3.9860653e-01   5.6691958e-01  -3.0870575e-01   6.3060446e-01  -7.3222186e-02   5.6536160e-01  -3.2216439e-01   5.5819636e-01  -3.1600781e-01   3.6366474e-01   4.5641431e-02   6.4146143e-01  -2.1670133e-01
  -7.1374008e-01  -2.4757287e-01   4.5048037e-01  -2.3861123e-01   5.3965463e-01  -3.1607669e-01   5.2273780e-01  -2.1027234e-01   6.2340879e-01  -1.5562207e-02   5.1451939e-01  -2.1356112e-01   5.1020438e-01  -1.9956743e-01   3.9842334e-01   2.4947051e-01   6.1170141e-01  -1.5225868e-01
  -7.5285831e-01   3.1780070e-02   4.2267137e-01  -5.3479135e-02   4.9081066e-01  -1.9691828e-01   4.9825573e-01  -8.0537780e-02   6.2594824e-01   4.6323893e-02   4.8690163e-01  -8.0709855e-02   4.8615941e-01  -6.2120439e-02   4.7218377e-01   3.8057370e-01   5.9430228e-01  -6.6016242e-02
  -6.9589651e-01   2.6824589e-01   4.2834795e-01   1.0567579e-01   4.6539589e-01  -7.3456764e-02   4.9521895e-01   3.9557968e-02   6.3679180e-01   8.6804038e-02   4.8347592e-01   3.9226408e-02   4.8632773e-01   5.8368332e-02   5.6501033e-01   4.1420668e-01   5.9035828e-01   1.2908623e-02
  -5.7094727e-01   3.9842799e-01   4.5965006e-01   2.1125015e-01   4.6167709e-01   2.9113898e-02   5.0921000e-01   1.1897729e-01   6.5116602e-01   8.9814777e-02   4.9906833e-01   1.1913339e-01   5.0488641e-01   1.3489108e-01   6.5409566e-01   3.4971913e-01   5.9686158e-01   6.3077039e-02
  -4.2268984e-01   3.9560752e-01   5.0499903e-01   2.5214112e-01   4.7418238e-01   9.6697832e-02   5.3192524e-01   1.4279557e-01   6.6279502e-01   5.2424543e-02   5.2480061e-01   1.4688654e-01   5.3247760e-01   1.5627203e-01   7.1905443e-01   2.0828066e-01   6.0832891e-01   7.5012852e-02
  -2.9778026e-01   2.7483029e-01   5.5234433e-01   2.3397246e-01   4.9594159e-01   1.2728503e-01   5.5410931e-01   1.1423489e-01   6.6603724e-01  -1.4806231e-02   5.5108321e-01   1.2662216e-01   5.5927865e-01   1.2816768e-01   7.4636717e-01   2.7223571e-02   6.1884004e-01   5.2380187e-02
  -2.3141460e-01   8.5268609e-02   5.9191329e-01   1.7541912e-01   5.2050638e-01   1.2881091e-01   5.6826185e-01   5.1601909e-02   6.5766626e-01  -9.1314154e-02   5.7028426e-01   7.5598616e-02   5.7768585e-01   6.9545739e-02   7.3192097e-01  -1.4854734e-01   6.2386505e-01   9.4162259e-03
  -2.3632863e-01  -1.0746081e-01   6.1843904e-01   1.0147543e-01   5.4368486e-01   1.1475927e-01   5.7092698e-01  -1.8858161e-02   6.3817419e-01  -1.5331948e-01   5.7892237e-01   1.7433462e-02   5.8447405e-01   5.5127066e-03   6.8195062e-01  -2.7784178e-01   6.2175346e-01  -3.4640400e-02
  -3.0254337e-01  -2.4355623e-01   6.3126919e-01   3.5729368e-02   5.6381126e-01   9.8592269e-02   5.6291794e-01  -7.2193124e-02   6.1141743e-01  -1.8152702e-01   5.7773776e-01  -2.6178057e-02   5.8078792e-01  -4.1224078e-02   6.1056997e-01  -3.3259072e-01   6.1374480e-01  -6.2443760e-02
  -4.0194949e-01  -2.8688035e-01   6.3365106e-01  -6.0800090e-03   5.8143044e-01   8.9139494e-02   5.4861863e-01  -9.2399305e-02   5.8354914e-01  -1.6713888e-01   5.7086119e-01  -4.2180377e-02   5.7122935e-01  -5.7227813e-02   5.3617517e-01  -3.0469413e-01   6.0333596e-01  -6.4091870e-02
  -4.9918215e-01  -2.3384302e-01   6.3077775e-01  -1.9491588e-02   5.9808445e-01   8.7995637e-02   5.3401382e-01  -7.6514173e-02   5.6109403e-01  -1.1413358e-01   5.6376367e-01  -2.9367485e-02   5.6172592e-01  -4.1546144e-02   4.7657461e-01  -2.0699063e-01   5.9479699e-01  -3.9781459e-02
  -5.6331010e-01  -1.1104486e-01   6.2761623e-01  -1.0889113e-02   6.1492752e-01   8.9790392e-02   5.2449887e-01  -3.4014667e-02   5.4904852e-01  -3.7357249e-02   5.6108115e-01   2.6965893e-03   5.5728785e-01  -4.5287890e-03   4.4462762e-01  -6.8626985e-02   5.9160290e-01   1.1449293e-03
  -5.7685986e-01   3.6377543e-02   6.2717372e-01   6.4524307e-03   6.3166165e-01   8.5188733e-02   5.2314717e-01   1.7798792e-02   5.4955759e-01   4.2595609e-02   5.6499364e-01   3.8254301e-02   5.6033716e-01   3.6944196e-02   4.4548497e-01   7.3690620e-02   5.9527019e-01   4.4123911e-02
  -5.3977494e-01   1.6025914e-01   6.2970771e-01   1.8016484e-02   6.4619278e-01   6.5303089e-02   5.2992549e-01   6.0197353e-02   5.6149607e-01   1.0557121e-01   5.7461555e-01   6.1302559e-02   5.7006974e-01   6.5656674e-02   4.7598003e-01   1.8548914e-01   6.0492932e-01   7.4490753e-02
  -4.6779794e-01   2.2393758e-01   6.3301974e-01   1.3423951e-02   6.5513072e-01   2.5929331e-02   5.4197904e-01   7.9110472e-02   5.8098433e-01   1.3733782e-01   5.8647621e-01   6.1013673e-02   5.8293313e-01   6.9723244e-02   5.2613263e-01   2.4280704e-01   6.1769438e-01   8.2170851e-02
  -3.8631219e-01   2.1208931e-01   6.3361552e-01  -1.0159913e-02   6.5495043e-01  -2.9946564e-02   5.5479217e-01   6.9213439e-02   6.0262001e-01   1.3303626e-01   5.9584876e-01   3.5133736e-02   5.9397744e-01   4.6176689e-02   5.8219268e-01   2.3710551e-01   6.2965693e-01   6.4646220e-02
  -3.2172896e-01   1.3372975e-01   6.2826504e-01  -4.7453291e-02   6.4339713e-01  -9.2291294e-02   5.6380799e-01   3.5045356e-02   6.2105500e-01   9.7877009e-02   5.9847184e-01  -9.4722089e-03   5.9861944e-01   1.6160501e-03   6.3036541e-01   1.7596805e-01   6.3717388e-01   2.7475069e-02
  -2.9374472e-01   1.7710479e-02   6.1530033e-01  -8.7247788e-02   6.2052396e-01  -1.4673200e-01   5.6585694e-01  -1.1050338e-02   6.3235043e-01   4.4974029e-02   5.9197839e-01  -5.9206778e-02   5.9412465e-01  -5.0173623e-02   6.5998672e-01   7.9720164e-02   6.3794851e-01  -1.7709415e-02
  -3.0884061e-01  -9.7571420e-02   5.9556007e-01  -1.1638364e-01   5.8926232e-01  -1.7898528e-01   5.6030897e-01  -5.3326396e-02   6.3507392e-01  -9.0371838e-03   5.7695213e-01  -9.8316114e-02   5.8073090e-01  -9.2856929e-02   6.6615771e-01  -2.4918567e-02   6.3185348e-01  -5.7073833e-02
  -3.6022333e-01  -1.7684865e-01   5.7215556e-01  -1.2411312e-01   5.5482626e-01  -1.7916635e-01   5.4899927e-01  -7.7875863e-02   6.3025966e-01  -4.9047818e-02   5.5663984e-01  -1.1394232e-01   5.6141648e-01  -1.1274874e-01   6.4993939e-01  -1.1206595e-01   6.2077384e-01  -7.8918403e-02
  -4.3033030e-01  -1.9873837e-01   5.4977244e-01  -1.0551029e-01   5.2364471e-01  -1.4492228e-01   5.3566137e-01  -7.6971339e-02   6.2093540e-01  -6.5740699e-02   5.3612996e-01  -1.0018592e-01   5.4113037e-01  -1.0305232e-01   6.1767747e-01  -1.6301371e-01   6.0806649e-01  -7.7203622e-02
  -4.9731009e-01  -1.6076489e-01   5.3334043e-01  -6.2825493e-02   5.0179494e-01  -8.2111210e-02   5.2463454e-01  -5.0984315e-02   6.1097658e-01  -5.7511659e-02   5.2080944e-01  -5.9591204e-02   5.2527001e-01  -6.5534391e-02   5.7877287e-01  -1.6976792e-01   5.9747727e-01  -5.2941330e-02
  -5.4173312e-01  -7.8422012e-02   5.2671966e-01  -4.8444758e-03   4.9357832e-01  -3.3859840e-03   5.1955087e-01  -7.8387844e-03   6.0392602e-01  -3.0090692e-02   5.1486788e-01  -2.1967520e-03   5.1817775e-01  -9.7285087e-03   5.4315432e-01  -1.3572650e-01   5.9207225e-01  -1.3535162e-02
  -5.5221167e-01   2.0876005e-02   5.3164028e-01   5.5473682e-02   5.0048731e-01   7.4881262e-02   5.2225553e-01   3.9639841e-02   6.0199603e-01   5.7830467e-03   5.2012936e-01   5.7419784e-02   5.2193635e-01   4.9935074e-02   5.1884721e-01  -7.3658748e-02   5.9338248e-01   2.9595682e-02
  -5.2813632e-01   1.0722380e-01   5.4722287e-01   1.0456055e-01   5.2087260e-01   1.3665572e-01   5.3230352e-01   7.7788795e-02   6.0554613e-01   3.7981874e-02   5.3557681e-01   1.0435487e-01   5.3583419e-01   9.8350597e-02   5.1024424e-01  -1.4759673e-03   6.0102724e-01   6.4499323e-02
  -4.7878979e-01   1.5691514e-01   5.7022471e-01   1.3162621e-01   5.5038816e-01   1.6983740e-01   5.4717780e-01   9.5904327e-02   6.1316893e-01   5.6415836e-02   5.5769366e-01   1.2719926e-01   5.5664486e-01   1.2364176e-01   5.1753771e-01   6.2505774e-02   6.1291513e-01   8.1884060e-02
  -4.1996324e-01   1.5879372e-01   5.9581842e-01   1.3131013e-01   5.8298388e-01   1.6893234e-01   5.6301975e-01   8.9112164e-02   6.2221200e-01   5.5699756e-02   5.8137902e-01   1.2088160e-01   5.7948667e-01   1.2012965e-01   5.3710236e-01   1.0396019e-01   6.2585164e-01   7.7506825e-02
  -3.6881563e-01   1.1653692e-01   6.1877708e-01   1.0487797e-01   6.1228975e-01   1.3609883e-01   5.7573506e-01   5.9524420e-02   6.2963706e-01   3.6382682e-02   6.0127553e-01   8.7779984e-02   5.9911231e-01   8.9583810e-02   5.6279745e-01   1.1563689e-01   6.3644116e-01   5.3117098e-02
  -3.3871385e-01   4.6225482e-02   6.3472821e-01   5.9583697e-02   6.3302835e-01   8.0236832e-02   5.8213027e-01   1.5298433e-02   6.3294181e-01   4.3718257e-03   6.1312414e-01   3.6739255e-02   6.1125009e-01   4.0365586e-02   5.8777104e-01   9.8357517e-02   6.4201043e-01   1.5655499e-02
  -3.3587772e-01  -2.9494449e-02   6.4107447e-01   6.5225451e-03   6.4203188e-01   1.4507388e-02   5.8069114e-01  -3.1936798e-02   6.3082539e-01  -3.1113630e-02   6.1470635e-01  -1.9557256e-02   6.1355985e-01  -1.5115753e-02   6.0615739e-01   5.9830421e-02   6.4124545e-01  -2.4908439e-02
  -3.5812954e-01  -8.8702459e-02   6.3749162e-01  -4.2344366e-02   6.3878521e-01  -4.7009582e-02   5.7192425e-01  -7.0457161e-02   6.2352161e-01  -6.0364832e-02   6.0628862e-01  -6.8066211e-02   6.0611191e-01  -6.3839014e-02   6.1441746e-01   1.1966413e-02   6.3448107e-01  -5.8425009e-02
  -3.9650903e-01  -1.1666877e-01   6.2577613e-01  -7.7196915e-02   6.2525069e-01  -9.2640160e-02   5.5807228e-01  -9.1624885e-02   6.1263343e-01  -7.5953028e-02   5.9033876e-01  -9.8725369e-02   5.9115459e-01  -9.5536161e-02   6.1187792e-01  -3.2685103e-02   6.2348736e-01  -7.7277482e-02
  -4.3857263e-01  -1.0919213e-01   6.0922309e-01  -9.2384009e-02   6.0518076e-01  -1.1535977e-01   5.4242215e-01  -9.1770659e-02   6.0062596e-01  -7.4454482e-02   5.7075305e-01  -1.0653270e-01   5.7239057e-01  -1.0484435e-01   6.0049475e-01  -6.3999513e-02   6.1092297e-01  -7.8032018e-02
  -4.7230040e-01  -7.2750288e-02   5.9173906e-01  -8.7295278e-02   5.8313807e-01  -1.1378401e-01   5.2842385e-01  -7.2668516e-02   5.9014934e-01  -5.7002338e-02   5.5183539e-01  -9.2228381e-02   5.5399543e-01  -9.2090000e-02   5.8406178e-01  -7.6392678e-02   5.9962608e-01  -6.1919404e-02
