   9.9795333e-02   4.4337183e-01   5.9412400e-02   5.4793203e-01   3.5145929e-02   1.6951829e-01   4.1635175e-02   7.8912711e-01   2.8300012e-02   1.8715553e-01   8.1590116e-02   2.3466865e-01   6.1741250e-02   6.1249944e-01   1.4947477e-01   4.7055255e-01   7.0540266e-02   2.3001003e-01
   1.2348976e-01  -2.9432629e-01   2.0423894e-01   8.6462524e-01   1.0854730e-01   5.9650657e-01   2.0459452e-01   9.8144830e-01   8.8485923e-02   5.4220337e-01   1.4708272e-01   5.7236025e-01   2.0108423e-01   8.9405876e-01   2.9063988e-01   8.4828469e-01   1.3875714e-01   6.0989987e-01
  -8.2563217e-02  -8.3137407e-01   3.9466341e-01   1.0000000e+00   2.4880712e-01   8.7994070e-01   3.8577895e-01   1.0000000e+00   1.9818712e-01   7.9862312e-01   2.5883474e-01   8.1479945e-01   3.7518989e-01   1.0000000e+00   4.8757755e-01   1.0000000e+00   2.5743598e-01   8.6424790e-01
  -4.1513305e-01  -1.0000000e+00   5.9448439e-01   9.6273413e-01   4.2676402e-01   1.0000000e+00   5.5911315e-01   9.0519492e-01   3.4096709e-01   9.5135983e-01   4.0136809e-01   9.5850305e-01   5.5501864e-01   9.6434056e-01   6.9205342e-01   9.2567798e-01   4.0626282e-01   9.9082989e-01
  -7.3696827e-01  -7.8099533e-01   7.7260446e-01   7.9200541e-01   6.1253242e-01   9.6747569e-01   7.0955257e-01   7.5473023e-01   5.0000495e-01   1.0000000e+00   5.5871158e-01   1.0000000e+00   7.1885475e-01   8.3054924e-01   8.6172127e-01   6.7826382e-01   5.6567521e-01   1.0000000e+00
  -9.3134775e-01  -3.0077367e-01   9.0707994e-01   5.3587448e-01   7.8017072e-01   8.1100156e-01   8.3073364e-01   5.8532980e-01   6.5862232e-01   9.4684652e-01   7.1419461e-01   9.3441599e-01   8.5240552e-01   6.3523466e-01   9.6841048e-01   3.3498033e-01   7.1823056e-01   9.0704987e-01
  -9.3950696e-01   2.5063825e-01   9.8490929e-01   2.3383254e-01   9.0947944e-01   5.6165221e-01   9.2066455e-01   4.0927401e-01   8.0084354e-01   7.9864985e-01   8.5052743e-01   7.5970699e-01   9.4688415e-01   4.0259612e-01   1.0000000e+00  -3.0358448e-02   8.4896242e-01   7.2751358e-01
  -7.6846326e-01   6.9508818e-01   1.0000000e+00  -8.3864304e-02   9.8579715e-01   2.4790315e-01   9.7797934e-01   2.2241044e-01   9.1226510e-01   5.6827225e-01   9.5071351e-01   4.8263601e-01   9.9701664e-01   1.4781902e-01   9.5851856e-01  -3.5603796e-01   9.4536014e-01   4.7698789e-01
  -4.8054848e-01   9.0199915e-01   9.5223984e-01  -3.8584998e-01   1.0000000e+00  -9.7778142e-02   1.0000000e+00   1.8340286e-02   9.8116369e-01   2.7654993e-01   1.0000000e+00   1.2596423e-01   1.0000000e+00  -1.1473218e-01   8.5781669e-01  -5.9018923e-01   9.9764519e-01   1.7561934e-01
  -1.7208732e-01   8.0851526e-01   8.4862604e-01  -6.3253799e-01   9.5004734e-01  -4.3118548e-01   9.8384522e-01  -1.9789998e-01   1.0000000e+00  -4.5305808e-02   9.8893463e-01  -2.6615555e-01   9.5626164e-01  -3.6316821e-01   7.2146787e-01  -6.9228372e-01   1.0000000e+00  -1.4625643e-01
   5.3805760e-02   4.4547366e-01   7.0461807e-01  -7.8125248e-01   8.4322437e-01  -6.9762148e-01   9.2914881e-01  -4.0269149e-01   9.6721073e-01  -3.5415444e-01   9.1680454e-01  -6.2819363e-01   8.7116563e-01  -5.6476026e-01   5.7944043e-01  -6.4464983e-01   9.5240887e-01  -4.4554455e-01
   1.2256895e-01  -6.2984790e-02   5.4331666e-01  -8.0152368e-01   6.9703914e-01  -8.4590532e-01   8.4125188e-01  -5.5896763e-01   8.8891786e-01  -6.0054348e-01   7.9435254e-01  -8.8655704e-01   7.5659778e-01  -6.8269700e-01   4.6187381e-01  -4.6336332e-01   8.6240392e-01  -6.7289877e-01
   1.2549210e-02  -5.4709040e-01   3.9152358e-01  -6.8805612e-01   5.3677386e-01  -8.4586414e-01   7.3224658e-01  -6.3140114e-01   7.7885055e-01  -7.4160345e-01   6.4310680e-01  -9.8235662e-01   6.3040623e-01  -6.8999419e-01   3.9213646e-01  -1.9598010e-01   7.4489127e-01  -7.8667827e-01
  -2.3937525e-01  -8.5198469e-01   2.7431038e-01  -4.6305871e-01   3.9056429e-01  -6.9799950e-01   6.1939856e-01  -5.9998056e-01   6.5625492e-01  -7.5379931e-01   4.9147067e-01  -8.9080081e-01   5.1357198e-01  -5.8048134e-01   3.8155326e-01   9.2443786e-02   6.1990823e-01  -7.6568384e-01
  -5.5242124e-01  -8.8835806e-01   2.0996689e-01  -1.7052364e-01   2.8350649e-01  -4.3386860e-01   5.2150517e-01  -4.6866086e-01   5.4203339e-01  -6.4098334e-01   3.6835708e-01  -6.3102538e-01   4.2588652e-01  -3.7373447e-01   4.2767058e-01   3.3780838e-01   5.0868570e-01  -6.1685173e-01
  -8.3013162e-01  -6.5910387e-01   2.0660789e-01   1.3436141e-01   2.3246641e-01  -1.0826293e-01   4.5437114e-01  -2.6618603e-01   4.5421225e-01  -4.3432081e-01   2.9629267e-01  -2.6259506e-01   3.8143300e-01  -1.1209021e-01   5.1617990e-01   4.9297370e-01   4.2908995e-01  -3.7506822e-01
  -9.9294518e-01  -2.5059332e-01   2.6119217e-01   3.9821459e-01   2.4295446e-01   2.1525942e-01   4.2691150e-01  -3.7267816e-02   4.0410557e-01  -1.8274049e-01   2.8610167e-01   1.3201207e-01   3.8531697e-01   1.5076992e-01   6.2549214e-01   5.3545918e-01   3.9175856e-01  -9.3485061e-02
  -1.0000000e+00   2.0637087e-01   3.6104823e-01   5.7901188e-01   3.0904093e-01   4.7861182e-01   4.3962383e-01   1.7069876e-01   3.9471092e-01   6.0801146e-02   3.3529132e-01   4.6977953e-01   4.3304459e-01   3.6367488e-01   7.3171297e-01   4.6484810e-01   3.9848356e-01   1.7070279e-01
  -8.5828710e-01   5.7900752e-01   4.8655903e-01   6.5088085e-01   4.1515199e-01   6.3875030e-01   4.8492857e-01   3.1807483e-01   4.2085128e-01   2.5070103e-01   4.2919455e-01   6.8490936e-01   5.1178091e-01   4.8806205e-01   8.1275384e-01   2.9848267e-01   4.4240875e-01   3.6852390e-01
  -6.1606231e-01   7.6833358e-01   6.1480189e-01   6.0659014e-01   5.3961153e-01   6.7341993e-01   5.4940692e-01   3.8042622e-01   4.7118654e-01   3.5686854e-01   5.4493972e-01   7.4076180e-01   6.0340974e-01   5.0447544e-01   8.5187155e-01   6.9697690e-02   5.1022291e-01   4.6827139e-01
  -3.4679251e-01   7.3125734e-01   7.2345565e-01   4.5976419e-01   6.5882654e-01   5.8483074e-01   6.1700238e-01   3.5355684e-01   5.3113916e-01   3.6987765e-01   6.5661487e-01   6.3647757e-01   6.8834041e-01   4.1659290e-01   8.4087982e-01  -1.7284713e-01   5.8535407e-01   4.6116491e-01
  -1.2777166e-01   4.9253628e-01   7.9496508e-01   2.4464625e-01   7.5190525e-01   4.0047832e-01   6.7285414e-01   2.5579243e-01   5.8638893e-01   3.0330147e-01   7.4104659e-01   4.0847188e-01   7.4977422e-01   2.5231884e-01   7.8278155e-01  -3.7202015e-01   6.5175890e-01   3.6358344e-01
  -1.5726469e-02   1.3665140e-01   8.2035628e-01   8.7143479e-03   8.0519093e-01   1.6653813e-01   7.0728046e-01   1.2274534e-01   6.2656548e-01   1.8924478e-01   7.8352309e-01   1.2100395e-01   7.7790753e-01   5.7039628e-02   6.9212139e-01  -4.7857443e-01   6.9785633e-01   2.1193627e-01
  -3.2526257e-02  -2.2339652e-01   8.0032943e-01  -1.9977069e-01   8.1423462e-01  -6.4960856e-02   7.1754953e-01  -4.8719707e-03   6.4712488e-01   6.7254847e-02   7.8033179e-01  -1.5283996e-01   7.7157710e-01  -1.1994094e-01   5.9137069e-01  -4.6705186e-01   7.1852047e-01   5.0642451e-02
  -1.6031749e-01  -4.8264093e-01   7.4442045e-01  -3.4377329e-01   7.8389121e-01  -2.4943172e-01   7.0786484e-01  -9.3903186e-02   6.4975348e-01  -2.8006219e-02   7.3886962e-01  -3.5134712e-01   7.3792574e-01  -2.3946710e-01   5.0504073e-01  -3.4424691e-01   7.1551786e-01  -8.0901923e-02
  -3.5095876e-01  -5.7614873e-01   6.6776017e-01  -4.0505246e-01   7.2580758e-01  -3.5942161e-01   6.8697797e-01  -1.2778498e-01   6.4063704e-01  -7.6276351e-02   6.7434587e-01  -4.3930667e-01   6.8944676e-01  -2.8230141e-01   4.5304569e-01  -1.4570338e-01   6.9574007e-01  -1.5831727e-01
  -5.4320901e-01  -4.9508725e-01   5.8705309e-01  -3.8601988e-01   6.5480471e-01  -3.8849382e-01   6.6486741e-01  -1.0942708e-01   6.2777843e-01  -7.5407755e-02   6.0500986e-01  -4.1388965e-01   6.4004612e-01  -2.5195266e-01   4.4585439e-01   7.5902351e-02   6.6844485e-01  -1.7629991e-01
  -6.8234408e-01  -2.8348888e-01   5.1672586e-01  -3.0593725e-01   5.8508630e-01  -3.4886890e-01   6.4946023e-01  -5.7589105e-02   6.1819912e-01  -3.8861828e-02   5.4719326e-01  -3.0067263e-01   6.0121500e-01  -1.7038605e-01   4.8250345e-01   2.6612053e-01   6.4232872e-01  -1.4643586e-01
  -7.3547867e-01  -1.8519585e-02   4.6629530e-01  -1.9312149e-01   5.2738786e-01  -2.6428265e-01   6.4449043e-01   1.4946037e-03   6.1595211e-01   1.1260124e-02   5.1164027e-01  -1.4234367e-01   5.7948513e-01  -6.8831026e-02   5.5171877e-01   3.8252533e-01   6.2335577e-01  -9.0432994e-02
  -6.9882302e-01   2.1652076e-01   4.3938043e-01  -7.6255647e-02   4.8758280e-01  -1.6134652e-01   6.4897114e-01   4.3657419e-02   6.2135179e-01   5.2428967e-02   5.0180492e-01   1.5092411e-02   5.7563340e-01   2.2434184e-02   6.3542741e-01   4.0346813e-01   6.1376084e-01  -3.1897691e-02
  -5.9506922e-01   3.5645280e-01   4.3439350e-01   2.2137973e-02   4.6688253e-01  -6.2722745e-02   6.5832398e-01   5.3967101e-02   6.3151415e-01   6.8260221e-02   5.1437917e-01   1.3401526e-01   5.8566651e-01   8.1783907e-02   7.1347498e-01   3.3030871e-01   6.1236192e-01   1.0431247e-02
  -4.6404717e-01   3.7051627e-01   4.4616011e-01   8.9247785e-02   4.6296489e-01   1.6798149e-02   6.6640500e-01   3.0351868e-02   6.4168856e-01   5.2479222e-02   5.4127476e-01   1.9295569e-01   6.0279802e-01   1.0045734e-01   7.6822107e-01   1.8526460e-01   6.1568621e-01   2.6900175e-02
  -3.4916847e-01   2.6868537e-01   4.6800725e-01   1.2278242e-01   4.7160965e-01   7.1585917e-02   6.6788902e-01  -1.6543885e-02   6.4703594e-01   1.0082205e-02   5.7253948e-01   1.8991926e-01   6.1991199e-01   8.3244715e-02   7.8838921e-01   5.7094033e-03   6.1957530e-01   1.8409328e-02
  -2.8429796e-01   9.5522690e-02   4.9367286e-01   1.2915686e-01   4.8827714e-01   1.0392248e-01   6.6018151e-01  -6.7450880e-02   6.4426488e-01  -4.4817438e-02   5.9927211e-01   1.4026544e-01   6.3171792e-01   4.5384410e-02   7.7127194e-01  -1.6438273e-01   6.2071409e-01  -5.3148920e-03
  -2.8340485e-01  -8.6576920e-02   5.1883592e-01   1.1968066e-01   5.0942963e-01   1.2088065e-01   6.4451770e-01  -1.0162974e-01   6.3284789e-01  -9.4070570e-02   6.1608776e-01   6.9779963e-02   6.3628015e-01   6.3377411e-03   7.2321660e-01  -2.8537877e-01   6.1782049e-01  -3.0136685e-02
  -3.3902937e-01  -2.1884273e-01   5.4149216e-01   1.0593699e-01   5.3293049e-01   1.3025424e-01   6.2538097e-01  -1.0423120e-01   6.1504211e-01  -1.2171968e-01   6.2182191e-01   5.1535102e-03   6.3496473e-01  -1.7258275e-02   6.5746302e-01  -3.3124222e-01   6.1178702e-01  -4.3088899e-02
  -4.2639117e-01  -2.6416702e-01   5.6166714e-01   9.5841657e-02   5.5790034e-01   1.3709742e-01   6.0900709e-01  -7.1480276e-02   5.9515978e-01  -1.1912775e-01   6.1907928e-01  -3.4440124e-02   6.3148028e-01  -1.7083495e-02   5.9070229e-01  -2.9579615e-01   6.0516756e-01  -3.6970490e-02
  -5.1311671e-01  -2.1680565e-01   5.8039409e-01   9.1357560e-02   5.8396989e-01   1.4169151e-01   6.0117827e-01  -1.1931624e-02   5.7812652e-01  -8.7400324e-02   6.1255111e-01  -4.2336822e-02   6.3008673e-01   4.6530101e-03   5.3872221e-01  -1.9335918e-01   6.0102740e-01  -1.2612529e-02
  -5.7012617e-01  -1.0083802e-01   5.9850811e-01   8.8624990e-02   6.1038520e-01   1.3971632e-01   6.0523858e-01   5.6501876e-02   5.6796475e-01  -3.6396306e-02   6.0697943e-01  -2.4451160e-02   6.3381123e-01   3.6893374e-02   5.1261734e-01  -5.3836915e-02   6.0171063e-01   2.1918625e-02
  -5.8072455e-01   4.0468006e-02   6.1564257e-01   8.0329643e-02   6.3529825e-01   1.2449708e-01   6.2084795e-01   1.1251702e-01   5.6660192e-01   1.8901343e-02   6.0537258e-01   4.7219562e-03   6.4317534e-01   6.4347444e-02   5.1629620e-01   8.6125088e-02   6.0788708e-01   5.4553557e-02
  -5.4436079e-01   1.6003931e-01   6.2993726e-01   5.9400244e-02   6.5567800e-01   9.0494264e-02   6.4405031e-01   1.3815947e-01   5.7347523e-01   6.3230081e-02   6.0818653e-01   2.8412906e-02   6.5600262e-01   7.3205771e-02   5.4621718e-01   1.9282251e-01   6.1829810e-01   7.3588770e-02
  -4.7552691e-01   2.2135528e-01   6.3843563e-01   2.2548849e-02   6.6782897e-01   3.6642571e-02   6.6837070e-01   1.2430562e-01   5.8583238e-01   8.5456294e-02   6.1342899e-01   3.3638978e-02   6.6812070e-01   5.5985250e-02   5.9282840e-01   2.4356637e-01   6.3011927e-01   7.1606097e-02
  -3.9808424e-01   2.0853940e-01   6.3809781e-01  -2.7592790e-02   6.6844172e-01  -3.1721022e-02   6.8672206e-01   7.3479843e-02   5.9967031e-01   8.1543297e-02   6.1764713e-01   1.5517464e-02   6.7479979e-01   1.4218174e-02   6.4343656e-01   2.3133900e-01   6.3986523e-01   4.7919654e-02
  -3.3726310e-01   1.2973147e-01   6.2701585e-01  -8.2565270e-02   6.5578671e-01  -1.0323199e-01   6.9349991e-01  -7.5282776e-04   6.1097207e-01   5.5333147e-02   6.1736363e-01  -2.1365244e-02   6.7240472e-01  -4.1784792e-02   6.8558270e-01   1.6520668e-01   6.4450600e-01   8.8494598e-03
  -3.1169208e-01   1.3079246e-02   6.0539674e-01  -1.3036328e-01   6.3062867e-01  -1.6319998e-01   6.8628243e-01  -7.7723815e-02   6.1689095e-01   1.6961742e-02   6.1048816e-01  -6.4806505e-02   6.5975525e-01  -9.6056383e-02   7.1010049e-01   6.6635441e-02   6.4245788e-01  -3.4251666e-02
  -3.2808236e-01  -1.0344380e-01   5.7591064e-01  -1.5906754e-01   5.9646014e-01  -1.9774628e-01   6.6655979e-01  -1.3581835e-01   6.1649652e-01  -2.0635505e-02   5.9719218e-01  -9.9437878e-02   6.3869537e-01  -1.3203870e-01   7.1302663e-01  -3.7145826e-02   6.3410069e-01  -6.8622870e-02
  -3.7992315e-01  -1.8425127e-01   5.4331531e-01  -1.6039730e-01   5.5897758e-01  -1.9778729e-01   6.3934437e-01  -1.5866437e-01   6.1090110e-01  -4.5757670e-02   5.8000033e-01  -1.1192063e-01   6.1373575e-01  -1.3769603e-01   6.9604117e-01  -1.2041272e-01   6.2169251e-01  -8.3983194e-02
  -4.5029452e-01  -2.0719475e-01   5.1343568e-01  -1.3230051e-01   5.2489000e-01  -1.6183424e-01   6.1175791e-01  -1.3985285e-01   6.0276532e-01  -5.1467891e-02   5.6309149e-01  -9.5492014e-02   5.9085104e-01  -1.0935848e-01   6.6547148e-01  -1.6533659e-01   6.0870898e-01  -7.5689806e-02
  -5.1783733e-01  -1.6904624e-01   4.9180300e-01  -7.9591613e-02   5.0040849e-01  -9.6491911e-02   5.9103354e-01  -8.4322830e-02   5.9535147e-01  -3.7224078e-02   5.5103030e-01  -5.2007486e-02   5.7581283e-01  -5.2706804e-02   6.3019186e-01  -1.6540181e-01   5.9881510e-01  -4.5894445e-02
  -5.6326193e-01  -8.4795983e-02   4.8239707e-01  -1.2786237e-02   4.8988884e-01  -1.4882384e-02   5.8263109e-01  -6.5948294e-03   5.9152129e-01  -8.4909530e-03   5.4744713e-01   8.7219108e-03   5.7265287e-01   1.8917654e-02   5.9923901e-01  -1.2565243e-01   5.9485583e-01  -2.6973607e-03
  -5.7501644e-01   1.8032589e-02   4.8669442e-01   5.4401750e-02   4.9483899e-01   6.6427017e-02   5.8879019e-01   7.3338515e-02   5.9288053e-01   2.5216374e-02   5.5393485e-01   7.1723212e-02   5.8253047e-01   8.8148073e-02   5.7955971e-01  -6.0306646e-02   5.9805424e-01   4.2224974e-02
  -5.5203345e-01   1.0892756e-01   5.0337716e-01   1.0846201e-01   5.1366359e-01   1.3141615e-01   6.0806456e-01   1.3563843e-01   5.9937482e-01   5.3464094e-02   5.6957623e-01   1.2128440e-01   6.0345628e-01   1.3841417e-01   5.7456000e-01   1.1948722e-02   6.0772048e-01   7.7053071e-02
  -5.0306864e-01   1.6309443e-01   5.2870086e-01   1.3905586e-01   5.4211326e-01   1.6801216e-01   6.3582947e-01   1.6543277e-01   6.0939875e-01   6.7755342e-02   5.9118406e-01   1.4500905e-01   6.3083733e-01   1.5795751e-01   5.8374069e-01   7.2794461e-02   6.2149278e-01   9.2828317e-02
  -4.4358361e-01   1.6829132e-01   5.5735396e-01   1.4134738e-01   5.7425377e-01   1.7070104e-01   6.6549222e-01   1.5646379e-01   6.2028195e-01   6.3840282e-02   6.1407391e-01   1.3710471e-01   6.5860493e-01   1.4276670e-01   6.0318982e-01   1.0874139e-01   6.3596524e-01   8.5769850e-02
  -3.9064803e-01   1.2732510e-01   5.8370211e-01   1.1687344e-01   6.0382942e-01   1.4143674e-01   6.9022997e-01   1.1225639e-01   6.2909301e-01   4.2684868e-02   6.3327981e-01   9.9742863e-02   6.8075174e-01   9.7323298e-02   6.2695947e-01   1.1393592e-01   6.4761375e-01   5.8063393e-02
  -3.5799972e-01   5.5857743e-02   6.0300531e-01   7.2807728e-02   6.2558169e-01   8.8726577e-02   7.0464105e-01   4.4679561e-02   6.3344595e-01   9.9070488e-03   6.4476635e-01   4.2188408e-02   6.9274602e-01   3.3105667e-02   6.4874329e-01   9.0713558e-02   6.5368282e-01   1.7001718e-02
  -3.5241496e-01  -2.3097857e-02   6.1237211e-01   1.9990291e-02   6.3627808e-01   2.5324631e-02   7.0597855e-01  -2.9409048e-02   6.3212613e-01  -2.5957375e-02   6.4637304e-01  -2.1792905e-02   6.9254455e-01  -3.4519079e-02   6.6345862e-01   4.8194521e-02   6.5284719e-01  -2.7093299e-02
  -3.7239036e-01  -8.6838020e-02   6.1123097e-01  -2.9963492e-02   6.3521919e-01  -3.5107097e-02   6.9465707e-01  -9.2857012e-02   6.2536977e-01  -5.6044396e-02   6.3824884e-01  -7.7805840e-02   6.8094032e-01  -9.0474608e-02   6.6839042e-01  -8.9332179e-04   6.4547623e-01  -6.3800136e-02
  -4.0955253e-01  -1.1939110e-01   6.0117940e-01  -6.7347456e-02   6.2408088e-01  -8.1083289e-02   6.7387756e-01  -1.3237167e-01   6.1470106e-01  -7.3499954e-02   6.2263061e-01  -1.1437378e-01   6.6113858e-01  -1.2355709e-01   6.6352153e-01  -4.3808695e-02   6.3341551e-01  -8.5182172e-02
  -4.5169677e-01  -1.1541881e-01   5.8540601e-01  -8.6342755e-02   6.0630083e-01  -1.0556624e-01   6.4867623e-01  -1.4137335e-01   6.0247987e-01  -7.5077930e-02   6.0318199e-01  -1.2544406e-01   6.3784440e-01  -1.2878342e-01   6.5121920e-01  -7.0932923e-02   6.1945555e-01  -8.7536477e-02
  -4.8674563e-01  -8.0653429e-02   5.6779422e-01  -8.5869826e-02   5.8612505e-01  -1.0695553e-01   6.2458154e-01  -1.2092455e-01   5.9125569e-01  -6.1634544e-02   5.8402387e-01  -1.1129809e-01   6.1603882e-01  -1.0798082e-01   6.3534635e-01  -7.7784435e-02   6.0659270e-01  -7.1915802e-02
