   1.2430680e-01   4.4435677e-01   1.4834825e-01   3.1403264e-01   9.6145297e-02   6.9176401e-01   1.3588944e-01   8.7960665e-01   5.6576422e-02   2.9159651e-01   1.6799274e-01   7.8326544e-01   1.3616889e-01   1.0719727e-02   1.7417641e-02   4.1367413e-01   1.0281341e-01   2.0633839e-01
   1.4744285e-01  -2.9858162e-01   2.4060564e-01   7.1356992e-01   2.6596116e-01   9.3630317e-01   3.1648910e-01   1.0000000e+00   1.3236979e-01   6.4107126e-01   3.2383980e-01   9.8320920e-01   1.6944473e-01   3.8744843e-01   1.6911549e-01   8.2015926e-01   1.6636964e-01   5.9922450e-01
  -6.2357220e-02  -8.3439137e-01   3.8885710e-01   9.4677868e-01   4.6728984e-01   1.0000000e+00   5.0267620e-01   9.4950013e-01   2.5478995e-01   8.7543134e-01   4.9777090e-01   1.0000000e+00   2.5970300e-01   6.9942184e-01   3.9182447e-01   1.0000000e+00   2.8043711e-01   8.6121474e-01
  -3.9916928e-01  -1.0000000e+00   5.6212628e-01   1.0000000e+00   6.6466841e-01   9.0395879e-01   6.6864751e-01   7.9786377e-01   4.0521080e-01   9.9300457e-01   6.6265750e-01   8.8881061e-01   3.9341212e-01   9.1220841e-01   6.2897457e-01   9.4491469e-01   4.2453500e-01   9.9078263e-01
  -7.2482382e-01  -7.8255454e-01   7.3043783e-01   8.9626353e-01   8.2986236e-01   6.9434665e-01   8.0170407e-01   6.0998945e-01   5.6544740e-01   1.0000000e+00   8.0142507e-01   7.0675313e-01   5.5204485e-01   1.0000000e+00   8.2944480e-01   7.0545145e-01   5.7910289e-01   1.0000000e+00
  -9.2318018e-01  -3.1024293e-01   8.6972649e-01   6.7614515e-01   9.4472568e-01   4.1991451e-01   8.9925844e-01   4.2603642e-01   7.1861568e-01   9.0617595e-01   9.0563546e-01   4.9464911e-01   7.1379154e-01   9.4901517e-01   9.5835973e-01   3.6087350e-01   7.2691721e-01   9.0591302e-01
  -9.3659339e-01   2.2939125e-01   9.6310406e-01   3.7861287e-01   1.0000000e+00   1.1748200e-01   9.6357910e-01   2.5741698e-01   8.4962593e-01   7.2434731e-01   9.7215042e-01   2.7291543e-01   8.5575956e-01   7.6038039e-01   1.0000000e+00  -1.1820024e-02   8.5339630e-01   7.2521095e-01
  -7.7317737e-01   6.6372145e-01   1.0000000e+00   3.7733560e-02   9.9281356e-01  -1.8557888e-01   9.9699694e-01   9.6951157e-02   9.4576173e-01   4.7194355e-01   1.0000000e+00   4.8756098e-02   9.5668095e-01   4.5314957e-01   9.5559548e-01  -3.4828692e-01   9.4648215e-01   4.7488330e-01
  -4.9435570e-01   8.6420727e-01   9.7599811e-01  -3.0864635e-01   9.2584356e-01  -4.6094684e-01   1.0000000e+00  -6.6097825e-02   9.9756282e-01   1.7258000e-01   9.8915184e-01  -1.7301251e-01   1.0000000e+00   6.6056435e-02   8.4055854e-01  -5.9333757e-01   9.9703896e-01   1.7661635e-01
  -1.9635775e-01   7.6929570e-01   8.9426057e-01  -6.1147081e-01   8.0828977e-01  -6.7296006e-01   9.7183472e-01  -2.3182460e-01   1.0000000e+00  -1.4105540e-01   9.4096958e-01  -3.7929204e-01   9.7723339e-01  -3.4088131e-01   6.8240159e-01  -7.0269754e-01   1.0000000e+00  -1.3732441e-01
   1.9116863e-02   4.1242562e-01   7.6725669e-01  -8.1623604e-01   6.5707797e-01  -7.8394104e-01   9.1338239e-01  -3.8266023e-01   9.5409639e-01  -4.2629627e-01   8.6024141e-01  -5.4372406e-01   8.9125371e-01  -6.9164188e-01   5.1668814e-01  -6.5603830e-01   9.5624180e-01  -4.2268819e-01
   7.9233549e-02  -8.2296070e-02   6.1617872e-01  -8.8096552e-01   4.9578846e-01  -7.6896928e-01   8.3011247e-01  -4.8964489e-01   8.6806511e-01  -6.3732972e-01   7.5703333e-01  -6.3378130e-01   7.5756258e-01  -9.1166901e-01   3.7959572e-01  -4.6925727e-01   8.7387433e-01  -6.3174782e-01
  -3.5468507e-02  -5.4626866e-01   4.6726564e-01  -7.9212218e-01   3.5072421e-01  -6.2783774e-01   7.3299776e-01  -5.2559978e-01   7.5685849e-01  -7.3754433e-01   6.4660206e-01  -6.2426064e-01   6.0221179e-01  -9.5045814e-01   2.9922473e-01  -1.9287159e-01   7.6773086e-01  -7.2710205e-01
  -2.8599765e-01  -8.2889910e-01   3.4620676e-01  -5.6896015e-01   2.4543386e-01  -3.8684860e-01   6.3700912e-01  -4.7701898e-01   6.3971349e-01  -7.1134389e-01   5.4704898e-01  -5.0900147e-01   4.5630354e-01  -7.9866209e-01   2.8884879e-01   1.0356223e-01   6.5681232e-01  -6.9341533e-01
  -5.9077740e-01  -8.4606371e-01   2.7285531e-01  -2.5775023e-01   1.9591852e-01  -9.2265425e-02   5.5782845e-01  -3.5050986e-01   5.3626278e-01  -5.7001510e-01   4.7547438e-01  -3.0619557e-01   3.4875619e-01  -4.9251958e-01   3.4489726e-01   3.5169644e-01   5.6042261e-01  -5.4267222e-01
  -8.5447655e-01  -6.0590474e-01   2.5735323e-01   8.0030545e-02   2.0753948e-01   2.0094538e-01   5.0791236e-01  -1.7276491e-01   4.6223009e-01  -3.4981795e-01   4.4379471e-01  -5.6089462e-02   2.9924678e-01  -1.0500992e-01   4.4940367e-01   5.0256721e-01   4.9396039e-01  -3.1219097e-01
  -1.0000000e+00  -1.9735873e-01   2.9883591e-01   3.8252507e-01   2.7463810e-01   4.4189533e-01   4.9337301e-01   1.7620225e-02   4.2624295e-01  -1.0126893e-01   4.5580266e-01   1.9000940e-01   3.1388852e-01   2.7534061e-01   5.7601482e-01   5.3500394e-01   4.6576287e-01  -5.4213027e-02
  -9.8991646e-01   2.4781417e-01   3.8647327e-01   5.9899405e-01   3.8237672e-01   5.9268731e-01   5.1285239e-01   1.8104391e-01   4.2869962e-01   1.2410613e-01   5.0647899e-01   3.8280845e-01   3.8466645e-01   5.6706122e-01   6.9634517e-01   4.5279329e-01   4.7590501e-01   1.7728580e-01
  -8.3546094e-01   5.9962830e-01   5.0201992e-01   6.9722102e-01   5.0988754e-01   6.3316941e-01   5.5805466e-01   2.8609918e-01   4.6238057e-01   2.8516826e-01   5.8312933e-01   4.8560467e-01   4.9193875e-01   7.1398500e-01   7.8542215e-01   2.7875629e-01   5.1670630e-01   3.3862330e-01
  -5.8763642e-01   7.6344021e-01   6.2348407e-01   6.6657374e-01   6.3411063e-01   5.6189623e-01   6.1607750e-01   3.1528196e-01   5.1487744e-01   3.5779342e-01   6.6834413e-01   4.8053333e-01   6.0966930e-01   6.9385073e-01   8.2541005e-01   4.9865081e-02   5.7514096e-01   4.0392600e-01
  -3.2159579e-01   7.0210464e-01   7.2910262e-01   5.2118926e-01   7.3369504e-01   3.9754467e-01   6.7235597e-01   2.6959007e-01   5.7157562e-01   3.3954743e-01   7.4358282e-01   3.7365831e-01   7.1121013e-01   5.2264614e-01   8.0883277e-01  -1.8467734e-01   6.3589658e-01   3.7058466e-01
  -1.1351998e-01   4.4686468e-01   8.0177605e-01   2.9880042e-01   7.9311939e-01   1.7715745e-01   7.1444014e-01   1.6985743e-01   6.1932579e-01   2.5055850e-01   7.9359498e-01   1.9611638e-01   7.7559350e-01   2.5164276e-01   7.4085728e-01  -3.7095708e-01   6.8518825e-01   2.6034138e-01
  -1.7793097e-02   8.5180994e-02   8.3245169e-01   5.1418829e-02   8.0567749e-01  -5.1903460e-02   7.3524870e-01   5.0482859e-02   6.4959992e-01   1.2701244e-01   8.1017812e-01  -3.8402356e-03   7.9225869e-01  -4.6437591e-02   6.3867301e-01  -4.6452876e-01   7.1405341e-01   1.1235983e-01
  -5.2253521e-02  -2.6861741e-01   8.2144176e-01  -1.6841356e-01   7.7443219e-01  -2.4354533e-01   7.3459967e-01  -5.1665710e-02   6.6015775e-01   9.7786682e-03   7.9395233e-01  -1.7484910e-01   7.6297633e-01  -2.9713091e-01   5.2760113e-01  -4.4441872e-01   7.2011331e-01  -2.8887302e-02
  -1.9489430e-01  -5.1190306e-01   7.7731798e-01  -3.2132264e-01   7.1076386e-01  -3.6451542e-01   7.1856282e-01  -1.0937529e-01   6.5480084e-01  -6.8611237e-02   7.5358713e-01  -2.7806049e-01   7.0046930e-01  -4.4493183e-01   4.3430235e-01  -3.2003580e-01   7.0737902e-01  -1.2735284e-01
  -3.9433600e-01  -5.8393159e-01   7.1375774e-01  -3.8892802e-01   6.3092077e-01  -4.0092231e-01   6.9677632e-01  -1.1249911e-01   6.4121748e-01  -9.2489807e-02   7.0259816e-01  -2.9696732e-01   6.2403252e-01  -4.6602634e-01   3.7988775e-01  -1.2718857e-01   6.8410905e-01  -1.6449299e-01
  -5.8770463e-01  -4.8135763e-01   6.4563201e-01  -3.7561340e-01   5.5185069e-01  -3.5941944e-01   6.7898518e-01  -6.9699807e-02   6.2802091e-01  -6.5713371e-02   6.5516933e-01  -2.3997174e-01   5.5394402e-01  -3.7174876e-01   3.7479022e-01   8.3260402e-02   6.5982115e-01  -1.4233155e-01
  -7.2028276e-01  -2.5312116e-01   5.8544876e-01  -3.0346003e-01   4.8746939e-01  -2.6253977e-01   6.7193211e-01  -3.6019934e-03   6.2194887e-01  -7.5224398e-03   6.2231910e-01  -1.3463781e-01   5.0628168e-01  -2.0134792e-01   4.1702092e-01   2.5998899e-01   6.4241021e-01  -7.9553163e-02
  -7.6157153e-01   1.9873501e-02   5.4085757e-01  -2.0290942e-01   4.4602597e-01  -1.4056503e-01   6.7735797e-01   5.8110104e-02   6.2589727e-01   5.5616682e-02   6.0927678e-01  -1.7078330e-02   4.8917484e-01  -8.1315586e-03   4.9347729e-01   3.6453665e-01   6.3604447e-01  -3.3755207e-03
  -7.1089100e-01   2.5355566e-01   5.1424384e-01  -1.0263425e-01   4.2958796e-01  -2.2776600e-02   6.9212596e-01   9.2317192e-02   6.3862906e-01   9.9198254e-02   6.1518635e-01   7.9574941e-02   5.0203706e-01   1.5651256e-01   5.8427058e-01   3.7852200e-01   6.4070126e-01   5.9881071e-02
  -5.9433271e-01   3.8392595e-01   5.0363830e-01  -2.2815787e-02   4.3487450e-01   6.8667031e-02   7.0969336e-01   8.6848172e-02   6.5560632e-01   1.0714377e-01   6.3430727e-01   1.3301541e-01   5.3686638e-01   2.5514313e-01   6.6769228e-01   3.0517527e-01   6.5283372e-01   9.1603370e-02
  -4.5457954e-01   3.8331512e-01   5.0453251e-01   2.8046604e-02   4.5512088e-01   1.2231915e-01   7.2252013e-01   4.3551039e-02   6.7067312e-01   7.5659567e-02   6.5831748e-01   1.3619838e-01   5.8122125e-01   2.7197596e-01   7.2517070e-01   1.6680653e-01   6.6691093e-01   8.5099807e-02
  -3.3682300e-01   2.6576811e-01   5.1192541e-01   5.2653584e-02   4.8238099e-01   1.3815638e-01   7.2467516e-01  -2.2686344e-02   6.7808974e-01   1.3757297e-02   6.7902992e-01   9.7678667e-02   6.2198743e-01   2.1475265e-01   7.4519256e-01  -9.1534370e-04   6.7734923e-01   4.6415956e-02
  -2.7452104e-01   7.9626950e-02   5.2206996e-01   6.1387168e-02   5.0975989e-01   1.2543919e-01   7.1394026e-01  -8.9102004e-02   6.7442392e-01  -5.9969238e-02   6.9087736e-01   3.7514022e-02   6.4905654e-01   1.1022230e-01   7.2562334e-01  -1.5748492e-01   6.8034875e-01  -8.5908194e-03
  -2.8083755e-01  -1.1012556e-01   5.3329303e-01   6.7181868e-02   5.3279645e-01   9.8447477e-02   6.9248794e-01  -1.3262096e-01   6.5952823e-01  -1.2337107e-01   6.9217903e-01  -1.9992655e-02   6.5754379e-01  -5.2813859e-03   6.7360015e-01  -2.6677549e-01   6.7489627e-01  -5.9978940e-02
  -3.4585377e-01  -2.4376374e-01   5.4606339e-01   8.0186592e-02   5.5008026e-01   7.1274846e-02   6.6629741e-01  -1.3775726e-01   6.3663753e-01  -1.5793112e-01   6.8528052e-01  -5.4706009e-02   6.4860829e-01  -9.7410900e-02   6.0353036e-01  -3.0599048e-01   6.6296730e-01  -9.0561011e-02
  -4.4241879e-01  -2.8486871e-01   5.6207137e-01   1.0404217e-01   5.6265001e-01   5.3455155e-02   6.4310580e-01  -1.0151315e-01   6.1123477e-01  -1.5428568e-01   6.7514234e-01  -5.6864634e-02   6.2814495e-01  -1.4341062e-01   5.3310987e-01  -2.7056968e-01   6.4858330e-01  -9.1241264e-02
  -5.3613456e-01  -2.2954134e-01   5.8295060e-01   1.3447572e-01   5.7279970e-01   4.7513166e-02   6.2992995e-01  -3.4240925e-02   5.8938010e-01  -1.1462175e-01   6.6730896e-01  -2.9485529e-02   6.0443688e-01  -1.3732056e-01   4.7884460e-01  -1.7455450e-01   6.3636493e-01  -6.3414134e-02
  -5.9663628e-01  -1.0415858e-01   6.0900675e-01   1.6077727e-01   5.8264750e-01   4.9242652e-02   6.3086879e-01   4.3938857e-02   5.7596810e-01  -5.1201543e-02   6.6586327e-01   1.3846261e-02   5.8541009e-01  -8.9396558e-02   4.5216139e-01  -4.5823147e-02   6.2999909e-01  -1.7657955e-02
  -6.0697222e-01   4.5560697e-02   6.3832827e-01   1.6957771e-01   5.9293066e-01   5.0259914e-02   6.4573415e-01   1.0958417e-01   5.7336645e-01   1.7881612e-02   6.7194837e-01   5.4409738e-02   5.7624413e-01  -2.1103585e-02   4.5684285e-01   8.1994773e-02   6.3104980e-01   3.0289668e-02
  -5.6728108e-01   1.7087287e-01   6.6681918e-01   1.4994997e-01   6.0260164e-01   4.2046682e-02   6.7021484e-01   1.4322730e-01   5.8099629e-01   7.4434309e-02   6.8354942e-01   7.5221529e-02   5.7824912e-01   4.2882898e-02   4.8889344e-01   1.7846352e-01   6.3863447e-01   6.5020041e-02
  -4.9332803e-01   2.3446302e-01   6.8901128e-01   9.7818320e-02   6.0916971e-01   1.9566832e-02   6.9715072e-01   1.3493083e-01   5.9570516e-01   1.0510352e-01   6.9627007e-01   6.6538263e-02   5.8894069e-01   8.2132034e-02   5.3813834e-01   2.2341382e-01   6.4983025e-01   7.6108091e-02
  -4.1044785e-01   2.2064784e-01   6.9952968e-01   1.8465048e-02   6.0968300e-01  -1.6463863e-02   7.1865859e-01   8.7095770e-02   6.1283955e-01   1.0473573e-01   7.0490550e-01   2.8965610e-02   6.0324285e-01   8.6108598e-02   5.9125072e-01   2.1098141e-01   6.6070233e-01   6.1080517e-02
  -3.4521445e-01   1.3846662e-01   6.9471326e-01  -7.3986396e-02   6.0193924e-01  -5.9486478e-02   7.2841169e-01   1.3656972e-02   6.2763777e-01   7.7225028e-02   7.0523673e-01  -2.6802330e-02   6.1532468e-01   5.6410158e-02   6.3522950e-01   1.4975826e-01   6.6757602e-01   2.5812834e-02
  -3.1703056e-01   1.7513912e-02   6.7394625e-01  -1.6000605e-01   5.8554389e-01  -9.9049784e-02   7.2353639e-01  -6.4048516e-02   6.3660141e-01   3.3817681e-02   6.9556987e-01  -8.3404896e-02   6.2056400e-01   5.4051810e-03   6.6060309e-01   5.9434595e-02   6.6822059e-01  -1.7566877e-02
  -3.3275551e-01  -1.0299048e-01   6.4010759e-01  -2.2012430e-01   5.6234694e-01  -1.2425024e-01   7.0536562e-01  -1.2381225e-01   6.3834967e-01  -1.0884181e-02   6.7737212e-01  -1.2260915e-01   6.1692911e-01  -4.8655737e-02   6.6333134e-01  -3.5326763e-02   6.6248639e-01  -5.4846196e-02
  -3.8556420e-01  -1.8666584e-01   5.9908945e-01  -2.4015832e-01   5.3618007e-01  -1.2709179e-01   6.7899170e-01  -1.4885991e-01   6.3378843e-01  -4.3395855e-02   6.5491734e-01  -1.3097629e-01   6.0544241e-01  -8.7597197e-02   6.4520562e-01  -1.1132678e-01   6.5227922e-01  -7.4105528e-02
  -4.5788401e-01  -2.1098114e-01   5.5851741e-01  -2.1505219e-01   5.1199331e-01  -1.0500836e-01   6.5177963e-01  -1.3254893e-01   6.2562325e-01  -5.5249668e-02   6.3407722e-01  -1.0406967e-01   5.8971938e-01  -9.8928143e-02   6.1283821e-01  -1.5241076e-01   6.4092897e-01  -6.9300447e-02
  -5.2752543e-01  -1.7283837e-01   5.2600360e-01  -1.5004014e-01   4.9462512e-01  -6.1672563e-02   6.3125991e-01  -7.9782385e-02   6.1736613e-01  -4.4951444e-02   6.2060930e-01  -4.7631257e-02   5.7471276e-01  -7.9156507e-02   5.7553129e-01  -1.5257221e-01   6.3213430e-01  -4.1770898e-02
  -5.7479276e-01  -8.7870089e-02   5.0738852e-01  -5.9155110e-02   4.8755810e-01  -6.0627146e-03   6.2301812e-01  -5.1510969e-03   6.1218690e-01  -1.7748914e-02   6.1846736e-01   2.4266182e-02   5.6512530e-01  -3.4235588e-02   5.4268939e-01  -1.1632742e-01   6.2882539e-01   4.8171285e-04
  -5.8750657e-01   1.6008629e-02   5.0564041e-01   3.8347349e-02   4.9216241e-01   4.9858149e-02   6.2943613e-01   7.1419560e-02   6.1208973e-01   1.6579308e-02   6.2884354e-01   9.3305732e-02   5.6415897e-01   2.2919516e-02   5.2174523e-01  -5.6331667e-02   6.3242085e-01   4.5412801e-02
  -5.6483563e-01   1.0763081e-01   5.2008243e-01   1.2262348e-01   5.0720061e-01   9.4159129e-02   6.4888418e-01   1.3021550e-01   6.1726501e-01   4.6805777e-02   6.4961247e-01   1.4204257e-01   5.7245079e-01   7.6267992e-02   5.1628304e-01   1.0357225e-02   6.4230038e-01   8.0441177e-02
  -5.1571123e-01   1.6211206e-01   5.4693614e-01   1.7769442e-01   5.2931858e-01   1.1782241e-01   6.7656017e-01   1.5678015e-01   6.2629050e-01   6.3612682e-02   6.7613976e-01   1.5842123e-01   5.8817239e-01   1.1144302e-01   5.2589433e-01   6.7029216e-02   6.5616264e-01   9.5951626e-02
  -4.5590324e-01   1.6723215e-01   5.8017893e-01   1.9473146e-01   5.5377278e-01   1.1678314e-01   7.0567403e-01   1.4533076e-01   6.3655542e-01   6.1973146e-02   7.0236431e-01   1.3872378e-01   6.0750372e-01   1.1937339e-01   5.4656104e-01   1.0114756e-01   6.7059713e-01   8.7717186e-02
  -4.0279531e-01   1.2604889e-01   6.1300132e-01   1.7364299e-01   5.7558114e-01   9.2761242e-02   7.2927997e-01   9.9911174e-02   6.4508228e-01   4.2358921e-02   7.2238341e-01   8.8358130e-02   6.2574119e-01   9.8541236e-02   5.7205072e-01   1.0704840e-01   6.8203572e-01   5.7898668e-02
  -3.7023728e-01   5.4538601e-02   6.3931953e-01   1.2239639e-01   5.9066226e-01   5.2523252e-02   7.4202570e-01   3.2784020e-02   6.4938960e-01   1.0235794e-02   7.3191520e-01   2.0070416e-02   6.3857088e-01   5.4901351e-02   5.9569394e-01   8.6549871e-02   6.8769374e-01   1.4159817e-02
  -3.6501660e-01  -2.4119024e-02   6.5496406e-01   5.4582407e-02   5.9666724e-01   5.9891799e-03   7.4135890e-01  -3.9094796e-02   6.4813970e-01  -2.5732291e-02   7.2925396e-01  -4.9577473e-02   6.4312224e-01  -1.2824695e-04   6.1201456e-01   4.7693960e-02   6.8623824e-01  -3.2573532e-02
  -3.8546669e-01  -8.7153548e-02   6.5840379e-01  -1.4265245e-02   5.9339786e-01  -3.6418044e-02   7.2803366e-01  -9.8778447e-02   6.4147228e-01  -5.6331937e-02   7.1559000e-01  -1.0474056e-01   6.3864055e-01  -5.3076470e-02   6.1797678e-01   2.0167180e-03   6.7808755e-01  -7.1209946e-02
  -4.2299435e-01  -1.1875551e-01   6.5071130e-01  -7.0378067e-02   5.8261157e-01  -6.6269162e-02   7.0564129e-01  -1.3354083e-01   6.3085774e-01  -7.4321797e-02   6.9448632e-01  -1.3418439e-01   6.2648440e-01  -9.2031859e-02   6.1337678e-01  -3.8753941e-02   6.6518116e-01  -9.3329268e-02
  -4.6522029e-01  -1.1382201e-01   6.3500884e-01  -1.0453871e-01   5.6743613e-01  -7.8851218e-02   6.7955691e-01  -1.3757821e-01   6.1864690e-01  -7.6121019e-02   6.7087692e-01  -1.3361597e-01   6.0964406e-01  -1.0938362e-01   6.0054962e-01  -6.5527692e-02   6.5042561e-01  -9.5030366e-02
  -4.9995678e-01  -7.8334693e-02   6.1552428e-01  -1.1351882e-01   5.5151815e-01  -7.3854510e-02   6.5552268e-01  -1.1279459e-01   6.0742437e-01  -6.2398073e-02   6.4979489e-01  -1.0610265e-01   5.9190159e-01  -1.0324815e-01   5.8349808e-01  -7.3744019e-02   6.3693600e-01  -7.7505057e-02
