   4.0121200e-03   7.2452280e-01   1.1430292e-01   6.1830343e-01   6.8924087e-02   5.7243584e-01   9.3630335e-02   5.4355329e-01   1.2399917e-01   4.0767331e-01   2.0687802e-02   7.2308978e-01   5.5842564e-02   3.0305585e-01   6.9813925e-02   6.4882069e-01   6.4248281e-02   1.8931222e-02
   1.0903646e-01  -6.8426697e-02   2.7031540e-01   9.0331904e-01   2.1733461e-01   8.7761037e-01   1.9922472e-01   8.3941561e-01   2.1233808e-01   7.4985297e-01   2.0015609e-01   9.5705103e-01   1.3996255e-01   6.6400412e-01   2.7265510e-01   9.4761247e-01   1.0464806e-01   4.6397664e-01
  -2.3514365e-02  -7.1045801e-01   4.6479737e-01   1.0000000e+00   4.0874732e-01   1.0000000e+00   3.3704241e-01   9.7939835e-01   3.4033840e-01   9.4091122e-01   4.0802207e-01   1.0000000e+00   2.7498867e-01   8.9807511e-01   5.1915251e-01   1.0000000e+00   2.0627292e-01   7.7817183e-01
  -3.0947754e-01  -1.0000000e+00   6.6061610e-01   9.2213422e-01   6.0705757e-01   9.5131951e-01   4.8636843e-01   1.0000000e+00   4.8668981e-01   1.0000000e+00   6.0865937e-01   8.9716416e-01   4.3861583e-01   1.0000000e+00   7.5004574e-01   8.3079140e-01   3.4720049e-01   9.5365663e-01
  -6.2219821e-01  -8.8175007e-01   8.2691999e-01   7.1552021e-01   7.8176991e-01   7.7307956e-01   6.3228533e-01   9.3930109e-01   6.3372899e-01   9.5468112e-01   7.7749599e-01   7.0548262e-01   6.0887673e-01   9.7796572e-01   9.1883870e-01   5.1369958e-01   5.0573880e-01   1.0000000e+00
  -8.4328576e-01  -4.5596148e-01   9.4339885e-01   4.3515512e-01   9.1197311e-01   5.1559324e-01   7.6462062e-01   8.2089819e-01   7.6776645e-01   8.2935720e-01   9.0129738e-01   4.7376762e-01   7.6580779e-01   8.4621891e-01   1.0000000e+00   1.3832111e-01   6.6255282e-01   9.3557310e-01
  -9.0225582e-01   9.3025123e-02   1.0000000e+00   1.2620963e-01   9.8615830e-01   2.2052455e-01   8.7537587e-01   6.5057066e-01   8.7828657e-01   6.4222518e-01   9.7533558e-01   2.3404316e-01   8.9208609e-01   6.2125670e-01   9.8913612e-01  -2.1701590e-01   8.0148575e-01   7.8075518e-01
  -7.9052215e-01   5.7654682e-01   9.9444929e-01  -1.7828602e-01   1.0000000e+00  -8.1451226e-02   9.5657629e-01   4.2522558e-01   9.5719878e-01   4.0835159e-01   1.0000000e+00   4.1227259e-03   9.7348356e-01   3.2372152e-01   8.9901506e-01  -4.9260714e-01   9.0965329e-01   5.5598712e-01
  -5.5460375e-01   8.4582631e-01   9.3059017e-01  -4.4869153e-01   9.5486941e-01  -3.6246028e-01   1.0000000e+00   1.4733231e-01   9.9872230e-01   1.4457035e-01   9.7855054e-01  -2.0459062e-01   1.0000000e+00  -1.6726716e-02   7.5504973e-01  -6.4553549e-01   9.7759795e-01   2.8423345e-01
  -2.7883797e-01   8.1701101e-01   8.1849676e-01  -6.5242929e-01   8.5809220e-01  -5.9055709e-01   9.9899756e-01  -1.6356603e-01   1.0000000e+00  -1.2637906e-01   9.1664031e-01  -3.8007700e-01   9.6772039e-01  -3.5803958e-01   5.9101997e-01  -6.5249670e-01   1.0000000e+00  -5.5814316e-03
  -6.0437003e-02   5.0145378e-01   6.7488305e-01  -7.5776626e-01   7.2375345e-01  -7.3160084e-01   9.5142461e-01  -4.6637856e-01   9.6217012e-01  -3.7334524e-01   8.2285059e-01  -5.0611148e-01   8.8089881e-01  -6.4697230e-01   4.4320105e-01  -5.1912284e-01   9.7677868e-01  -2.7704494e-01
   2.4498361e-02   1.1100404e-02   5.2175903e-01  -7.4540691e-01   5.7213479e-01  -7.5986767e-01   8.6254110e-01  -7.0656539e-01   8.9151584e-01  -5.6025205e-01   7.0944207e-01  -5.6473117e-01   7.5320418e-01  -8.2946120e-01   3.4217171e-01  -2.8344915e-01   9.1408997e-01  -4.9067914e-01
  -5.3867067e-02  -4.8467977e-01   3.8293985e-01  -6.1782692e-01   4.2687987e-01  -6.6902976e-01   7.4563041e-01  -8.3388298e-01   7.9945220e-01  -6.5594920e-01   5.9197664e-01  -5.4366086e-01   6.0640685e-01  -8.6668510e-01   3.0607886e-01  -6.4731768e-03   8.2401965e-01  -6.1348300e-01
  -2.6989232e-01  -8.2153227e-01   2.7945298e-01  -3.9958502e-01   3.1059109e-01  -4.7567665e-01   6.2013687e-01  -8.1872924e-01   7.0102721e-01  -6.4452030e-01   4.8741396e-01  -4.4267040e-01   4.6661365e-01  -7.4839504e-01   3.3688934e-01   2.4585126e-01   7.2282788e-01  -6.2784957e-01
  -5.5366340e-01  -8.9586857e-01   2.2564709e-01  -1.3109598e-01   2.4048470e-01  -2.1576411e-01   5.0768146e-01  -6.6253928e-01   6.1207360e-01  -5.3189000e-01   4.1117029e-01  -2.7687290e-01   3.5876628e-01  -4.9847729e-01   4.2152920e-01   4.2086828e-01   6.2794878e-01  -5.3723638e-01
  -8.1623598e-01  -6.9542698e-01   2.2694331e-01   1.4063804e-01   2.2530917e-01   6.3599703e-02   4.2723610e-01  -3.9886265e-01   5.4588879e-01  -3.4564331e-01   3.7398388e-01  -7.5330453e-02   3.0111043e-01  -1.7042140e-01   5.3684947e-01   4.9103112e-01   5.5452331e-01  -3.6649389e-01
  -9.7938044e-01  -2.9713470e-01   2.7945121e-01   3.7168184e-01   2.6408808e-01   3.1450394e-01   3.9084908e-01  -8.4709274e-02   5.1045354e-01  -1.2777372e-01   3.7955305e-01   1.2510660e-01   3.0115321e-01   1.6616947e-01   6.5619709e-01   4.5515321e-01   5.1233759e-01  -1.5607422e-01
  -1.0000000e+00   1.6909709e-01   3.7139843e-01   5.2850971e-01   3.4694772e-01   4.9759789e-01   4.0116252e-01   2.1511565e-01   5.0707720e-01   7.6987404e-02   4.2377856e-01   2.8864086e-01   3.5439400e-01   4.4375497e-01   7.5521202e-01   3.3070491e-01   5.0407092e-01   4.8683796e-02
  -8.7826791e-01   5.6535927e-01   4.8558368e-01   5.9073558e-01   4.5743119e-01   5.8679972e-01   4.5156285e-01   4.4205809e-01   5.3087942e-01   2.3074061e-01   4.9585493e-01   3.8728445e-01   4.4610760e-01   6.1057507e-01   8.1513020e-01   1.4537429e-01   5.2548846e-01   2.0736711e-01
  -6.5564481e-01   7.8348556e-01   6.0221864e-01   5.5348293e-01   5.7544766e-01   5.7266435e-01   5.2778594e-01   5.5577241e-01   5.7222720e-01   3.0963881e-01   5.8033457e-01   4.0599820e-01   5.5475209e-01   6.4067265e-01   8.2517160e-01  -6.5165213e-02   5.6675555e-01   2.9286509e-01
  -3.9941959e-01   7.7082160e-01   7.0224500e-01   4.2877733e-01   6.8085751e-01   4.6395354e-01   6.1152914e-01   5.4261964e-01   6.1931456e-01   3.0823523e-01   6.6033743e-01   3.4605071e-01   6.5696742e-01   5.3811966e-01   7.8422896e-01  -2.5860047e-01   6.1518172e-01   2.9664071e-01
  -1.8316765e-01   5.4354401e-01   7.7067124e-01   2.4525777e-01   7.5705800e-01   2.8742547e-01   6.8468540e-01   4.1980282e-01   6.6097612e-01   2.4108115e-01   7.2103763e-01   2.2621446e-01   7.3258128e-01   3.3663295e-01   7.0195110e-01  -3.9168583e-01   6.5831739e-01   2.3076595e-01
  -6.4444139e-02   1.8244835e-01   7.9956334e-01   4.2598969e-02   7.9427464e-01   8.2593518e-02   7.3384399e-01   2.3097702e-01   6.8953312e-01   1.3881635e-01   7.5312477e-01   7.8957040e-02   7.6923621e-01   9.1520789e-02   5.9768526e-01  -4.3255201e-01   6.8713038e-01   1.2429463e-01
  -6.7904407e-02  -1.9709135e-01   7.8920957e-01  -1.3909989e-01   7.9110029e-01  -1.0876745e-01   7.5325950e-01   3.1271016e-02   7.0246512e-01   3.7430114e-02   7.5471749e-01  -5.9417154e-02   7.6474899e-01  -1.3660094e-01   4.9587815e-01  -3.7246304e-01   6.9798793e-01   1.2986726e-02
  -1.8098691e-01  -4.8277551e-01   7.4713972e-01  -2.6892594e-01   7.5383830e-01  -2.5262125e-01   7.4518688e-01  -1.2919849e-01   7.0227081e-01  -3.3001980e-02   7.3098605e-01  -1.5893284e-01   7.2650601e-01  -2.9774727e-01   4.1992226e-01  -2.2914631e-01   6.9275295e-01  -7.1618262e-02
  -3.6014780e-01  -6.0060756e-01   6.8561391e-01  -3.3162564e-01   6.9421968e-01  -3.2999910e-01   7.1815146e-01  -2.1906394e-01   6.9493882e-01  -5.7200802e-02   6.9202032e-01  -2.0377993e-01   6.6862256e-01  -3.6489353e-01   3.8598525e-01  -4.1111796e-02   6.7742683e-01  -1.1097443e-01
  -5.4721649e-01  -5.3431393e-01   6.1822012e-01  -3.2885268e-01   6.2602570e-01  -3.3916577e-01   6.8351877e-01  -2.3166933e-01   6.8740276e-01  -3.7482159e-02   6.4945435e-01  -1.9474453e-01   6.0748281e-01  -3.3809838e-01   3.9932946e-01   1.4443711e-01   6.5966496e-01  -1.0289526e-01
  -6.8821579e-01  -3.2437274e-01   5.5676137e-01  -2.7586408e-01   5.6184293e-01  -2.9300278e-01   6.5190101e-01  -1.8272686e-01   6.8510833e-01   9.4877479e-03   6.1323210e-01  -1.4634982e-01   5.5737781e-01  -2.4066167e-01   4.5382655e-01   2.8473506e-01   6.4626767e-01  -5.9480438e-02
  -7.4874441e-01  -4.9089549e-02   5.0916248e-01  -1.9505912e-01   5.1072922e-01  -2.1294201e-01   6.3044079e-01  -1.0160417e-01   6.9041320e-01   6.0091309e-02   5.8940327e-01  -8.0327309e-02   5.2735020e-01  -1.0946935e-01   5.3438494e-01   3.5146331e-01   6.4135524e-01  -1.1252241e-03
  -7.2222158e-01   2.0344449e-01   4.7869552e-01  -1.0876347e-01   4.7713752e-01  -1.2186775e-01   6.2150556e-01  -2.0208187e-02   7.0212322e-01   9.2181598e-02   5.7932311e-01  -1.8167208e-02   5.1976996e-01   1.6766674e-02   6.2123048e-01   3.3560248e-01   6.4556066e-01   5.0816628e-02
  -6.2814326e-01   3.6183976e-01   4.6464532e-01  -3.3927474e-02   4.6129509e-01  -3.8577072e-02   6.2313621e-01   3.6389361e-02   7.1628811e-01   9.1507108e-02   5.8042008e-01   2.4562822e-02   5.3101899e-01   1.0742556e-01   6.9470238e-01   2.4653250e-01   6.5645549e-01   8.0135382e-02
  -5.0370871e-01   3.8975587e-01   4.6367011e-01   2.0535645e-02   4.6034860e-01   2.5391665e-02   6.3051769e-01   5.5817563e-02   7.2765557e-01   5.5266547e-02   5.8777587e-01   4.1364268e-02   5.5342800e-01   1.4641509e-01   7.3939442e-01   1.0842305e-01   6.6969079e-01   7.9608943e-02
  -3.9091162e-01   2.9349974e-01   4.7148252e-01   5.3875761e-02   4.6995546e-01   6.6602635e-02   6.3808916e-01   4.0275616e-02   7.3146813e-01  -7.4440062e-03   5.9613979e-01   3.5310616e-02   5.7803127e-01   1.3445008e-01   7.4717975e-01  -4.5373291e-02   6.8058840e-01   5.2211526e-02
  -3.2371766e-01   1.1661367e-01   4.8427453e-01   7.1518322e-02   4.8576663e-01   8.8418876e-02   6.4152652e-01   3.9915526e-03   7.2501025e-01  -7.8539288e-02   6.0168687e-01   1.6828538e-02   5.9721827e-01   8.6687867e-02   7.1855946e-01  -1.7925103e-01   6.8562972e-01   9.3415106e-03
  -3.1770664e-01  -7.6206622e-02   4.9973309e-01   8.1718876e-02   5.0461579e-01   9.8154248e-02   6.3924755e-01  -3.2844240e-02   7.0865774e-01  -1.3668057e-01   6.0324771e-01  -6.8063122e-04   6.0686978e-01   2.6559625e-02   6.6240639e-01  -2.6357152e-01   6.8358912e-01  -3.3416521e-02
  -3.6758712e-01  -2.2183292e-01   5.1712883e-01   9.1743566e-02   5.2485144e-01   1.0333253e-01   6.3258927e-01  -5.2064362e-02   6.8573491e-01  -1.6427686e-01   6.0225848e-01  -6.1225610e-03   6.0690363e-01  -2.2717285e-02   5.9340149e-01  -2.8147540e-01   6.7566838e-01  -6.1894928e-02
  -4.5065918e-01  -2.7820125e-01   5.3684754e-01   1.0497226e-01   5.4609240e-01   1.0859155e-01   6.2504675e-01  -4.3977217e-02   6.6155913e-01  -1.5303446e-01   6.0187622e-01   5.2602978e-03   6.0065546e-01  -4.5427638e-02   5.2837128e-01  -2.3291968e-01   6.6491780e-01  -6.7956457e-02
  -5.3574620e-01  -2.3568502e-01   5.5944005e-01   1.1959678e-01   5.6844116e-01   1.1397603e-01   6.2071291e-01  -1.0476800e-02   6.4182271e-01  -1.0633735e-01   6.0543194e-01   3.0336790e-02   5.9317605e-01  -3.7541406e-02   4.8209266e-01  -1.3408048e-01   6.5503802e-01  -5.1802074e-02
  -5.9400621e-01  -1.1698262e-01   5.8460784e-01   1.2935975e-01   5.9154697e-01   1.1522303e-01   6.2256988e-01   3.6224300e-02   6.3089977e-01  -3.7730565e-02   6.1486355e-01   5.9520595e-02   5.8917003e-01  -6.6027609e-03   4.6377406e-01  -1.2319271e-02   6.4904683e-01  -2.1240724e-02
  -6.0755016e-01   3.3426703e-02   6.1057509e-01   1.2606916e-01   6.1396367e-01   1.0589028e-01   6.3132921e-01   7.8466816e-02   6.3069472e-01   3.3672192e-02   6.2977468e-01   8.0462996e-02   5.9137326e-01   3.2192170e-02   4.7530915e-01   1.0143523e-01   6.4833329e-01   1.1570577e-02
  -5.7452852e-01   1.6485966e-01   6.3397204e-01   1.0304758e-01   6.3295688e-01   8.0482374e-02   6.4499507e-01   9.9532595e-02   6.4015465e-01   8.9024247e-02   6.4723561e-01   8.2556378e-02   5.9962468e-01   6.1763094e-02   5.1121784e-01   1.8077475e-01   6.5223343e-01   3.4469372e-02
  -5.0798230e-01   2.3681782e-01   6.5054431e-01   5.8371802e-02   6.4507028e-01   3.7505191e-02   6.5955501e-01   8.9577064e-02   6.5580999e-01   1.1517203e-01   6.6266338e-01   6.0815254e-02   6.1115954e-01   6.9165288e-02   5.6076211e-01   2.0988352e-01   6.5843633e-01   3.9404926e-02
  -4.3078936e-01   2.2990845e-01   6.5628284e-01  -3.4543627e-03   6.4709715e-01  -1.8921106e-02   6.7025657e-01   4.8872732e-02   6.7286704e-01   1.0789142e-01   6.7120069e-01   1.7767461e-02   6.2165509e-01   4.9522094e-02   6.1091577e-01   1.8638462e-01   6.6383809e-01   2.4801773e-02
  -3.6800351e-01   1.5029668e-01   6.4870880e-01  -7.1883176e-02   6.3720791e-01  -7.9337564e-02   6.7316612e-01  -1.2052333e-02   6.8662344e-01   7.2612011e-02   6.6928725e-01  -3.6889640e-02   6.2675711e-01   7.4035152e-03   6.4969032e-01   1.2080576e-01   6.6563454e-01  -4.0873296e-03
  -3.3895229e-01   2.6457890e-02   6.2788092e-01  -1.3280278e-01   6.1583609e-01  -1.3117007e-01   6.6651656e-01  -7.5524242e-02   6.9379622e-01   2.2400683e-02   6.5593505e-01  -8.8895415e-02   6.2359856e-01  -4.4757676e-02   6.6896239e-01   3.2973995e-02   6.6230630e-01  -3.6962178e-02
  -3.5142883e-01  -1.0138364e-01   5.9673892e-01  -1.7250502e-01   5.8596377e-01  -1.6235207e-01   6.5139368e-01  -1.2242618e-01   6.9337960e-01  -2.6451693e-02   6.3326547e-01  -1.2377681e-01   6.1183718e-01  -9.0938089e-02   6.6612303e-01  -5.3862733e-02   6.5417920e-01  -6.2021277e-02
  -4.0032920e-01  -1.9414327e-01   5.6059961e-01  -1.8138578e-01   5.5263420e-01  -1.6471686e-01   6.3145752e-01  -1.3793651e-01   6.8670531e-01  -5.9283782e-02   6.0605049e-01  -1.3104583e-01   5.9377603e-01  -1.1651149e-01   6.4407982e-01  -1.1885347e-01   6.4332115e-01  -6.9669779e-02
  -4.6968428e-01  -2.2601498e-01   5.2606799e-01  -1.5673104e-01   5.2192847e-01  -1.3652780e-01   6.1198409e-01  -1.1619273e-01   6.7691932e-01  -6.7365778e-02   5.8056110e-01  -1.0747830e-01   5.7378681e-01  -1.1282396e-01   6.1012326e-01  -1.4856344e-01   6.3296448e-01  -5.5639804e-02
  -5.3843574e-01  -1.9119398e-01   4.9951542e-01  -1.0340770e-01   4.9955749e-01  -8.3039383e-02   5.9832261e-01  -6.1874263e-02   6.6787161e-01  -4.9946291e-02   5.6287134e-01  -5.7984638e-02   5.5700176e-01  -7.9602739e-02   5.7364880e-01  -1.3942413e-01   6.2649266e-01  -2.2217910e-02
  -5.8696685e-01  -1.0396548e-01   4.8566408e-01  -3.2626890e-02   4.8957024e-01  -1.5242798e-02   5.9441070e-01   1.1277998e-02   6.6294092e-01  -1.3846845e-02   5.5728330e-01   5.7949113e-03   5.4787977e-01  -2.4800496e-02   5.4370291e-01  -9.7598594e-02   6.2643409e-01   2.2493116e-02
  -6.0271257e-01   7.0631299e-03   4.8657388e-01   4.0780397e-02   4.9345616e-01   5.2767872e-02   6.0169587e-01   8.4373774e-02   6.6407570e-01   2.9000479e-02   5.6523227e-01   6.8632883e-02   5.4899396e-01   3.7812043e-02   5.2685204e-01  -3.6546728e-02   6.3370492e-01   6.6914621e-02
  -5.8343059e-01   1.0866572e-01   5.0123815e-01   1.0194044e-01   5.0983164e-01   1.0719585e-01   6.1872182e-01   1.3868401e-01   6.7127510e-01   6.5313199e-02   5.8492238e-01   1.1578139e-01   5.6032788e-01   9.2599701e-02   5.2579472e-01   2.7023257e-02   6.4728711e-01   9.9302772e-02
  -5.3687878e-01   1.7296417e-01   5.2595440e-01   1.3926112e-01   5.3485402e-01   1.3764763e-01   6.4157068e-01   1.6054408e-01   6.8270331e-01   8.4205504e-02   6.1186283e-01   1.3660997e-01   5.7935400e-01   1.2621961e-01   5.3915988e-01   7.7503414e-02   6.6448879e-01   1.1089697e-01
  -4.7787561e-01   1.8486160e-01   5.5523023e-01   1.4684787e-01   5.6312860e-01   1.3933203e-01   6.6488000e-01   1.4473951e-01   6.9526107e-01   8.0005573e-02   6.3999256e-01   1.2705814e-01   6.0170929e-01   1.3092568e-01   5.6222994e-01   1.0400115e-01   6.8160754e-01   9.8165708e-02
  -4.2357262e-01   1.4545626e-01   5.8305047e-01   1.2557317e-01   5.8893561e-01   1.1394486e-01   6.8321523e-01   9.5699380e-02   7.0547662e-01   5.3612028e-02   6.6316029e-01   9.0448743e-02   6.2231598e-01   1.0637851e-01   5.8840155e-01   1.0257347e-01   6.9485434e-01   6.3700914e-02
  -3.8819228e-01   7.0407701e-02   6.0425084e-01   8.2462111e-02   6.0752951e-01   6.8933173e-02   6.9248533e-01   2.6016203e-02   7.1050516e-01   1.1960962e-02   6.7663806e-01   3.6346181e-02   6.3669838e-01   5.9415978e-02   6.1104875e-01   7.6547253e-02   7.0133047e-01   1.5426343e-02
  -3.7951616e-01  -1.5994147e-02   6.1548544e-01   2.8592717e-02   6.1602294e-01   1.5374700e-02   6.9082730e-01  -4.7191319e-02   7.0882330e-01  -3.4207449e-02   6.7807425e-01  -2.2148020e-02   6.4196946e-01   1.8444515e-03   6.2505840e-01   3.4848811e-02   6.9966322e-01  -3.5616875e-02
  -3.9699689e-01  -8.8580797e-02   6.1584709e-01  -2.3756917e-02   6.1392133e-01  -3.4830355e-02   6.7903670e-01  -1.0688698e-01   7.0063758e-01  -7.3404941e-02   6.6798003e-01  -7.1821538e-02   6.3749185e-01  -5.2786063e-02   6.2800223e-01  -1.0719888e-02   6.9034251e-01  -7.8156840e-02
  -4.3297571e-01  -1.2880942e-01   6.0674527e-01  -6.4072618e-02   6.0293903e-01  -7.1793261e-02   6.6014991e-01  -1.4046039e-01   6.8771094e-01  -9.6524336e-02   6.4932814e-01  -1.0260328e-01   6.2481203e-01  -9.2732406e-02   6.2036566e-01  -4.8807876e-02   6.7547766e-01  -1.0351874e-01
  -4.7551857e-01  -1.2923915e-01   5.9134447e-01  -8.5714696e-02   5.8640452e-01  -8.9595822e-02   6.3858787e-01  -1.4240367e-01   6.7285498e-01  -9.8920545e-02   6.2668697e-01  -1.0962064e-01   6.0713648e-01  -1.1062903e-01   6.0511159e-01  -7.1153500e-02   6.5823697e-01  -1.0746073e-01
  -5.1227381e-01  -9.4591541e-02   5.7365799e-01  -8.6972949e-02   5.6835148e-01  -8.7192429e-02   6.1900398e-01  -1.1507877e-01   6.5918248e-01  -8.1238583e-02   6.0502948e-01  -9.3875064e-02   5.8845141e-01  -1.0482253e-01   5.8668663e-01  -7.4270763e-02   6.4206136e-01  -9.0842545e-02
