   1.2660256e-01   3.4866013e-01   4.5075606e-02   6.8390064e-01   1.4901909e-01   1.8554647e-02   9.2833559e-02   9.1689561e-01   4.9206909e-02   5.5999219e-01   9.1177623e-02   4.9052133e-01   3.9047765e-03   4.3078286e-01   1.6776631e-01   7.6656293e-01   3.2446546e-02   9.1280506e-02
   1.1757764e-01  -3.8062380e-01   2.2675999e-01   9.3743122e-01   1.9073555e-01   4.7893570e-01   2.8894781e-01   1.0000000e+00   1.6352002e-01   8.2322563e-01   1.8825825e-01   7.7603102e-01   1.1844943e-01   7.6919919e-01   3.7275340e-01   1.0000000e+00   8.2451161e-02   4.9592565e-01
  -1.1345498e-01  -8.8066122e-01   4.4309570e-01   1.0000000e+00   2.9670711e-01   8.0698786e-01   4.8519498e-01   9.2912484e-01   3.1075926e-01   9.6570366e-01   3.1883033e-01   9.3851238e-01   2.8229259e-01   9.5684238e-01   6.0265848e-01   9.8836704e-01   1.9015501e-01   7.8617128e-01
  -4.5560151e-01  -1.0000000e+00   6.5411385e-01   8.9604252e-01   4.4325300e-01   9.7943987e-01   6.5742312e-01   7.7282927e-01   4.7217824e-01   1.0000000e+00   4.6600237e-01   1.0000000e+00   4.6746979e-01   1.0000000e+00   8.0555466e-01   7.7299871e-01   3.3567925e-01   9.5298805e-01
  -7.7074301e-01  -7.4046393e-01   8.2853534e-01   6.7644261e-01   6.0520782e-01   1.0000000e+00   7.9471382e-01   5.9013677e-01   6.3144713e-01   9.4181783e-01   6.1593949e-01   9.7706565e-01   6.4886382e-01   9.2078655e-01   9.4397262e-01   4.3471481e-01   4.9877025e-01   1.0000000e+00
  -9.4720763e-01  -2.4115756e-01   9.4690964e-01   3.9387495e-01   7.5946322e-01   8.8794670e-01   8.9559339e-01   4.1409112e-01   7.7464935e-01   8.0467380e-01   7.5644173e-01   8.7455289e-01   8.0606146e-01   7.4568568e-01   1.0000000e+00   5.9834770e-02   6.6045787e-01   9.3816857e-01
  -9.3441722e-01   3.0712809e-01   1.0000000e+00   8.7912999e-02   8.8643873e-01   6.6640533e-01   9.6241710e-01   2.5158027e-01   8.8990455e-01   6.0074060e-01   8.7536650e-01   6.9037048e-01   9.2349487e-01   4.9979919e-01   9.7371111e-01  -2.8108652e-01   8.0390151e-01   7.8205875e-01
  -7.4625539e-01   7.3130285e-01   9.8601191e-01  -2.1183617e-01   9.7036874e-01   3.5994011e-01   9.9726178e-01   9.4203631e-02   9.6743104e-01   3.4380606e-01   9.6038150e-01   4.2502394e-01   9.9019707e-01   2.0755127e-01   8.7914547e-01  -5.3453632e-01   9.1490202e-01   5.4895777e-01
  -4.5029255e-01   9.0592256e-01   9.0951012e-01  -4.7538023e-01   1.0000000e+00   1.4240930e-03   1.0000000e+00  -6.8373243e-02   1.0000000e+00   5.2327063e-02   1.0000000e+00   9.1617301e-02   1.0000000e+00  -1.0313775e-01   7.4083255e-01  -6.6180860e-01   9.8246537e-01   2.6119957e-01
  -1.4601597e-01   7.7786349e-01   7.8226475e-01  -6.6749197e-01   9.7060399e-01  -3.6076209e-01   9.6935170e-01  -2.3603394e-01   9.8404577e-01  -2.4665826e-01   9.8625382e-01  -2.7552229e-01   9.5268612e-01  -3.9613461e-01   5.9002317e-01  -6.4394876e-01   1.0000000e+00  -4.9815056e-02
   6.5229386e-02   3.9148597e-01   6.2376916e-01  -7.5509537e-01   8.8642695e-01  -6.6575207e-01   9.0565133e-01  -3.9278391e-01   9.2126797e-01  -5.1583444e-01   9.1810469e-01  -6.1974133e-01   8.5559031e-01  -6.2776799e-01   4.5902139e-01  -4.9155446e-01   9.6698594e-01  -3.4253205e-01
   1.1396627e-01  -1.2076650e-01   4.5928633e-01  -7.2101867e-01   7.6155833e-01  -8.5574596e-01   8.1370036e-01  -5.1178849e-01   8.1994475e-01  -7.1321306e-01   8.0401991e-01  -8.7438150e-01   7.2420968e-01  -7.5663505e-01   3.7412407e-01  -2.4650025e-01   8.9021368e-01  -5.7166352e-01
  -1.4211486e-02  -5.8813920e-01   3.1526369e-01  -5.7208206e-01   6.1795991e-01  -8.9364158e-01   7.0390028e-01  -5.6617013e-01   6.9481004e-01  -8.0361307e-01   6.6200071e-01  -9.8306476e-01   5.8050369e-01  -7.5716144e-01   3.4955714e-01   2.9499282e-02   7.8351228e-01  -6.9933902e-01
  -2.7613258e-01  -8.6259646e-01   2.1408956e-01  -3.3750674e-01   4.8115935e-01  -7.7335434e-01   5.9116901e-01  -5.3941785e-01   5.6496417e-01  -7.7018891e-01   5.1656583e-01  -9.1810950e-01   4.4893305e-01  -6.2917639e-01   3.8500379e-01   2.7297900e-01   6.6561559e-01  -7.0554957e-01
  -5.8780930e-01  -8.6623434e-01   1.6992945e-01  -6.1576789e-02   3.7501254e-01  -5.2161965e-01   4.9207858e-01  -4.3256984e-01   4.5025942e-01  -6.2140547e-01   3.9354236e-01  -6.9108244e-01   3.5139133e-01  -4.0033270e-01   4.6720265e-01   4.3569489e-01   5.5661846e-01  -5.9476141e-01
  -8.5411475e-01  -6.1415761e-01   1.8644412e-01   2.0663116e-01   3.1673297e-01  -1.9155408e-01   4.2100590e-01  -2.6585913e-01   3.6706535e-01  -3.9032479e-01   3.1400648e-01  -3.5160589e-01   3.0234425e-01  -1.2018144e-01   5.7473094e-01   4.9475023e-01   4.7374770e-01  -3.9619871e-01
  -1.0000000e+00  -1.9938792e-01   2.5699535e-01   4.2378231e-01   3.1375051e-01   1.5150764e-01   3.8679304e-01  -7.2388789e-02   3.2497749e-01  -1.2496592e-01   2.8956294e-01   2.7493091e-02   3.0599045e-01   1.5352617e-01   6.8382533e-01   4.5111046e-01   4.2787221e-01  -1.5554550e-01
  -9.9047639e-01   2.4633102e-01   3.6667899e-01   5.5859345e-01   3.6300819e-01   4.4455175e-01   3.9118716e-01   1.1127207e-01   3.2546965e-01   1.2415567e-01   3.2040056e-01   3.6928459e-01   3.5612557e-01   3.6887988e-01   7.7278105e-01   3.2104522e-01   4.2183527e-01   7.6932940e-02
  -8.3822861e-01   5.9591270e-01   4.9530195e-01   5.9460124e-01   4.5215017e-01   6.3842999e-01   4.2880923e-01   2.5322420e-01   3.6224768e-01   3.1496397e-01   3.9574768e-01   6.0971765e-01   4.3814805e-01   4.9019992e-01   8.2484542e-01   1.3059494e-01   4.5047581e-01   2.5780070e-01
  -5.9424002e-01   7.5759594e-01   6.2072188e-01   5.3055865e-01   5.6252451e-01   7.0431578e-01   4.8887304e-01   3.3153849e-01   4.2339076e-01   4.2030799e-01   4.9696776e-01   7.0830320e-01   5.3272597e-01   5.0237682e-01   8.3008237e-01  -8.5256938e-02   5.0262941e-01   3.5782909e-01
  -3.3256617e-01   6.9687823e-01   7.2235153e-01   3.8247349e-01   6.7282910e-01   6.3979739e-01   5.5755745e-01   3.3926905e-01   4.9408738e-01   4.3312465e-01   6.0160538e-01   6.5702106e-01   6.1983190e-01   4.1401858e-01   7.8759335e-01  -2.8221933e-01   5.6385084e-01   3.6799361e-01
  -1.2725305e-01   4.4679649e-01   7.8505607e-01   1.8264629e-01   7.6372936e-01   4.7033078e-01   6.2145920e-01   2.8700759e-01   5.6020704e-01   3.6795352e-01   6.8877042e-01   4.8331544e-01   6.8330961e-01   2.5629006e-01   7.0699942e-01  -4.1438544e-01   6.2010755e-01   3.0149315e-01
  -3.0898650e-02   9.4685577e-02   8.0190724e-01  -2.7248453e-02   8.2171757e-01   2.4174850e-01   6.7072397e-01   1.9887234e-01   6.1135543e-01   2.5554313e-01   7.4380376e-01   2.4145220e-01   7.1422629e-01   7.4399198e-02   6.0710090e-01  -4.4851109e-01   6.6100319e-01   1.8847814e-01
  -5.9621328e-02  -2.4709812e-01   7.7531884e-01  -2.0663112e-01   8.4156436e-01   7.0562564e-03   7.0109594e-01   1.0404900e-01   6.4287174e-01   1.3281360e-01   7.6134259e-01  -3.9039702e-03   7.1252860e-01  -8.5430319e-02   5.1162649e-01  -3.7687385e-01   6.8192222e-01   6.5965721e-02
  -1.9156956e-01  -4.8012040e-01   7.1549293e-01  -3.2608091e-01   8.2613759e-01  -1.8832005e-01   7.1382021e-01   2.6759625e-02   6.5576607e-01   3.1035709e-02   7.4526093e-01  -1.9728478e-01   6.8577551e-01  -1.8936284e-01   4.4265964e-01  -2.2018478e-01   6.8407492e-01  -3.4113748e-02
  -3.7719312e-01  -5.4795992e-01   6.3734517e-01  -3.7263586e-01   7.8434890e-01  -3.1602126e-01   7.1394618e-01  -2.0032569e-02   6.5511891e-01  -3.1819659e-02   7.0621396e-01  -3.0546614e-01   6.4606404e-01  -2.2340208e-01   4.1503137e-01  -2.0370728e-02   6.7295067e-01  -9.2713325e-02
  -5.5675739e-01  -4.4993889e-01   5.5672132e-01  -3.5058551e-01   7.2801230e-01  -3.6869287e-01   7.0778087e-01  -3.6819061e-02   6.4763470e-01  -5.3829847e-02   6.5779924e-01  -3.2285962e-01   6.0611228e-01  -1.9462890e-01   4.3285915e-01   1.7233404e-01   6.5588215e-01  -1.0669912e-01
  -6.7932174e-01  -2.3532095e-01   4.8697314e-01  -2.7759519e-01   6.6860772e-01  -3.5717857e-01   7.0039319e-01  -3.4798645e-02   6.3920600e-01  -4.6272060e-02   6.1258856e-01  -2.6785895e-01   5.7574034e-01  -1.2591149e-01   4.8924383e-01   3.1324084e-01   6.3956032e-01  -8.6436993e-02
  -7.1733394e-01   1.8297746e-02   4.3666606e-01  -1.7774114e-01   6.1484880e-01  -3.0260286e-01   6.9399334e-01  -2.9478324e-02   6.3320891e-01  -2.6986954e-02   5.7911991e-01  -1.7269954e-01   5.5967441e-01  -4.6435222e-02   5.6883370e-01   3.7395270e-01   6.2821538e-01  -4.9579139e-02
  -6.7128092e-01   2.3149211e-01   4.0905937e-01  -7.4649807e-02   5.7184836e-01  -2.2761066e-01   6.8784818e-01  -3.3961465e-02   6.3010022e-01  -1.3340844e-02   5.6081686e-01  -7.1975307e-02   5.5738042e-01   1.7579218e-02   6.5214351e-01   3.4645191e-01   6.2306854e-01  -1.4231135e-02
  -5.6654623e-01   3.4545407e-01   4.0273364e-01   1.3479269e-02   5.4137628e-01  -1.4997307e-01   6.7924134e-01  -5.4164417e-02   6.2791559e-01  -1.6879587e-02   5.5630084e-01   6.6529210e-03   5.6423159e-01   4.9597965e-02   7.2016812e-01   2.4263142e-01   6.2268240e-01   6.4004249e-03
  -4.4322600e-01   3.3687597e-01   4.1312225e-01   7.6452418e-02   5.2295002e-01  -7.9549249e-02   6.6517853e-01  -8.6860118e-02   6.2350760e-01  -4.0288489e-02   5.6095012e-01   4.8500085e-02   5.7369653e-01   4.6043220e-02   7.5849877e-01   9.0238797e-02   6.2407683e-01   7.1995217e-03
  -3.4256172e-01   2.2207745e-01   4.3434891e-01   1.1239415e-01   5.1514219e-01  -1.8455260e-02   6.4416166e-01  -1.2091863e-01   6.1405565e-01  -7.7097325e-02   5.6906191e-01   5.3798616e-02   5.7978228e-01   1.5806776e-02   7.6023384e-01  -7.3558097e-02   6.2415472e-01  -8.3055478e-03
  -2.9418292e-01   4.8981810e-02   4.6089301e-01   1.2607503e-01   5.1664126e-01   3.6360047e-02   6.1739252e-01  -1.4146045e-01   5.9837258e-01  -1.1428484e-01   5.7594725e-01   3.5130521e-02   5.7902167e-01  -2.3819782e-02   7.2718885e-01  -2.1043343e-01   6.2097633e-01  -3.0138227e-02
  -3.0775903e-01  -1.2062439e-01   4.8874719e-01   1.2578253e-01   5.2679874e-01   8.9259178e-02   5.8897288e-01  -1.3567063e-01   5.7761416e-01  -1.3714994e-01   5.7937809e-01   1.1109794e-02   5.7148211e-01  -5.3714570e-02   6.6916100e-01  -2.8991007e-01   6.1450753e-01  -4.6172854e-02
  -3.7197441e-01  -2.3200425e-01   5.1577285e-01   1.1971544e-01   5.4551388e-01   1.4218009e-01   5.6491467e-01  -9.8026047e-02   5.5508920e-01  -1.3470869e-01   5.7988723e-01  -1.3624515e-03   5.6043091e-01  -5.9710101e-02   6.0124531e-01  -2.9657548e-01   6.0655490e-01  -4.6952019e-02
  -4.6010067e-01  -2.5427971e-01   5.4134004e-01   1.1299916e-01   5.7263017e-01   1.9224358e-01   5.5135125e-01  -3.3042938e-02   5.3530800e-01  -1.0365867e-01   5.8001285e-01   6.6206519e-03   5.5093165e-01  -3.7308301e-02   5.3995584e-01  -2.3352947e-01   6.0000828e-01  -2.9262557e-02
  -5.4004381e-01  -1.8808427e-01   5.6545336e-01   1.0619835e-01   6.0709910e-01   2.3144323e-01   5.5252569e-01   4.5440465e-02   5.2259047e-01  -4.9566557e-02   5.8283435e-01   3.3256821e-02   5.4786353e-01   7.1685926e-03   4.9910647e-01  -1.2079108e-01   5.9767472e-01   2.7366337e-03
  -5.8514021e-01  -6.2200121e-02   5.8776587e-01   9.5817101e-02   6.4628052e-01   2.4862261e-01   5.6926061e-01   1.1817637e-01   5.1973349e-01   1.4990019e-02   5.9042390e-01   6.7601031e-02   5.5408562e-01   5.9189297e-02   4.8659335e-01   1.0837154e-02   6.0115655e-01   3.9132797e-02
  -5.8201170e-01   7.8302667e-02   6.0691979e-01   7.6525629e-02   6.8572605e-01   2.3314177e-01   5.9844049e-01   1.6610873e-01   5.2718763e-01   7.4364628e-02   6.0281740e-01   9.4308053e-02   5.6937685e-01   1.0112394e-01   5.0293013e-01   1.2825174e-01   6.1018846e-01   6.7792419e-02
  -5.3385754e-01   1.8743391e-01   6.2045039e-01   4.4259380e-02   7.1958679e-01   1.7923568e-01   6.3358459e-01   1.7597676e-01   5.4290107e-01   1.1445301e-01   6.1775827e-01   9.9573979e-02   5.9035800e-01   1.1806675e-01   5.4163041e-01   2.0451221e-01   6.2258485e-01   7.8500780e-02
  -4.5799226e-01   2.3238617e-01   6.2540984e-01  -1.0534157e-03   7.4173926e-01   8.9539038e-02   6.6649559e-01   1.4423638e-01   5.6293831e-01   1.2662787e-01   6.3137649e-01   7.6317684e-02   6.1151848e-01   1.0258161e-01   5.9143653e-01   2.2494234e-01   6.3488563e-01   6.6381695e-02
  -3.7954608e-01   2.0215654e-01   6.1939891e-01  -5.4334551e-02   7.4726665e-01  -2.3698455e-02   6.8936682e-01   7.8258918e-02   5.8256816e-01   1.0989384e-01   6.3943316e-01   2.6877657e-02   6.2685792e-01   5.6975786e-02   6.3942949e-01   1.8964557e-01   6.4339418e-01   3.3523062e-02
  -3.2343380e-01   1.0954198e-01   6.0162707e-01  -1.0612920e-01   7.3388711e-01  -1.4031709e-01   6.9681765e-01  -5.3520223e-03   5.9751485e-01   7.0943736e-02   6.3872702e-01  -3.7260438e-02   6.3166619e-01  -7.2357668e-03   6.7425644e-01   1.1235695e-01   6.4529829e-01  -1.1459649e-02
  -3.0631141e-01  -1.3914219e-02   5.7367684e-01  -1.4514236e-01   7.0297087e-01  -2.3686506e-01   6.8745363e-01  -8.5209636e-02   6.0512394e-01   2.2015728e-02   6.2832913e-01  -9.8773666e-02   6.2406306e-01  -7.2670616e-02   6.8892098e-01   1.5923942e-02   6.3962605e-01  -5.5917587e-02
  -3.3223272e-01  -1.2927217e-01   5.3947879e-01  -1.6164849e-01   6.5949970e-01  -2.9272033e-01   6.6412219e-01  -1.4112116e-01   6.0490245e-01  -2.2998018e-02   6.0998878e-01  -1.4002893e-01   6.0552422e-01  -1.2138238e-01   6.8195447e-01  -7.4356385e-02   6.2754097e-01  -8.7079111e-02
  -3.9206083e-01  -2.0225941e-01   5.0466339e-01  -1.5035605e-01   6.1119703e-01  -2.9545254e-01   6.3316264e-01  -1.5946022e-01   5.9848457e-01  -5.2501077e-02   5.8779873e-01  -1.4840265e-01   5.8053572e-01  -1.3995860e-01   6.5729644e-01  -1.3711301e-01   6.1207151e-01  -9.5758539e-02
  -4.6696758e-01  -2.1366634e-01   4.7536611e-01  -1.1215295e-01   5.6688956e-01  -2.4423416e-01   6.0267810e-01  -1.3680332e-01   5.8898678e-01  -6.0390797e-02   5.6711979e-01  -1.2025756e-01   5.5536121e-01  -1.2337822e-01   6.2280602e-01  -1.5995879e-01   5.9727482e-01  -7.9092970e-02
  -5.3487772e-01  -1.6391611e-01   4.5682438e-01  -5.4030180e-02   5.3455092e-01  -1.4994763e-01   5.8034497e-01  -8.0383717e-02   5.7996253e-01  -4.7262435e-02   5.5308551e-01  -6.1912716e-02   5.3629017e-01  -7.6106273e-02   5.8787688e-01  -1.4157661e-01   5.8708531e-01  -4.1194241e-02
  -5.7698719e-01  -7.1158954e-02   4.5223702e-01   1.2563916e-02   5.1966169e-01  -3.2382116e-02   5.7153984e-01  -5.6643380e-03   5.7438984e-01  -1.9549954e-02   5.4926689e-01   1.2332927e-02   5.2803389e-01  -1.0463132e-02   5.6105456e-01  -9.0785346e-02   5.8428704e-01   8.2194648e-03
  -5.8321856e-01   3.5166966e-02   4.6199849e-01   7.4348926e-02   5.2404448e-01   8.4417803e-02   5.7799532e-01   6.7933879e-02   5.7384703e-01   1.2712586e-02   5.5668235e-01   8.4102513e-02   5.3248462e-01   5.6829752e-02   5.4796385e-01  -2.3466167e-02   5.8974688e-01   5.6522324e-02
  -5.5432256e-01   1.2428406e-01   4.8368659e-01   1.1935919e-01   5.4569087e-01   1.7780873e-01   5.9760160e-01   1.2232554e-01   5.7821093e-01   3.9126065e-02   5.7360965e-01   1.3606636e-01   5.4837355e-01   1.0934397e-01   5.5029139e-01   4.2273334e-02   6.0225766e-01   9.1726087e-02
  -5.0076992e-01   1.7266949e-01   5.1263673e-01   1.3948975e-01   5.7937170e-01   2.3120093e-01   6.2511580e-01   1.4501937e-01   5.8583245e-01   5.1702157e-02   5.9607193e-01   1.5616593e-01   5.7170988e-01   1.3492355e-01   5.6580615e-01   9.0573372e-02   6.1889353e-01   1.0541059e-01
  -4.3907730e-01   1.7023991e-01   5.4299133e-01   1.3221719e-01   6.1789331e-01   2.3733072e-01   6.5359136e-01   1.3195540e-01   5.9410132e-01   4.6909256e-02   6.1886295e-01   1.4052806e-01   5.9685949e-01   1.2855312e-01   5.8928870e-01   1.1148588e-01   6.3577625e-01   9.4749064e-02
  -3.8662570e-01   1.2221839e-01   5.6899370e-01   1.0097478e-01   6.5371874e-01   1.9927288e-01   6.7617463e-01   8.8093263e-02   6.0024965e-01   2.6390594e-02   6.3686351e-01   9.4179087e-02   6.1799952e-01   9.3281374e-02   6.1412207e-01   1.0286233e-01   6.4906473e-01   6.3020808e-02
  -3.5656109e-01   4.6255966e-02   5.8622496e-01   5.4039306e-02   6.8058190e-01   1.2894286e-01   6.8780900e-01   2.5592729e-02   6.0216545e-01  -3.8379631e-03   6.4630594e-01   2.9316361e-02   6.3056996e-01   3.8954965e-02   6.3410555e-01   7.0074673e-02   6.5591010e-01   1.8459046e-02
  -3.5461821e-01  -3.3745561e-02   5.9240189e-01   2.3498909e-03   6.9460914e-01   4.3708731e-02   6.8629674e-01  -3.9670185e-02   5.9893096e-01  -3.5330804e-02   6.4556698e-01  -3.8156291e-02   6.3224534e-01  -2.0678972e-02   6.4488674e-01   2.3864685e-02   6.5506160e-01  -2.8086489e-02
  -3.7807771e-01  -9.5253469e-02   5.8770771e-01  -4.3228426e-02   6.9490329e-01  -3.8049762e-02   6.7267808e-01  -9.2393549e-02   5.9104408e-01  -5.9737499e-02   6.3544822e-01  -9.2941402e-02   6.2336872e-01  -7.1729970e-02   6.4488140e-01  -2.2949649e-02   6.4709324e-01  -6.6074060e-02
  -4.1756616e-01  -1.2346737e-01   5.7446527e-01  -7.4346409e-02   6.8332206e-01  -1.0109331e-01   6.5068003e-01  -1.2155970e-01   5.8018995e-01  -7.1055221e-02   6.1875709e-01  -1.2407521e-01   6.0660948e-01  -1.0358119e-01   6.3530329e-01  -5.8935765e-02   6.3410652e-01  -8.7829990e-02
  -4.6040462e-01  -1.1463407e-01   5.5640391e-01  -8.6722992e-02   6.6373025e-01  -1.3614769e-01   6.2561721e-01  -1.2264178e-01   5.6874138e-01  -6.6974906e-02   5.9947873e-01  -1.2710389e-01   5.8613539e-01  -1.1106288e-01   6.1954013e-01  -7.6655781e-02   6.1912073e-01  -9.0086416e-02
  -4.9452451e-01  -7.5957261e-02   5.3770519e-01  -8.0612766e-02   6.4093473e-01  -1.4104167e-01   6.0302632e-01  -9.8045477e-02   5.5912842e-01  -4.9149497e-02   5.8175626e-01  -1.0445412e-01   5.6652231e-01  -9.5102611e-02   6.0208712e-01  -7.4019860e-02   6.0530920e-01  -7.4310797e-02
