   6.3474177e-02   4.1403453e-01   4.6338007e-03   4.9570765e-01   6.7271752e-02   5.3124701e-01   5.7994598e-02   3.5625043e-01   4.9996699e-02   3.8617625e-01   2.1032690e-02   1.2754282e-01   3.8162072e-02   1.0202981e-01   1.7191179e-02   1.4999349e-01   7.6527537e-02   3.6776193e-01
   7.2828624e-02  -3.3730377e-01   1.4579944e-01   8.3249737e-01   2.0288626e-01   8.4882791e-01   1.3923872e-01   6.7504514e-01   1.4290484e-01   7.1600346e-01   7.9944001e-02   5.2570543e-01   9.2842813e-02   5.0696212e-01   1.1143017e-01   6.3655485e-01   1.6717050e-01   7.1084452e-01
  -1.2640328e-01  -8.6283745e-01   3.3998601e-01   1.0000000e+00   3.8397496e-01   1.0000000e+00   2.6094624e-01   8.8108806e-01   2.7996878e-01   9.1941550e-01   1.9893885e-01   8.0891800e-01   2.0882629e-01   7.9959478e-01   2.9815445e-01   9.3398936e-01   3.0359494e-01   9.2162181e-01
  -4.3322009e-01  -1.0000000e+00   5.5061665e-01   9.9250565e-01   5.7797367e-01   9.8562641e-01   4.0651152e-01   9.8578314e-01   4.4040548e-01   1.0000000e+00   3.5673314e-01   9.6688018e-01   3.6491839e-01   9.6457215e-01   5.2728932e-01   1.0000000e+00   4.6373428e-01   1.0000000e+00
  -7.1902694e-01  -7.4439159e-01   7.4367900e-01   8.3822743e-01   7.5542406e-01   8.3481871e-01   5.6116950e-01   1.0000000e+00   6.0479553e-01   9.6952301e-01   5.3124286e-01   1.0000000e+00   5.3847314e-01   1.0000000e+00   7.4624267e-01   8.5423281e-01   6.2679182e-01   9.6012969e-01
  -8.7900484e-01  -2.3829707e-01   8.9304163e-01   5.8070218e-01   8.9384920e-01   5.8754173e-01   7.1134504e-01   9.2784318e-01   7.5596928e-01   8.4288170e-01   7.0109378e-01   9.1542252e-01   7.0739371e-01   9.1335009e-01   9.1254405e-01   5.5872332e-01   7.7489268e-01   8.2192109e-01
  -8.6501715e-01   3.1961543e-01   9.8156103e-01   2.6090947e-01   9.7823382e-01   2.7998573e-01   8.4356583e-01   7.6735233e-01   8.7936748e-01   6.3679851e-01   8.4660020e-01   7.2519137e-01   8.5146034e-01   7.1837295e-01   1.0000000e+00   1.8743727e-01   8.9346914e-01   6.0515691e-01
  -6.8982207e-01   7.4979032e-01   1.0000000e+00  -8.5477004e-02   1.0000000e+00  -5.6450824e-02   9.4401802e-01   5.1707273e-01   9.6339224e-01   3.7047778e-01   9.5064804e-01   4.4684048e-01   9.5335341e-01   4.3474386e-01   9.9920468e-01  -1.8945029e-01   9.7115031e-01   3.2907867e-01
  -4.1621446e-01   9.2444997e-01   9.4674675e-01  -4.1944339e-01   9.5684880e-01  -3.8637964e-01   9.9940910e-01   1.8831471e-01   1.0000000e+00   6.8497565e-02   1.0000000e+00   1.0819630e-01   1.0000000e+00   9.2451189e-02   9.1661414e-01  -5.0628716e-01   1.0000000e+00   1.7457836e-02
  -1.3621319e-01   7.8744778e-01   8.2926826e-01  -6.9282552e-01   8.5427475e-01  -6.6422963e-01   1.0000000e+00  -1.8372788e-01   9.8594335e-01  -2.3547832e-01   9.8765553e-01  -2.4720900e-01   9.8488228e-01  -2.6317579e-01   7.7327818e-01  -7.0342698e-01   9.7681578e-01  -2.9558848e-01
   5.4614029e-02   3.7988426e-01   6.6554077e-01  -8.5524253e-01   7.0719454e-01  -8.3974519e-01   9.4346985e-01  -5.3816276e-01   9.2434048e-01  -4.9810606e-01   9.1561826e-01  -5.6054544e-01   9.1068844e-01  -5.7243693e-01   6.0230677e-01  -7.4024240e-01   9.0494618e-01  -5.6475010e-01
   9.0527090e-02  -1.6100724e-01   4.8278345e-01  -8.7181555e-01   5.3939903e-01  -8.7469029e-01   8.3819270e-01  -8.0280387e-01   8.2587357e-01  -6.7420923e-01   7.9683997e-01  -7.7024910e-01   7.9103103e-01  -7.7434636e-01   4.4220589e-01  -6.1262960e-01   7.9564977e-01  -7.4248063e-01
  -4.2461487e-02  -6.5415259e-01   3.1248125e-01  -7.3779363e-01   3.7952131e-01  -7.5864048e-01   7.0288935e-01  -9.1900969e-01   7.0783469e-01  -7.3087557e-01   6.5378756e-01  -8.3189829e-01   6.4876932e-01  -8.2639974e-01   3.2762852e-01  -3.5747406e-01   6.6711610e-01  -7.9413719e-01
  -3.0247255e-01  -9.3978461e-01   1.8367247e-01  -4.8100242e-01   2.5506107e-01  -5.1382148e-01   5.6301118e-01  -8.6118739e-01   5.9112177e-01  -6.5911411e-01   5.1408165e-01  -7.3333110e-01   5.1148555e-01  -7.1902040e-01   2.8083977e-01  -4.1769072e-02   5.4134447e-01  -7.0982252e-01
  -6.0776339e-01  -9.3315859e-01   1.1676434e-01  -1.5411057e-01   1.8642068e-01  -1.8959833e-01   4.4473173e-01  -6.4558052e-01   4.9573396e-01  -4.7851819e-01   4.0413753e-01  -4.9996068e-01   4.0512072e-01  -4.7992610e-01   3.0694474e-01   2.5787716e-01   4.3951873e-01  -5.0906765e-01
  -8.6510319e-01  -6.4787689e-01   1.1982787e-01   1.7927606e-01   1.8291296e-01   1.5039479e-01   3.6876952e-01  -3.2509514e-01   4.3637091e-01  -2.3242027e-01   3.4308184e-01  -1.8785308e-01   3.4803838e-01  -1.6651983e-01   3.9430978e-01   4.7653583e-01   3.7746568e-01  -2.3630825e-01
  -1.0000000e+00  -1.8492346e-01   1.8783498e-01   4.5982960e-01   2.4142486e-01   4.4377790e-01   3.4581415e-01   2.6704995e-02   4.1940366e-01   2.4355412e-02   3.3862720e-01   1.3231459e-01   3.4710974e-01   1.5037339e-01   5.1899295e-01   5.7526784e-01   3.6240837e-01   5.0948210e-02
  -9.7902630e-01   3.1061789e-01   3.0484999e-01   6.4359680e-01   3.4797856e-01   6.4205331e-01   3.7481747e-01   3.3585049e-01   4.4215554e-01   2.4012366e-01   3.8612096e-01   3.9408007e-01   3.9697238e-01   4.0518919e-01   6.5147355e-01   5.4391687e-01   3.9198058e-01   2.9687500e-01
  -8.1460268e-01   6.9634032e-01   4.4774732e-01   7.0555923e-01   4.8108151e-01   7.1586566e-01   4.4434973e-01   5.4226574e-01   4.9443586e-01   3.7599226e-01   4.7067146e-01   5.4760518e-01   4.8229546e-01   5.4974827e-01   7.6262224e-01   3.9584653e-01   4.5558586e-01   4.5778745e-01
  -5.5962351e-01   8.6965267e-01   5.9033884e-01   6.4202145e-01   6.1567717e-01   6.5856953e-01   5.3537741e-01   6.1077967e-01   5.6107591e-01   4.1242719e-01   5.7066080e-01   5.6847421e-01   5.8139419e-01   5.6175081e-01   8.2894056e-01   1.6531851e-01   5.3690487e-01   5.0993669e-01
  -2.8927851e-01   7.9270901e-01   7.0803997e-01   4.7158342e-01   7.2781596e-01   4.8777165e-01   6.2595031e-01   5.3862653e-01   6.2559722e-01   3.5273978e-01   6.6288466e-01   4.6254954e-01   6.7137535e-01   4.4910262e-01   8.3703020e-01  -9.5889159e-02   6.1773337e-01   4.5388090e-01
  -7.9290654e-02   5.0128163e-01   7.8228756e-01   2.3330373e-01   7.9911960e-01   2.4355291e-01   6.9629374e-01   3.5705166e-01   6.7392583e-01   2.2278462e-01   7.2778324e-01   2.6558139e-01   7.3328126e-01   2.4896232e-01   7.8679359e-01  -3.2623440e-01   6.8195464e-01   3.1450369e-01
   1.6462736e-02   9.3653442e-02   8.0418900e-01  -2.1374759e-02   8.2052164e-01  -1.9966241e-02   7.3365049e-01   1.2310294e-01   6.9774461e-01   6.4391353e-02   7.5414219e-01   3.4311234e-02   7.5662167e-01   1.8438378e-02   6.9221285e-01  -4.6993071e-01   7.1917169e-01   1.3443153e-01
  -1.8911444e-02  -3.0456885e-01   7.7575844e-01  -2.4187684e-01   7.9365339e-01  -2.4882742e-01   7.3498994e-01  -9.8659860e-02   6.9613993e-01  -7.7644159e-02   7.4136639e-01  -1.7083909e-01   7.4144243e-01  -1.8271224e-01   5.7778350e-01  -4.9421717e-01   7.2663719e-01  -3.9062291e-02
  -1.6372608e-01  -5.8011296e-01   7.0837908e-01  -3.9008610e-01   7.2943932e-01  -4.0192280e-01   7.0657568e-01  -2.5449192e-01   6.7492054e-01  -1.6817577e-01   6.9848753e-01  -3.0237826e-01   6.9719047e-01  -3.0834646e-01   4.7197001e-01  -3.9837983e-01   7.0883416e-01  -1.6685372e-01
  -3.6685707e-01  -6.6557141e-01   6.1937704e-01  -4.4802320e-01   6.4476197e-01  -4.5962117e-01   6.6121041e-01  -3.1542078e-01   6.4425139e-01  -1.9083778e-01   6.4082089e-01  -3.3774940e-01   6.3930580e-01  -3.3745702e-01   3.9966398e-01  -2.1286031e-01   6.7534438e-01  -2.2743879e-01
  -5.6533513e-01  -5.5605415e-01   5.2757804e-01  -4.1953826e-01   5.5804430e-01  -4.2589556e-01   6.1391271e-01  -2.8245448e-01   6.1526687e-01  -1.5057577e-01   5.8518543e-01  -2.8282729e-01   5.8446807e-01  -2.7725703e-01   3.7605721e-01   1.0928009e-02   6.3760988e-01  -2.2017687e-01
  -7.0477244e-01  -3.0504374e-01   4.4893775e-01  -3.2603432e-01   4.8485869e-01  -3.2389304e-01   5.7733931e-01  -1.8213766e-01   5.9668273e-01  -6.9385721e-02   5.4507741e-01  -1.6658325e-01   5.4585304e-01  -1.5760302e-01   4.0331066e-01   2.1643205e-01   6.0555471e-01  -1.6206987e-01
  -7.5328387e-01  -2.7418235e-04   3.9400057e-01  -1.9792732e-01   4.3534355e-01  -1.8672230e-01   5.5899122e-01  -5.4359920e-02   5.9290306e-01   2.2813264e-02   5.2789782e-01  -2.9232640e-02   5.3045773e-01  -1.9113661e-02   4.7149527e-01   3.5648672e-01   5.8550961e-01  -7.9589960e-02
  -7.0910171e-01   2.6493073e-01   3.6666382e-01  -6.5980529e-02   4.1292983e-01  -4.7990541e-02   5.5987255e-01   6.0604760e-02   6.0326406e-01   9.7412560e-02   5.3374993e-01   8.9957078e-02   5.3798846e-01   9.9029674e-02   5.6172410e-01   4.0387006e-01   5.7915385e-01  -1.1726340e-04
  -5.9691518e-01   4.1947096e-01   3.6504299e-01   4.5448924e-02   4.1521114e-01   6.5798989e-02   5.7552793e-01   1.3309693e-01   6.2306230e-01   1.3457687e-01   5.5675665e-01   1.6270474e-01   5.6225261e-01   1.6903973e-01   6.5160730e-01   3.5470761e-01   5.8414205e-01   5.5374061e-02
  -4.5809009e-01   4.3106651e-01   3.8316122e-01   1.2178782e-01   4.3569913e-01   1.3921504e-01   5.9814187e-01   1.4988361e-01   6.4532000e-01   1.2703775e-01   5.8745259e-01   1.7696019e-01   5.9359858e-01   1.7964153e-01   7.2040418e-01   2.2684964e-01   5.9549690e-01   7.6321972e-02
  -3.3715019e-01   3.1277867e-01   4.1312482e-01   1.5937043e-01   4.6611547e-01   1.6930727e-01   6.1924876e-01   1.1595582e-01   6.6297160e-01   8.1076144e-02   6.1580343e-01   1.3842969e-01   6.2195413e-01   1.3739304e-01   7.5356937e-01   5.4850291e-02   6.0746642e-01   6.4059804e-02
  -2.6793381e-01   1.1555936e-01   4.4732747e-01   1.6395545e-01   4.9872653e-01   1.6389497e-01   6.3240295e-01   5.1051013e-02   6.7097095e-01   1.3743548e-02   6.3415703e-01   6.7184117e-02   6.3975832e-01   6.3083588e-02   7.4579315e-01  -1.1850284e-01   6.1541072e-01   2.9902743e-02
  -2.6480546e-01  -9.1098139e-02   4.8000804e-01   1.4709685e-01   5.2797367e-01   1.3723690e-01   6.3481348e-01  -1.8182279e-02   6.6754736e-01  -5.3094270e-02   6.3906218e-01  -9.8535084e-03   6.4373512e-01  -1.5897273e-02   7.0158990e-01  -2.5233779e-01   6.1702519e-01  -9.6881569e-03
  -3.1983236e-01  -2.4187267e-01   5.0808213e-01   1.2176022e-01   5.5129604e-01   1.0479347e-01   6.2782452e-01  -6.7195575e-02   6.5452172e-01  -9.9633350e-02   6.3182705e-01  -6.7613899e-02   6.3540298e-01  -7.4294426e-02   6.3390482e-01  -3.1742818e-01   6.1278979e-01  -3.8856316e-02
  -4.0803573e-01  -2.9624891e-01   5.3090343e-01   9.7941387e-02   5.6878105e-01   7.8084077e-02   6.1583629e-01  -8.1569437e-02   6.3635204e-01  -1.1421661e-01   6.1736363e-01  -9.0687791e-02   6.1987752e-01  -9.6745001e-02   5.6031654e-01  -3.0306611e-01   6.0534450e-01  -4.7671489e-02
  -4.9692038e-01  -2.4786869e-01   5.4935673e-01   8.0124453e-02   5.8210399e-01   6.1837385e-02   6.0444024e-01  -6.0473078e-02   6.1854584e-01  -9.5939567e-02   6.0215237e-01  -7.6802061e-02   6.0381152e-01  -8.1199312e-02   4.9855248e-01  -2.1862919e-01   5.9828422e-01  -3.4615835e-02
  -5.5720337e-01  -1.2294008e-01   5.6464148e-01   6.6803517e-02   5.9316376e-01   5.3628657e-02   5.9836793e-01  -1.5643937e-02   6.0592225e-01  -5.3867875e-02   5.9197212e-01  -3.6048013e-02   5.9310865e-01  -3.8102771e-02   4.6217724e-01  -9.0037570e-02   5.9478193e-01  -6.2300066e-03
  -5.7181973e-01   3.1223377e-02   5.7714317e-01   5.2333212e-02   6.0284687e-01   4.6160372e-02   5.9984087e-01   3.3698313e-02   6.0119390e-01  -3.2783355e-03   5.9002547e-01   1.3709230e-02   5.9103816e-01   1.4244396e-02   4.5746802e-01   4.8058913e-02   5.9643924e-01   2.5872669e-02
  -5.3975394e-01   1.6323206e-01   5.8594618e-01   3.0426207e-02   6.1049313e-01   3.1312414e-02   6.0801229e-01   6.8106774e-02   6.0441162e-01   3.9683478e-02   5.9619850e-01   5.3514643e-02   5.9749003e-01   5.6433110e-02   4.8260260e-01   1.6181272e-01   6.0284160e-01   4.9490015e-02
  -4.7485608e-01   2.3309658e-01   5.8906121e-01  -2.4264895e-03   6.1411565e-01   4.0178552e-03   6.1943409e-01   7.4303521e-02   6.1322036e-01   6.2792031e-02   6.0740288e-01   6.9334057e-02   6.0931818e-01   7.4029391e-02   5.2880294e-01   2.2636249e-01   6.1179989e-01   5.5888212e-02
  -4.0031543e-01   2.2314401e-01   5.8426733e-01  -4.4738548e-02   6.1126708e-01  -3.5193026e-02   6.2936851e-01   4.9275037e-02   6.2380969e-01   6.1031093e-02   6.1883826e-01   5.6126991e-02   6.2161208e-01   6.1707976e-02   5.8310923e-01   2.3110140e-01   6.2017217e-01   4.2513899e-02
  -3.4084901e-01   1.4167125e-01   5.7020076e-01  -8.9859430e-02   6.0017994e-01  -7.9865780e-02   6.3346016e-01   9.2774736e-04   6.3221158e-01   3.7562227e-02   6.2570004e-01   1.8918283e-02   6.2942000e-01   2.4360695e-02   6.3189704e-01   1.8096227e-01   6.2495557e-01   1.3606951e-02
  -3.1483347e-01   1.8754342e-02   5.4728492e-01  -1.2782191e-01   5.8077475e-01  -1.1950632e-01   6.2926933e-01  -5.4740689e-02   6.3557792e-01   2.2293276e-03   6.2483014e-01  -2.9265953e-02   6.2942037e-01  -2.4950136e-02   6.6428828e-01   9.3751970e-02   6.2431931e-01  -2.1357526e-02
  -3.2903214e-01  -1.0496944e-01   5.1809293e-01  -1.4857168e-01   5.5511361e-01  -1.4306679e-01   6.1711032e-01  -9.9219250e-02   6.3300619e-01  -3.2078116e-02   6.1573430e-01  -7.2105408e-02   6.2096431e-01  -6.9698642e-02   6.7449681e-01  -5.7680559e-03   6.1820760e-01  -5.1004658e-02
  -3.7746768e-01  -1.9141717e-01   4.8701564e-01  -1.4510924e-01   5.2714625e-01  -1.4244769e-01   5.9995460e-01  -1.1735192e-01   6.2567658e-01  -5.3574927e-02   6.0066886e-01  -9.5226005e-02   6.0618955e-01  -9.5158026e-02   6.6260633e-01  -9.2607722e-02   6.0833371e-01  -6.5680543e-02
  -4.4400239e-01  -2.1667435e-01   4.5938247e-01  -1.1578391e-01   5.0188455e-01  -1.1515415e-01   5.8255340e-01  -1.0205186e-01   6.1638147e-01  -5.5183936e-02   5.8391961e-01  -9.0650077e-02   5.8932472e-01  -9.2904226e-02   6.3394988e-01  -1.4767882e-01   5.9765501e-01  -6.0448082e-02
  -5.0807292e-01  -1.7711397e-01   4.4023129e-01  -6.4988326e-02   4.8418881e-01  -6.5217697e-02   5.6998118e-01  -5.6234704e-02   6.0855090e-01  -3.6369946e-02   5.7043115e-01  -5.8939225e-02   5.7533422e-01  -6.3046003e-02   5.9720154e-01  -1.6167405e-01   5.8944614e-01  -3.6428062e-02
  -5.5122636e-01  -8.8662485e-02   4.3311611e-01  -2.1861394e-03   4.7756500e-01  -2.2535543e-03   5.6613357e-01   8.3561153e-03   6.0516021e-01  -2.8417008e-03   5.6431177e-01  -8.6091350e-03   5.6842239e-01  -1.3739827e-02   5.6191485e-01  -1.3608680e-01   5.8631670e-01  -2.3048831e-04
  -5.6224247e-01   1.9654364e-02   4.3929660e-01   6.0298799e-02   4.8333068e-01   6.0896145e-02   5.7265673e-01   7.4725391e-02   6.0787678e-01   3.5495129e-02   5.6769740e-01   4.6664527e-02   5.7087920e-01   4.1525121e-02   5.3622817e-01  -8.1539592e-02   5.8948902e-01   3.8128550e-02
  -5.4008441e-01   1.1531928e-01   4.5738554e-01   1.1016088e-01   5.0023656e-01   1.1128411e-01   5.8843743e-01   1.2546238e-01   6.1656234e-01   6.7554386e-02   5.8012522e-01   9.2056061e-02   5.8242224e-01   8.7894709e-02   5.2502608e-01  -1.4305638e-02   5.9842839e-01   6.8128052e-02
  -4.9318218e-01   1.7218958e-01   4.8369656e-01   1.3793378e-01   5.2479326e-01   1.3893718e-01   6.0996920e-01   1.4748396e-01   6.2938082e-01   8.4238105e-02   5.9875259e-01   1.1571682e-01   6.0037719e-01   1.1329133e-01   5.2921589e-01   4.8253186e-02   6.1104023e-01   8.1655987e-02
  -4.3630994e-01   1.7727946e-01   5.1304697e-01   1.3901307e-01   5.5205705e-01   1.3905053e-01   6.3227489e-01   1.3528039e-01   6.4332195e-01   8.0759185e-02   6.1914334e-01   1.1174053e-01   6.2043018e-01   1.1143147e-01   5.4595957e-01   9.1801705e-02   6.2423725e-01   7.5049684e-02
  -3.8586620e-01   1.3362916e-01   5.3988975e-01   1.1462317e-01   5.7674382e-01   1.1301873e-01   6.5020447e-01   9.2254173e-02   6.5502625e-01   5.7836353e-02   6.3645675e-01   8.1598328e-02   6.3779131e-01   8.3340862e-02   5.6974761e-01   1.0821923e-01   6.3476198e-01   5.0005884e-02
  -3.5485748e-01   5.7945793e-02   5.5953725e-01   7.1276187e-02   5.9442974e-01   6.7818680e-02   6.5979231e-01   2.9447807e-02   6.6171218e-01   2.1240809e-02   6.4675231e-01   3.3388689e-02   6.4848967e-01   3.6703617e-02   5.9409206e-01   9.6920404e-02   6.4006567e-01   1.2913940e-02
  -3.4989999e-01  -2.5460731e-02   5.6899384e-01   1.8998771e-02   6.0235668e-01   1.4068477e-02   6.5909010e-01  -3.7668250e-02   6.6179833e-01  -2.0010780e-02   6.4784272e-01  -2.0651501e-02   6.5023656e-01  -1.6543409e-02   6.1308974e-01   6.3977039e-02   6.3886334e-01  -2.7022752e-02
  -3.6933039e-01  -9.2575177e-02   5.6759750e-01  -3.1172330e-02   6.0004043e-01  -3.6685934e-02   6.4871514e-01  -9.3489724e-02   6.5536085e-01  -5.6213092e-02   6.3990373e-01  -6.7598863e-02   6.4305789e-01  -6.3583257e-02   6.2294731e-01   2.0042984e-02   6.3151340e-01  -6.0341683e-02
  -4.0513519e-01  -1.2665037e-01   5.5680412e-01  -6.9764274e-02   5.8902812e-01  -7.4712419e-02   6.3137321e-01  -1.2625286e-01   6.4390854e-01  -7.9556247e-02   6.2511841e-01  -9.7241572e-02   6.2897716e-01  -9.4110014e-02   6.2246698e-01  -2.3095572e-02   6.1973729e-01  -7.9763108e-02
  -4.4560981e-01  -1.2220712e-01   5.3973445e-01  -9.0738199e-02   5.7242733e-01  -9.4041655e-02   6.1114404e-01  -1.3059056e-01   6.2997730e-01  -8.5862545e-02   6.0707585e-01  -1.0433910e-01   6.1144922e-01  -1.0261617e-01   6.1306473e-01  -5.5380879e-02   6.0617717e-01  -8.1795409e-02
  -4.7924301e-01  -8.5394062e-02   5.2031274e-01  -9.2408636e-02   5.5404407e-01  -9.3361403e-02   5.9237216e-01  -1.0824388e-01   6.1643218e-01  -7.5254968e-02   5.8976737e-01  -8.9430476e-02   5.9438589e-01  -8.9280294e-02   5.9805939e-01  -7.0729339e-02   5.9368699e-01  -6.7257130e-02
