   1.9262488e-01   2.7921655e-01   1.8829798e-01   7.6591822e-01   8.5558701e-02   1.2675835e-01   3.9841690e-02   8.4163728e-01   3.5594531e-02   4.9612851e-01   2.6296492e-02   6.6090685e-01   8.4589459e-03   5.9537617e-01   2.1218686e-02   6.6199835e-01   6.9428512e-02   1.9770096e-01
   1.5915745e-01  -4.3801055e-01   3.6414825e-01   9.8379938e-01   1.5091528e-01   5.7614445e-01   2.1330611e-01   9.9965780e-01   1.4180728e-01   7.8110331e-01   1.7116656e-01   9.0440208e-01   1.4991466e-01   8.7503250e-01   2.3546434e-01   9.5246956e-01   1.3353726e-01   5.8582029e-01
  -1.0041255e-01  -9.1164553e-01   5.6285782e-01   1.0000000e+00   2.8424407e-01   8.7386816e-01   4.0068351e-01   1.0000000e+00   2.8472607e-01   9.4554243e-01   3.4657865e-01   1.0000000e+00   3.2948578e-01   1.0000000e+00   4.9362078e-01   1.0000000e+00   2.4971767e-01   8.4843783e-01
  -4.6581852e-01  -1.0000000e+00   7.4736125e-01   8.4857251e-01   4.5581426e-01   1.0000000e+00   5.7770911e-01   8.9764902e-01   4.4536298e-01   1.0000000e+00   5.2796417e-01   9.7549003e-01   5.1937035e-01   9.8875858e-01   7.3484603e-01   8.3145991e-01   3.9753991e-01   9.8331024e-01
  -7.9255719e-01  -7.1820924e-01   8.9036048e-01   5.8939827e-01   6.3546479e-01   9.6759672e-01   7.3029906e-01   7.4323426e-01   6.0688797e-01   9.5862931e-01   6.9631786e-01   8.6133035e-01   6.9657416e-01   8.7083328e-01   9.1218496e-01   5.2114564e-01   5.5728909e-01   1.0000000e+00
  -9.6860134e-01  -2.1366744e-01   9.7647336e-01   2.7967596e-01   7.9719747e-01   8.0676881e-01   8.5190936e-01   5.6645502e-01   7.5466295e-01   8.3399373e-01   8.3748850e-01   6.7977300e-01   8.4363249e-01   6.7393743e-01   1.0000000e+00   1.5350703e-01   7.1118891e-01   9.1246021e-01
  -9.4630864e-01   3.2502071e-01   1.0000000e+00  -4.0019755e-02   9.2072609e-01   5.4906768e-01   9.3943026e-01   3.7532833e-01   8.7603201e-01   6.3803981e-01   9.4055923e-01   4.4454288e-01   9.4776517e-01   4.1988630e-01   9.9290673e-01  -2.0104928e-01   8.4377609e-01   7.3537072e-01
  -7.4492306e-01   7.3216773e-01   9.6201018e-01  -3.3960634e-01   9.9127785e-01   2.2475412e-01   9.8996284e-01   1.6644476e-01   9.6042503e-01   3.8492299e-01   9.9678141e-01   1.6725873e-01   1.0000000e+00   1.2826220e-01   9.0177143e-01  -4.8685955e-01   9.4201507e-01   4.8508921e-01
  -4.3664599e-01   8.8952811e-01   8.6949874e-01  -5.8724428e-01   1.0000000e+00  -1.2926526e-01   1.0000000e+00  -6.0606685e-02   1.0000000e+00   9.4419702e-02   1.0000000e+00  -1.3368702e-01   9.9541747e-01  -1.7638053e-01   7.5056821e-01  -6.5787499e-01   9.9591800e-01   1.8439859e-01
  -1.2513214e-01   7.4850726e-01   7.3630002e-01  -7.4610969e-01   9.4586291e-01  -4.6271978e-01   9.6721159e-01  -2.9180188e-01   9.9087416e-01  -2.0440349e-01   9.4859899e-01  -4.2624883e-01   9.3470133e-01  -4.5885894e-01   5.7352405e-01  -6.8288671e-01   1.0000000e+00  -1.3253320e-01
   8.4842539e-02   3.5758038e-01   5.8325025e-01  -7.8488995e-01   8.3782830e-01  -7.1699552e-01   8.9346944e-01  -4.9595749e-01   9.3476610e-01  -4.7217315e-01   8.4806700e-01  -6.6496799e-01   8.2613923e-01  -6.7473147e-01   4.0958124e-01  -5.6002788e-01   9.5517198e-01  -4.2004114e-01
   1.2461305e-01  -1.4673349e-01   4.3546579e-01  -6.9328662e-01   6.9496578e-01  -8.4246566e-01   7.8740802e-01  -6.3439854e-01   8.4031584e-01  -6.6625289e-01   7.1263753e-01  -8.0269638e-01   6.8647173e-01  -7.8218782e-01   2.9321518e-01  -3.2401688e-01   8.7004876e-01  -6.3019401e-01
  -1.6505407e-02  -5.9488307e-01   3.1737753e-01  -4.8862077e-01   5.4311860e-01  -8.1523939e-01   6.6426409e-01  -6.7649159e-01   7.2251637e-01  -7.5329200e-01   5.6394074e-01  -8.0735835e-01   5.3882002e-01  -7.5730144e-01   2.4615978e-01  -3.6509103e-02   7.6010159e-01  -7.2664258e-01
  -2.8984323e-01  -8.4424513e-01   2.4763384e-01  -2.1080307e-01   4.0956051e-01  -6.4368397e-01   5.4332113e-01  -6.1064273e-01   6.0030795e-01  -7.1988377e-01   4.2713137e-01  -6.7376073e-01   4.0835128e-01  -6.0332504e-01   2.7269345e-01   2.3289981e-01   6.4496613e-01  -6.9491660e-01
  -6.0639596e-01  -8.2451243e-01   2.3562845e-01   8.7976195e-02   3.1728662e-01  -3.6599079e-01   4.4379198e-01  -4.4957377e-01   4.9278451e-01  -5.7794181e-01   3.2548516e-01  -4.2780234e-01   3.1687999e-01  -3.5214922e-01   3.6021204e-01   4.2636908e-01   5.4447621e-01  -5.4738169e-01
  -8.6785678e-01  -5.5788184e-01   2.8022578e-01   3.5512084e-01   2.8040281e-01  -4.0541149e-02   3.8040626e-01  -2.2814160e-01   4.1514298e-01  -3.6233896e-01   2.7508219e-01  -1.2121949e-01   2.7799680e-01  -5.7213419e-02   4.8422262e-01   5.1181241e-01   4.7446305e-01  -3.2112198e-01
  -1.0000000e+00  -1.4300394e-01   3.7076054e-01   5.4828338e-01   3.0170322e-01   2.6926765e-01   3.6005343e-01   7.0802918e-03   3.7558987e-01  -1.2040554e-01   2.8118910e-01   1.8293724e-01   2.9419311e-01   2.2123601e-01   6.1572711e-01   4.8532998e-01   4.4342682e-01  -6.7518846e-02
  -9.7147261e-01   2.8842822e-01   4.8970456e-01   6.3992861e-01   3.7325579e-01   5.0817693e-01   3.8103334e-01   2.1034629e-01   3.7456108e-01   1.0059163e-01   3.3794937e-01   4.2603888e-01   3.5724920e-01   4.3062675e-01   7.2736009e-01   3.6238198e-01   4.5155574e-01   1.6098919e-01
  -8.0023699e-01   6.1258525e-01   6.1565070e-01   6.1902698e-01   4.7845027e-01   6.3772926e-01   4.3383119e-01   3.4573283e-01   4.0530555e-01   2.6280885e-01   4.2997160e-01   5.6512421e-01   4.5040177e-01   5.3578535e-01   7.9753201e-01   1.7074052e-01   4.9120314e-01   3.2182153e-01
  -5.4298795e-01   7.4466586e-01   7.2678736e-01   4.9224520e-01   5.9572833e-01   6.4126526e-01   5.0375703e-01   3.9336264e-01   4.5615443e-01   3.4398322e-01   5.3612141e-01   5.7990506e-01   5.5240101e-01   5.2402008e-01   8.1309930e-01  -5.2243986e-02   5.4931941e-01   3.8995329e-01
  -2.7762779e-01   6.5730637e-01   8.0449878e-01   2.8605301e-01   7.0273735e-01   5.2757213e-01   5.7426321e-01   3.5399536e-01   5.1333674e-01   3.4152792e-01   6.3394887e-01   4.7721887e-01   6.4190454e-01   4.0781370e-01   7.7175481e-01  -2.6021845e-01   6.1058991e-01   3.6298102e-01
  -8.0122649e-02   3.8973245e-01   8.3723425e-01   4.4639798e-02   7.8102358e-01   3.3060125e-01   6.3099024e-01   2.5040917e-01   5.6436695e-01   2.7369643e-01   7.0477810e-01   2.9136193e-01   7.0225683e-01   2.2365164e-01   6.8373400e-01  -4.0511365e-01   6.6122770e-01   2.6236756e-01
  -9.0368697e-04   3.3668734e-02   8.2315385e-01  -1.8074053e-01   8.1998686e-01   1.0016447e-01   6.6543414e-01   1.2012136e-01   6.0114470e-01   1.7320562e-01   7.3813162e-01   7.4527793e-02   7.2534680e-01   2.2068783e-02   5.7036788e-01  -4.5182451e-01   6.9242567e-01   1.2614135e-01
  -5.2259346e-02  -2.9860236e-01   7.6998954e-01  -3.4555878e-01   8.1827741e-01  -1.1214852e-01   6.7635099e-01   2.8516794e-03   6.2127322e-01   7.6085513e-02   7.3337831e-01  -1.1862294e-01   7.1268576e-01  -1.4692049e-01   4.5901536e-01  -3.9048356e-01   7.0184907e-01  -3.6939145e-03
  -2.0651634e-01  -5.1118496e-01   6.9265526e-01  -4.2347651e-01   7.8302985e-01  -2.6665016e-01   6.6913362e-01  -7.2091273e-02   6.2776666e-01   9.9728074e-03   6.9892716e-01  -2.4666250e-01   6.7411768e-01  -2.4798927e-01   3.7575986e-01  -2.4032179e-01   6.9336214e-01  -9.4170672e-02
  -4.0843076e-01  -5.5307061e-01   6.0900437e-01  -4.1101189e-01   7.2676932e-01  -3.4376390e-01   6.5297578e-01  -9.3444041e-02   6.2690991e-01  -1.3258931e-02   6.4869377e-01  -2.9112320e-01   6.2405562e-01  -2.6851905e-01   3.3861190e-01  -4.2728867e-02   6.7475063e-01  -1.2964473e-01
  -5.9436380e-01  -4.3019907e-01   5.3541485e-01  -3.2575783e-01   6.6355632e-01  -3.4574228e-01   6.3734116e-01  -6.9166046e-02   6.2550206e-01   1.1029990e-03   5.9765600e-01  -2.5842028e-01   5.7703859e-01  -2.1923997e-01   3.5333755e-01   1.5169919e-01   6.5474537e-01  -1.1366231e-01
  -7.1240795e-01  -1.9736996e-01   4.8330387e-01  -1.9890775e-01   6.0541674e-01  -2.9162177e-01   6.2882315e-01  -2.0937256e-02   6.2836155e-01   3.5290337e-02   5.5777154e-01  -1.7383420e-01   5.4385258e-01  -1.2760280e-01   4.1297535e-01   2.9746466e-01   6.4025441e-01  -6.4356609e-02
  -7.3650462e-01   6.4622289e-02   4.5742655e-01  -6.5183552e-02   5.6010204e-01  -2.0814062e-01   6.2943724e-01   2.5165986e-02   6.3691715e-01   6.7057471e-02   5.3546622e-01  -7.1002109e-02   5.2933591e-01  -2.7264491e-02   5.0065899e-01   3.6489852e-01   6.3467063e-01  -6.1763620e-03
  -6.7105685e-01   2.7569960e-01   4.5610526e-01   4.6125334e-02   5.3054083e-01  -1.2074117e-01   6.3667510e-01   4.7706894e-02   6.4913191e-01   7.7420099e-02   5.3109299e-01   1.8522869e-02   5.3219437e-01   5.2005878e-02   5.9444943e-01   3.4482769e-01   6.3754347e-01   3.8371244e-02
  -5.4636602e-01   3.7889025e-01   4.7292769e-01   1.1696898e-01   5.1567714e-01  -4.7375115e-02   6.4499050e-01   3.6119017e-02   6.6051910e-01   5.6146941e-02   5.4005969e-01   7.3024701e-02   5.4646504e-01   9.1520885e-02   6.7267458e-01   2.4800270e-01   6.4540622e-01   5.4822782e-02
  -4.0717702e-01   3.5427938e-01   4.9924270e-01   1.4274433e-01   5.1211841e-01   4.1254242e-03   6.4811229e-01  -6.7802201e-03   6.6583568e-01   4.3962132e-03   5.5506669e-01   8.4822371e-02   5.6400595e-01   8.7135202e-02   7.1861595e-01   1.0107501e-01   6.5336062e-01   3.9943160e-02
  -2.9811816e-01   2.2234741e-01   5.2674552e-01   1.3124681e-01   5.1594766e-01   3.5548851e-02   6.4144885e-01  -6.6138011e-02   6.6094812e-01  -6.5668619e-02   5.6874431e-01   6.0697989e-02   5.7725532e-01   4.8868278e-02   7.2386021e-01  -5.9623923e-02   6.5690519e-01   1.7733831e-03
  -2.4995092e-01   3.4799436e-02   5.4958779e-01   9.8571973e-02   5.2422448e-01   5.5138582e-02   6.2390414e-01  -1.2035716e-01   6.4438614e-01  -1.3468288e-01   5.7603067e-01   1.8107561e-02   5.8157643e-01  -3.5464754e-03   6.8979995e-01  -1.9631081e-01   6.5352495e-01  -4.3782392e-02
  -2.7133129e-01  -1.4393217e-01   5.6543862e-01   6.3227993e-02   5.3573544e-01   7.2931719e-02   5.9844243e-01  -1.4861600e-01   6.1802967e-01  -1.8226207e-01   5.7551058e-01  -2.1667451e-02   5.7643258e-01  -4.7816093e-02   6.2687663e-01  -2.7842589e-01   6.4349576e-01  -7.8772046e-02
  -3.4818163e-01  -2.5816338e-01   5.7533795e-01   4.0114230e-02   5.5087089e-01   9.6072293e-02   5.7122313e-01  -1.3815813e-01   5.8670740e-01  -1.9365589e-01   5.6938680e-01  -4.1226216e-02   5.6511810e-01  -6.6719151e-02   5.5167488e-01  -2.8988244e-01   6.2968480e-01  -8.9532864e-02
  -4.5015276e-01  -2.7766464e-01   5.8253545e-01   3.6189524e-02   5.7079405e-01   1.2558781e-01   5.4965606e-01  -8.8701553e-02   5.5686557e-01  -1.6441091e-01   5.6222186e-01  -3.2778178e-02   5.5325592e-01  -5.3505754e-02   4.8263991e-01  -2.3266303e-01   6.1647990e-01  -7.1232817e-02
  -5.4169830e-01  -2.0486576e-01   5.9072459e-01   4.8987219e-02   5.9622072e-01   1.5554850e-01   5.4000423e-01  -1.2602804e-02   5.3473231e-01  -1.0156177e-01   5.5894237e-01  -1.1925243e-04   5.4660242e-01  -1.3455285e-02   4.3546135e-01  -1.2549812e-01   6.0822561e-01  -2.9197318e-02
  -5.9389927e-01  -7.0801517e-02   6.0227914e-01   6.8422799e-02   6.2627382e-01   1.7499768e-01   5.4532521e-01   6.9235911e-02   5.2457027e-01  -2.1079444e-02   5.6284313e-01   4.3636282e-02   5.4892556e-01   3.8752756e-02   4.1934971e-01   2.0647380e-03   6.0771173e-01   2.3336643e-02
  -5.9223527e-01   7.7396222e-02   6.1724610e-01   8.0983385e-02   6.5799095e-01   1.7183256e-01   5.6459312e-01   1.3379069e-01   5.2769925e-01   5.7063002e-02   5.7444862e-01   8.1189398e-02   5.6083372e-01   8.4395199e-02   4.3548149e-01   1.1770493e-01   6.1534790e-01   6.9814264e-02
  -5.4079351e-01   1.9233866e-01   6.3300082e-01   7.5064386e-02   6.8641101e-01   1.3775696e-01   5.9274578e-01   1.6302468e-01   5.4213791e-01   1.1468240e-01   5.9110503e-01   9.7243889e-02   5.7939084e-01   1.0706512e-01   4.7703063e-01   1.9493879e-01   6.2891096e-01   9.5814399e-02
  -4.5850956e-01   2.4061352e-01   6.4525936e-01   4.5270472e-02   7.0577900e-01   7.2105724e-02   6.2233222e-01   1.4888552e-01   5.6347293e-01   1.4007030e-01   6.0803238e-01   8.3537006e-02   5.9927768e-01   9.7738377e-02   5.3185111e-01   2.1877294e-01   6.4440616e-01   9.3375281e-02
  -3.7275826e-01   2.1127040e-01   6.4946531e-01  -5.4614985e-03   7.1103961e-01  -1.6474526e-02   6.4550804e-01   9.5517731e-02   5.8608656e-01   1.3064657e-01   6.1978727e-01   4.1444915e-02   6.1437715e-01   5.7405960e-02   5.8569449e-01   1.8840282e-01   6.5723312e-01   6.3210981e-02
  -3.1049226e-01   1.1789210e-01   6.4242106e-01  -6.6439516e-02   6.9945155e-01  -1.1126957e-01   6.5624476e-01   1.8143284e-02   6.0470185e-01   9.3190481e-02   6.2204036e-01  -1.8240776e-02   6.1968997e-01  -3.1646544e-03   6.2584599e-01   1.1631441e-01   6.6358286e-01   1.4458375e-02
  -2.8968289e-01  -7.2038691e-03   6.2358340e-01  -1.2253762e-01   6.7174866e-01  -1.9179054e-01   6.5208095e-01  -6.1552033e-02   6.1579628e-01   4.1262603e-02   6.1308851e-01  -7.8728726e-02   6.1297348e-01  -6.6864631e-02   6.4419099e-01   2.3923320e-02   6.6162743e-01  -3.8306989e-02
  -3.1479961e-01  -1.2429392e-01   5.9541840e-01  -1.5880955e-01   6.3224855e-01  -2.3936938e-01   6.3464219e-01  -1.2174863e-01   6.1829692e-01  -9.1768807e-03   5.9440161e-01  -1.2247001e-01   5.9536864e-01  -1.1551517e-01   6.3859174e-01  -6.4553554e-02   6.5197236e-01  -7.9601247e-02
  -3.7615033e-01  -1.9876456e-01   5.6296788e-01  -1.6484864e-01   5.8808785e-01  -2.4231539e-01   6.0914412e-01  -1.4664591e-01   6.1362852e-01  -4.4457736e-02   5.7031900e-01  -1.3645803e-01   5.7114012e-01  -1.3523374e-01   6.1289857e-01  -1.2827447e-01   6.3746865e-01  -9.7611976e-02
  -4.5385781e-01  -2.1137020e-01   5.3261584e-01  -1.3775240e-01   5.4761830e-01  -1.9912770e-01   5.8282280e-01  -1.3068654e-01   6.0500143e-01  -5.6896565e-02   5.4682409e-01  -1.1606372e-01   5.4643954e-01  -1.2039165e-01   5.7538279e-01  -1.5456554e-01   6.2232270e-01  -8.7545997e-02
  -5.2461618e-01  -1.6269273e-01   5.1049199e-01  -8.2819443e-02   5.1848634e-01  -1.1881015e-01   5.6287865e-01  -7.9553449e-02   5.9626554e-01  -4.6311677e-02   5.2986358e-01  -6.6133804e-02   5.2756784e-01  -7.4883384e-02   5.3625641e-01  -1.4111430e-01   6.1085203e-01  -5.2662490e-02
  -5.6866367e-01  -7.1134577e-02   5.0100921e-01  -1.2018363e-02   5.0596070e-01  -1.8482490e-02   5.5459814e-01  -7.9944182e-03   5.9074682e-01  -1.9202140e-02   5.2377674e-01   6.9329621e-04   5.1931760e-01  -1.0621502e-02   5.0506369e-01  -9.5367681e-02   6.0630742e-01  -2.9335879e-03
  -5.7546019e-01   3.3797211e-02   5.0577824e-01   5.9087525e-02   5.1175906e-01   8.0786040e-02   5.5997856e-01   6.4498649e-02   5.9030120e-01   1.3718049e-02   5.3012468e-01   6.7578631e-02   5.2370129e-01   5.5908195e-02   4.8839171e-01  -3.1815219e-02   6.0998082e-01   4.7943249e-02
  -5.4585646e-01   1.2140711e-01   5.2332688e-01   1.1535817e-01   5.3383847e-01   1.5905956e-01   5.7740461e-01   1.1920565e-01   5.9493303e-01   4.1082257e-02   5.4738932e-01   1.1820362e-01   5.3955927e-01   1.0830835e-01   4.8863658e-01   3.2404998e-02   6.2095362e-01   8.6537009e-02
  -4.9086442e-01   1.6845900e-01   5.4953744e-01   1.4556046e-01   5.6699606e-01   2.0180785e-01   6.0223499e-01   1.4280108e-01   6.0295619e-01   5.4018467e-02   5.7144703e-01   1.4078969e-01   5.6297281e-01   1.3432072e-01   5.0388807e-01   8.1779506e-02   6.3642185e-01   1.0310117e-01
  -4.2770725e-01   1.6523030e-01   5.7868036e-01   1.4487173e-01   6.0413276e-01   2.0288361e-01   6.2811699e-01   1.3049744e-01   6.1160314e-01   4.8468364e-02   5.9666926e-01   1.3090417e-01   5.8833966e-01   1.2873648e-01   5.2882810e-01   1.0600808e-01   6.5248877e-01   9.3962495e-02
  -3.7444321e-01   1.1720071e-01   6.0477265e-01   1.1570766e-01   6.3786087e-01   1.6542767e-01   6.4866041e-01   8.6836432e-02   6.1789308e-01   2.6030278e-02   6.1734786e-01   9.2263461e-02   6.0981298e-01   9.4358775e-02   5.5635819e-01   1.0198614e-01   6.6520007e-01   6.2203269e-02
  -3.4452468e-01   4.2199995e-02   6.2299139e-01   6.6725411e-02   6.6215872e-01   1.0055487e-01   6.5911632e-01   2.4005484e-02   6.1955187e-01  -6.8182338e-03   6.2914602e-01   3.5382673e-02   6.2279873e-01   4.0854482e-02   5.7958315e-01   7.3894816e-02   6.7159706e-01   1.6520363e-02
  -3.4367277e-01  -3.6049250e-02   6.3058942e-01   1.0229222e-02   6.7344642e-01   2.4116770e-02   6.5737586e-01  -4.1861840e-02   6.1559362e-01  -4.0926089e-02   6.2998479e-01  -2.5586087e-02   6.2490890e-01  -1.8228395e-02   5.9339027e-01   3.1254144e-02   6.7035427e-01  -3.1437475e-02
  -3.6879006e-01  -9.5325293e-02   6.2737057e-01  -4.1024610e-02   6.7116440e-01  -4.7276790e-02   6.4438400e-01  -9.5045615e-02   6.0658390e-01  -6.7169774e-02   6.2043499e-01  -7.6637835e-02   6.1642643e-01  -6.9105430e-02   5.9555341e-01  -1.3950803e-02   6.6205158e-01  -7.0240349e-02
  -4.0993100e-01  -1.2137715e-01   6.1542764e-01  -7.6955646e-02   6.5751008e-01  -1.0015516e-01   6.2363012e-01  -1.2425326e-01   5.9439339e-01  -7.9020057e-02   6.0331802e-01  -1.0745014e-01   5.9997016e-01  -1.0126204e-01   5.8690329e-01  -5.0619933e-02   6.4886634e-01  -9.1627282e-02
  -4.5389328e-01  -1.1094135e-01   5.9839999e-01  -9.2104744e-02   6.3662269e-01  -1.2665564e-01   6.0009386e-01  -1.2485158e-01   5.8163921e-01  -7.3980342e-02   5.8282947e-01  -1.1338715e-01   5.7965467e-01  -1.0953943e-01   5.7073540e-01  -7.1041589e-02   6.3391858e-01  -9.2159676e-02
  -4.8824155e-01  -7.1552938e-02   5.8049694e-01  -8.6343567e-02   6.1348899e-01  -1.2550476e-01   5.7896893e-01  -9.9346624e-02   5.7100072e-01  -5.3898763e-02   5.6346237e-01  -9.5986586e-02   5.6002092e-01  -9.4778970e-02   5.5175754e-01  -7.2333812e-02   6.2047353e-01  -7.3593024e-02
