   1.6791738e-01   4.8633314e-01   1.7007840e-01   7.1964163e-01   5.1524530e-02   6.5091054e-01   1.0246873e-01   3.9736080e-01   2.0258161e-02   3.3707135e-02   2.8984533e-02   7.7725120e-01   1.7647616e-02   6.7640175e-01   2.7359606e-02   6.0450388e-01   7.1629095e-02   1.5016341e-01
   2.0613350e-01  -2.6519376e-01   3.3445657e-01   9.5322657e-01   2.1881282e-01   9.1549150e-01   1.7436612e-01   6.7721037e-01   6.0368033e-02   4.4672824e-01   2.0905693e-01   9.7329579e-01   1.8082267e-01   9.2288210e-01   2.2715636e-01   9.2309353e-01   1.2913448e-01   5.5842602e-01
  -2.6007600e-03  -8.1611043e-01   5.2582115e-01   1.0000000e+00   4.2269208e-01   1.0000000e+00   2.7533776e-01   8.4773345e-01   1.5776816e-01   7.4502873e-01   4.1104445e-01   1.0000000e+00   3.7609155e-01   1.0000000e+00   4.7769127e-01   1.0000000e+00   2.4064825e-01   8.3401430e-01
  -3.4980891e-01  -1.0000000e+00   7.0977165e-01   8.8341596e-01   6.2670825e-01   9.2280041e-01   3.9369412e-01   9.4796444e-01   2.9376569e-01   9.2745189e-01   6.0486842e-01   9.0080022e-01   5.7220789e-01   9.3796617e-01   7.1838497e-01   8.5443453e-01   3.8502160e-01   9.7684670e-01
  -6.9201437e-01  -7.9986044e-01   8.5951862e-01   6.5492023e-01   8.0144157e-01   7.2913003e-01   5.2194402e-01   1.0000000e+00   4.5016977e-01   1.0000000e+00   7.6999848e-01   7.2335839e-01   7.4543791e-01   7.7840232e-01   9.0072871e-01   5.5679494e-01   5.4226093e-01   1.0000000e+00
  -9.0757766e-01  -3.4106749e-01   9.5874815e-01   3.6751066e-01   9.2769300e-01   4.6748002e-01   6.5371070e-01   9.9878250e-01   6.0991005e-01   9.7031073e-01   8.9450631e-01   5.0357668e-01   8.8007249e-01   5.5787618e-01   9.9695908e-01   1.9314435e-01   6.9483545e-01   9.2046854e-01
  -9.3447115e-01   1.9265523e-01   1.0000000e+00   5.8950717e-02   9.9521439e-01   1.7363843e-01   7.8051234e-01   9.1927915e-01   7.5726463e-01   8.4778076e-01   9.7216411e-01   2.6239244e-01   9.6663126e-01   3.0200949e-01   1.0000000e+00  -1.6281587e-01   8.2783911e-01   7.5419055e-01
  -7.7745974e-01   6.3027571e-01   9.8181676e-01  -2.4455706e-01   1.0000000e+00  -1.2721721e-01   8.9021201e-01   7.3397353e-01   8.7830540e-01   6.4563878e-01   1.0000000e+00   1.2375223e-02   1.0000000e+00   2.9840250e-02   9.1940863e-01  -4.5396917e-01   9.2882289e-01   5.1686360e-01
  -4.9749972e-01   8.4311442e-01   9.0772114e-01  -5.1525483e-01   9.4319778e-01  -4.0889926e-01   9.6799470e-01   4.3368873e-01   9.6169925e-01   3.8355195e-01   9.7748816e-01  -2.3281865e-01   9.7886860e-01  -2.3801733e-01   7.7774735e-01  -6.3476072e-01   9.8809931e-01   2.2910424e-01
  -1.9182274e-01   7.6504376e-01   7.8739741e-01  -7.1716035e-01   8.3231173e-01  -6.3669489e-01   1.0000000e+00   4.3154417e-02   1.0000000e+00   9.0493552e-02   9.0764340e-01  -4.5145279e-01   9.0678057e-01  -4.7340715e-01   6.0757683e-01  -6.7372812e-01   1.0000000e+00  -7.8234986e-02
   3.3626259e-02   4.2282721e-01   6.3781109e-01  -8.1326140e-01   6.8276090e-01  -7.7166131e-01   9.7808809e-01  -3.7451632e-01   9.9125981e-01  -1.9384480e-01   7.9883233e-01  -6.1252258e-01   7.9370627e-01  -6.4088107e-01   4.4648948e-01  -5.6634357e-01   9.6463296e-01  -3.6262922e-01
   1.0200193e-01  -6.2173770e-02   4.8184853e-01  -7.8159427e-01   5.1732294e-01  -7.8520093e-01   9.0431252e-01  -7.3340052e-01   9.4051084e-01  -4.2490631e-01   6.6606542e-01  -6.8379517e-01   6.5675673e-01  -7.0722391e-01   3.2852696e-01  -3.4327925e-01   8.8935822e-01  -5.7742617e-01
  -9.2305996e-03  -5.2337536e-01   3.4420500e-01  -6.2633166e-01   3.6246054e-01  -6.7213981e-01   7.9178005e-01  -9.5423863e-01   8.5947137e-01  -5.6563803e-01   5.2982432e-01  -6.4510220e-01   5.1828884e-01  -6.5496796e-01   2.7621141e-01  -6.2946678e-02   7.8826420e-01  -6.8551815e-01
  -2.6213402e-01  -8.0986715e-01   2.4625406e-01  -3.7677325e-01   2.4294997e-01  -4.5339755e-01   6.6220778e-01  -9.8866174e-01   7.6446691e-01  -5.9741771e-01   4.1263542e-01  -4.9751217e-01   4.0185409e-01  -4.9049142e-01   2.9545305e-01   2.0650114e-01   6.7981064e-01  -6.7008443e-01
  -5.7401659e-01  -8.3607876e-01   2.0188846e-01  -7.9421963e-02   1.7684468e-01  -1.7074313e-01   5.4077316e-01  -8.3343411e-01   6.7288874e-01  -5.2592619e-01   3.3433524e-01  -2.6638231e-01   3.2717970e-01  -2.4503083e-01   3.7562821e-01   4.0664187e-01   5.8309142e-01  -5.4019742e-01
  -8.4681742e-01  -6.0632151e-01   2.1526605e-01   2.1291640e-01   1.7214509e-01   1.2326608e-01   4.5004815e-01  -5.3092995e-01   5.9934581e-01  -3.7946556e-01   3.0752911e-01   3.1290438e-03   3.0576335e-01   3.1760635e-02   4.9404814e-01   5.0280144e-01   5.1379805e-01  -3.2948877e-01
  -1.0000000e+00  -2.0713067e-01   2.8062845e-01   4.5233473e-01   2.2572674e-01   3.7745625e-01   4.0469770e-01  -1.5581057e-01   5.5262596e-01  -1.9985994e-01   3.3456469e-01   2.5730403e-01   3.3827611e-01   2.8424976e-01   6.2269086e-01   4.8763354e-01   4.8089488e-01  -8.7397910e-02
  -9.9458980e-01   2.3277689e-01   3.8412923e-01   6.0362748e-01   3.2480794e-01   5.5197772e-01   4.0862740e-01   2.0716323e-01   5.3453999e-01  -2.9760490e-02   4.0722197e-01   4.4750321e-01   4.1481940e-01   4.6460731e-01   7.3454515e-01   3.7438825e-01   4.8516441e-01   1.3429992e-01
  -8.3933978e-01   5.8469636e-01   5.0656405e-01   6.4667748e-01   4.4983450e-01   6.2236530e-01   4.5511815e-01   4.8120509e-01   5.4066082e-01   9.6176834e-02   5.0879573e-01   5.3895149e-01   5.1745884e-01   5.4101262e-01   8.0756902e-01   1.8886574e-01   5.1984080e-01   2.9210598e-01
  -5.8601230e-01   7.5400694e-01   6.2653084e-01   5.7927050e-01   5.7800138e-01   5.8254328e-01   5.2864242e-01   6.1359841e-01   5.6200477e-01   1.5774216e-01   6.1746206e-01   5.1727051e-01   6.2394468e-01   5.0332074e-01   8.2782701e-01  -3.2436481e-02   5.7247452e-01   3.5967918e-01
  -3.1086136e-01   7.0142831e-01   7.2409973e-01   4.1884156e-01   6.8729959e-01   4.4601356e-01   6.0910211e-01   5.8713412e-01   5.8780887e-01   1.5267861e-01   7.1090983e-01   3.9170734e-01   7.1240702e-01   3.6506401e-01   7.9186604e-01  -2.4376120e-01   6.2823907e-01   3.3293572e-01
  -9.3056856e-02   4.5392644e-01   7.8450178e-01   2.0187239e-01   7.6048890e-01   2.4525976e-01   6.7673071e-01   4.2605623e-01   6.0842143e-01   9.7848621e-02   7.7103576e-01   1.9541612e-01   7.6591569e-01   1.6262597e-01   7.0844414e-01  -3.9649902e-01   6.7347885e-01   2.3173220e-01
   1.0189730e-02   9.7295834e-02   8.0140369e-01  -2.4091676e-02   7.8873465e-01   2.4899593e-02   7.1751295e-01   1.8923155e-01   6.1824668e-01   2.4121773e-02   7.8847150e-01  -2.1896550e-02   7.7666596e-01  -5.2989280e-02   5.9771447e-01  -4.5358170e-01   6.9934485e-01   9.4140644e-02
  -2.0895682e-02  -2.5580630e-01   7.7757235e-01  -2.1357622e-01   7.7271101e-01  -1.7019054e-01   7.2623320e-01  -5.0802641e-02   6.1696559e-01  -3.5119472e-02   7.6426921e-01  -2.0850381e-01   7.4722775e-01  -2.3080489e-01   4.8626160e-01  -4.0243022e-01   7.0351881e-01  -3.6618412e-02
  -1.6514762e-01  -5.0217082e-01   7.2343828e-01  -3.3441211e-01   7.2157600e-01  -3.0572787e-01   7.0687734e-01  -2.3001343e-01   6.0907305e-01  -5.5246905e-02   7.0895543e-01  -3.2473777e-01   6.8923648e-01  -3.3356394e-01   4.0022874e-01  -2.5935103e-01   6.9004333e-01  -1.2521337e-01
  -3.7018706e-01  -5.7979629e-01   6.5377276e-01  -3.7425163e-01   6.4988855e-01  -3.6512635e-01   6.7024744e-01  -3.1064285e-01   6.0175616e-01  -2.8140078e-02   6.3896152e-01  -3.5282186e-01   6.1959271e-01  -3.4677778e-01   3.5840872e-01  -6.3731311e-02   6.6723722e-01  -1.5373301e-01
  -5.7098906e-01  -4.8344955e-01   5.8375445e-01  -3.4100410e-01   5.7366612e-01  -3.5101953e-01   6.2992640e-01  -2.8855271e-01   6.0205749e-01   3.6445896e-02   5.7185633e-01  -2.9924059e-01   5.5565083e-01  -2.8024550e-01   3.6790659e-01   1.3432408e-01   6.4464772e-01  -1.2456673e-01
  -7.1094955e-01  -2.6079240e-01   5.2541845e-01  -2.5771058e-01   5.0661541e-01  -2.8143991e-01   5.9795577e-01  -1.8925508e-01   6.1427485e-01   1.1570182e-01   5.2176518e-01  -1.8978417e-01   5.1074646e-01  -1.6237938e-01   4.2318058e-01   2.8837434e-01   6.3002268e-01  -5.6696292e-02
  -7.5749724e-01   9.0870029e-03   4.8562511e-01  -1.5371642e-01   4.5772832e-01  -1.8223826e-01   5.8180094e-01  -5.4972503e-02   6.3859231e-01   1.8254232e-01   4.9651219e-01  -5.9538022e-02   4.9155416e-01  -2.9757016e-02   5.0857695e-01   3.6666767e-01   6.2737359e-01   2.2706400e-02
  -7.0882282e-01   2.4235523e-01   4.6567586e-01  -5.6050682e-02   4.3045173e-01  -7.9377042e-02   5.8310898e-01   6.9873797e-02   6.7107317e-01   2.1402798e-01   4.9677210e-01   5.7322373e-02   4.9749376e-01   8.3298916e-02   6.0278633e-01   3.5734234e-01   6.3637736e-01   8.7077196e-02
  -5.9123201e-01   3.7529227e-01   4.6239254e-01   1.6944940e-02   4.2329322e-01   7.1183328e-03   5.9821710e-01   1.5126092e-01   7.0485136e-01   1.9773392e-01   5.1708595e-01   1.3584929e-01   5.2201603e-01   1.5301174e-01   6.8412450e-01   2.6860377e-01   6.5304031e-01   1.1779491e-01
  -4.4809782e-01   3.7950400e-01   4.7014248e-01   5.8012042e-02   4.3149187e-01   6.6049572e-02   6.2014660e-01   1.7278486e-01   7.3213313e-01   1.3446088e-01   5.4832181e-01   1.6469160e-01   5.5526985e-01   1.7018184e-01   7.3515837e-01   1.2488414e-01   6.7136404e-01   1.0806872e-01
  -3.2573865e-01   2.6743074e-01   4.8294934e-01   7.0589275e-02   4.4894204e-01   9.5732293e-02   6.4109021e-01   1.3822617e-01   7.4633079e-01   3.8153102e-02   5.8055927e-01   1.4732814e-01   5.8710752e-01   1.4088070e-01   7.4619649e-01  -3.8573998e-02   6.8529769e-01   6.3934893e-02
  -2.5953766e-01   8.5991738e-02   4.9625757e-01   6.5792020e-02   4.7000818e-01   1.0237822e-01   6.5485038e-01   6.8392506e-02   7.4389056e-01  -6.7622528e-02   6.0581856e-01   9.9479726e-02   6.0981633e-01   8.3249676e-02   7.1709315e-01  -1.8315359e-01   6.9055800e-01   1.7212191e-03
  -2.6311490e-01  -1.0106025e-01   5.0809198e-01   5.7339697e-02   4.9097058e-01   9.6412653e-02   6.5874628e-01  -7.6014699e-03   7.2546638e-01  -1.5671681e-01   6.2016365e-01   4.2758496e-02   6.2011417e-01   2.0605556e-02   6.5710550e-01  -2.7633137e-01   6.8596516e-01  -5.7909900e-02
  -3.2733702e-01  -2.3427284e-01   5.1889421e-01   5.6610573e-02   5.1028535e-01   8.8240088e-02   6.5378370e-01  -6.2748898e-02   6.9553928e-01  -2.0785409e-01   6.2388512e-01  -2.6606877e-03   6.1915611e-01  -2.6109193e-02   5.8212898e-01  -2.9893357e-01   6.7341247e-01  -9.6712154e-02
  -4.2463538e-01  -2.7715972e-01   5.3077117e-01   6.8642278e-02   5.2828112e-01   8.4435859e-02   6.4390210e-01  -8.1308967e-02   6.6120781e-01  -2.1098121e-01   6.2069403e-01  -2.4512889e-02   6.1154052e-01  -4.4842704e-02   5.1067725e-01  -2.5015329e-01   6.5711398e-01  -1.0470304e-01
  -5.1988080e-01  -2.2514133e-01   5.4604758e-01   9.0777182e-02   5.4606575e-01   8.5866022e-02   6.3409326e-01  -6.2875290e-02   6.3009718e-01  -1.6944728e-01   6.1568803e-01  -2.1277897e-02   6.0311495e-01  -3.5075305e-02   4.5915709e-01  -1.4675631e-01   6.4200959e-01  -8.2565739e-02
  -5.8201962e-01  -1.0382926e-01   5.6587029e-01   1.1386238e-01   5.6433900e-01   8.7996622e-02   6.2845014e-01  -2.0903781e-02   6.0831769e-01  -9.8129664e-02   6.1323941e-01  -1.2118396e-03   5.9875123e-01  -6.5731252e-03   4.3797446e-01  -1.7801703e-02   6.3214702e-01  -4.0480657e-02
  -5.9337687e-01   4.2212200e-02   5.8926592e-01   1.2579767e-01   5.8248593e-01   8.3361866e-02   6.2871844e-01   2.3574936e-02   5.9899656e-01  -1.8209644e-02   6.1540272e-01   2.1891239e-02   6.0069757e-01   2.5175025e-02   4.4942840e-01   1.0372027e-01   6.2948501e-01   6.0863447e-03
  -5.5380996e-01   1.6494407e-01   6.1301102e-01   1.1609933e-01   5.9832954e-01   6.5114432e-02   6.3383880e-01   5.0119856e-02   6.0178154e-01   4.9232411e-02   6.2135280e-01   3.4216506e-02   6.0801672e-01   4.4788302e-02   4.8782657e-01   1.8942483e-01   6.3348430e-01   4.1755063e-02
  -4.7924261e-01   2.2751180e-01   6.3235596e-01   8.0024979e-02   6.0862098e-01   3.0364814e-02   6.4051471e-01   4.6112529e-02   6.1332877e-01   8.8925106e-02   6.2789603e-01   2.6879040e-02   6.1714565e-01   4.2207163e-02   5.4154794e-01   2.2210133e-01   6.4151041e-01   5.6028611e-02
  -3.9548158e-01   2.1422533e-01   6.4239242e-01   2.0844655e-02   6.1010294e-01  -1.7933606e-02   6.4455601e-01   1.0889748e-02   6.2856543e-01   9.4998126e-02   6.3081315e-01  -1.1153328e-03   6.2332358e-01   1.5821057e-02   5.9638190e-01   1.9888319e-01   6.4986663e-01   4.6193259e-02
  -3.2963573e-01   1.3389457e-01   6.3960756e-01  -5.0462471e-02   6.0074649e-01  -7.1187033e-02   6.4249110e-01  -4.4155091e-02   6.4229847e-01   7.1811477e-02   6.2652491e-01  -4.2544444e-02   6.2236170e-01  -2.7147643e-02   6.3918753e-01   1.3074724e-01   6.5508083e-01   1.7740043e-02
  -3.0147690e-01   1.5434672e-02   6.2315043e-01  -1.1818871e-01   5.8074157e-01  -1.1752314e-01   6.3295235e-01  -9.9675510e-02   6.5075209e-01   3.1720228e-02   6.1357710e-01  -8.4478778e-02   6.1223740e-01  -7.3205127e-02   6.6104510e-01   3.8492677e-02   6.5508078e-01  -1.7871347e-02
  -3.1816593e-01  -1.0243214e-01   5.9526887e-01  -1.6632767e-01   5.5277871e-01  -1.4530040e-01   6.1723765e-01  -1.3495618e-01   6.5245377e-01  -9.3183417e-03   5.9330835e-01  -1.1259913e-01   5.9385133e-01  -1.0704744e-01   6.5888413e-01  -5.3248366e-02   6.4978375e-01  -4.7179530e-02
  -3.7249860e-01  -1.8386659e-01   5.6098999e-01  -1.8315880e-01   5.2167632e-01  -1.4668053e-01   5.9910282e-01  -1.3493719e-01   6.4847895e-01  -3.6926709e-02   5.6972811e-01  -1.1598007e-01   5.7097638e-01  -1.1655168e-01   6.3579357e-01  -1.2250094e-01   6.4112360e-01  -5.9185039e-02
  -4.4644962e-01  -2.0672772e-01   5.2689718e-01  -1.6439249e-01   4.9325906e-01  -1.1997169e-01   5.8359819e-01  -9.5116769e-02   6.4177049e-01  -4.2518612e-02   5.4837138e-01  -9.0618647e-02   5.4913719e-01  -9.6546444e-02   5.9952465e-01  -1.5499722e-01   6.3231914e-01  -4.8755615e-02
  -5.1729936e-01  -1.6810237e-01   4.9958491e-01  -1.1418421e-01   4.7299616e-01  -7.0196591e-02   5.7557192e-01  -2.3017593e-02   6.3603391e-01  -2.5331787e-02   5.3475500e-01  -4.0703149e-02   5.3405264e-01  -5.0304073e-02   5.6017706e-01  -1.4681737e-01   6.2683011e-01  -1.8012328e-02
  -5.6472893e-01  -8.3474558e-02   4.8412616e-01  -4.3870175e-02   4.6470651e-01  -7.8168486e-03   5.7821108e-01   6.4037579e-02   6.3449213e-01   8.0688116e-03   5.3281564e-01   2.2613132e-02   5.3001932e-01   1.1524462e-02   5.2753236e-01  -1.0421537e-01   6.2726183e-01   2.4559970e-02
  -5.7661456e-01   1.9233538e-02   4.8294470e-01   3.0944126e-02   4.6966518e-01   5.3824491e-02   5.9204639e-01   1.4375619e-01   6.3888557e-01   4.6240040e-02   5.4378296e-01   8.4255122e-02   5.3870514e-01   7.3886195e-02   5.0874272e-01  -4.1148285e-02   6.3454853e-01   6.6710374e-02
  -5.5208205e-01   1.0930115e-01   4.9534109e-01   9.4423142e-02   4.8632586e-01   1.0189112e-01   6.1469279e-01   1.9535477e-01   6.4895391e-01   7.6689457e-02   5.6577569e-01   1.2946963e-01   5.5865173e-01   1.2161706e-01   5.0681301e-01   2.5052575e-02   6.4762554e-01   9.6189775e-02
  -5.0065447e-01   1.6199703e-01   5.1783849e-01   1.3403075e-01   5.1076583e-01   1.2690730e-01   6.4144397e-01   2.0490535e-01   6.6259384e-01   8.9378069e-02   5.9428539e-01   1.4746745e-01   5.8568399e-01   1.4321617e-01   5.2039645e-01   7.8031252e-02   6.6372567e-01   1.0403808e-01
  -4.3874416e-01   1.6552612e-01   5.4510325e-01   1.4339301e-01   5.3763733e-01   1.2497541e-01   6.6645221e-01   1.6925776e-01   6.7648623e-01   7.9592710e-02   6.2327917e-01   1.3424893e-01   6.1395642e-01   1.3384880e-01   5.4452569e-01   1.0641016e-01   6.7910901e-01   8.7145332e-02
  -3.8426405e-01   1.2313455e-01   5.7127694e-01   1.2330620e-01   5.6143931e-01   9.8374153e-02   6.8422774e-01   9.6620279e-02   6.8707640e-01   4.8985155e-02   6.4669821e-01   9.3354053e-02   6.3743373e-01   9.6274422e-02   5.7224296e-01   1.0598068e-01   6.9007408e-01   4.8925703e-02
  -3.5166158e-01   5.0918901e-02   5.9124931e-01   8.1035777e-02   5.7768207e-01   5.4711417e-02   6.9092939e-01   4.2759413e-03   6.9151093e-01   4.8811914e-03   6.5982093e-01   3.4752314e-02   6.5126763e-01   3.9877339e-02   5.9641303e-01   7.9954813e-02   6.9387299e-01  -1.7030552e-03
  -3.4757341e-01  -2.7793534e-02   6.0185135e-01   2.8163651e-02   5.8393143e-01   4.8430099e-03   6.8542177e-01  -8.6121130e-02   6.8849414e-01  -4.1875464e-02   6.6046458e-01  -2.7852781e-02   6.5303793e-01  -2.1911030e-02   6.1163204e-01   3.7580663e-02   6.8950487e-01  -5.2768867e-02
  -3.7013211e-01  -9.0286006e-02   6.0225007e-01  -2.2712250e-02   5.8006518e-01  -4.0052454e-02   6.6931017e-01  -1.5447771e-01   6.7849928e-01  -8.0194458e-02   6.4921959e-01  -8.0769415e-02   6.4305196e-01  -7.5345513e-02   6.1522824e-01  -9.0795505e-03   6.7783450e-01  -9.2614892e-02
  -4.1016487e-01  -1.2078803e-01   5.9390760e-01  -6.0959710e-02   5.6811905e-01  -7.1045135e-02   6.4647268e-01  -1.8711517e-01   6.6361636e-01  -1.0158027e-01   6.2917709e-01  -1.1354456e-01   6.2413593e-01  -1.0963099e-01   6.0763864e-01  -4.8320153e-02   6.6135497e-01  -1.1275976e-01
  -4.5461068e-01  -1.1443982e-01   5.7995804e-01  -8.0216309e-02   5.5159633e-01  -8.3325007e-02   6.2198796e-01  -1.7975333e-01   6.4695208e-01  -1.0215767e-01   6.0501724e-01  -1.2121094e-01   6.0077981e-01  -1.1928001e-01   5.9193411e-01  -7.1664696e-02   6.4351309e-01  -1.0983116e-01
  -4.9073043e-01  -7.7446393e-02   5.6426150e-01  -7.9298114e-02   5.3450809e-01  -7.6804463e-02   6.0084995e-01  -1.3766789e-01   6.3181495e-01  -8.3203982e-02   5.8180223e-01  -1.0485015e-01   5.7796217e-01  -1.0482286e-01   5.7274133e-01  -7.5502910e-02   6.2784534e-01  -8.5943559e-02
