   6.0099352e-02   1.5210075e-01   1.8566440e-01   3.4774411e-02   5.8485743e-03   3.4855657e-01   1.1797580e-02   8.4603515e-01   6.7107907e-02   4.3775374e-01   5.3880639e-02   4.7108342e-01   2.4203743e-03   1.5947949e-01   1.7329043e-01   7.1692179e-02   3.2014319e-02   4.8889015e-01
  -6.4125456e-03  -5.5882782e-01   2.3227403e-01   5.0640480e-01   1.1697933e-01   7.2700137e-01   2.0677872e-01   1.0000000e+00   1.6101390e-01   7.2127466e-01   1.5782780e-01   7.6248290e-01   6.7902368e-02   5.2959406e-01   2.3550829e-01   5.6218846e-01   1.4476729e-01   7.8526102e-01
  -2.5107087e-01  -9.8362494e-01   3.4658425e-01   8.3933064e-01   2.8921437e-01   9.4802927e-01   4.1656826e-01   9.9507367e-01   2.9287837e-01   9.1084647e-01   3.0029717e-01   9.3635087e-01   1.9484806e-01   8.1102554e-01   3.7658138e-01   8.8822070e-01   2.9819738e-01   9.5490738e-01
  -5.6334573e-01  -9.9427960e-01   5.0221918e-01   1.0000000e+00   4.8896537e-01   1.0000000e+00   6.1269423e-01   8.7679734e-01   4.4709864e-01   1.0000000e+00   4.6233363e-01   1.0000000e+00   3.6361408e-01   9.7311575e-01   5.5962773e-01   1.0000000e+00   4.7018774e-01   1.0000000e+00
  -8.1851423e-01  -6.2980710e-01   6.7004349e-01   9.8807650e-01   6.8348926e-01   9.0130007e-01   7.7655392e-01   6.9171902e-01   6.0733873e-01   9.8594917e-01   6.2641477e-01   9.6236058e-01   5.5016070e-01   1.0000000e+00   7.4358820e-01   9.0310329e-01   6.4018289e-01   9.3503710e-01
  -9.2646689e-01  -6.2205788e-02   8.2297425e-01   8.2585964e-01   8.4564007e-01   6.8583659e-01   8.9812807e-01   4.7451436e-01   7.5716351e-01   8.7066229e-01   7.7636762e-01   8.3075859e-01   7.2899462e-01   8.9187243e-01   8.9279333e-01   6.4416410e-01   7.9066498e-01   7.7918993e-01
  -8.5699716e-01   5.0150787e-01   9.3854237e-01   5.4505097e-01   9.5543590e-01   3.8932379e-01   9.7305010e-01   2.4530034e-01   8.8099310e-01   6.6308054e-01   8.9719146e-01   6.1247918e-01   8.7603307e-01   6.6317918e-01   9.8236161e-01   2.8697430e-01   9.0746981e-01   5.5144338e-01
  -6.3904360e-01   8.8708905e-01   1.0000000e+00   1.8311916e-01   1.0000000e+00   4.6858952e-02   1.0000000e+00   1.4187118e-02   9.6529623e-01   3.8010472e-01   9.7535091e-01   3.1880176e-01   9.7103521e-01   3.4065503e-01   1.0000000e+00  -1.0067860e-01   9.7969117e-01   2.7060857e-01
  -3.4604915e-01   9.8177065e-01   9.9772569e-01  -2.1076397e-01   9.7401998e-01  -3.0063511e-01   9.7945048e-01  -2.0956966e-01   1.0000000e+00   4.8510218e-02   1.0000000e+00  -2.7513369e-02   1.0000000e+00  -3.5444211e-02   9.4653424e-01  -4.4924976e-01   1.0000000e+00  -3.9957980e-02
  -7.3383161e-02   7.5575610e-01   9.3159571e-01  -5.7216687e-01   8.8150192e-01  -6.0206049e-01   9.1453077e-01  -4.0897752e-01   9.8030845e-01  -2.9251601e-01   9.6558083e-01  -3.8518462e-01   9.5789250e-01  -4.0971558e-01   8.3589215e-01  -6.9165644e-01   9.6596696e-01  -3.4697391e-01
   8.8917619e-02   2.7979054e-01   8.1288650e-01  -8.3055187e-01   7.3732518e-01  -8.0265549e-01   8.1287775e-01  -5.5793158e-01   9.0858745e-01  -5.9248677e-01   8.7484079e-01  -6.9541682e-01   8.5107808e-01  -7.1606135e-01   6.9348235e-01  -7.7734472e-01   8.8183874e-01  -6.0705637e-01
   8.7491056e-02  -2.8871015e-01   6.6383038e-01  -9.2985654e-01   5.6653204e-01  -8.6047649e-01   6.8797248e-01  -6.2864447e-01   7.9572186e-01  -7.9894860e-01   7.4101051e-01  -8.9531742e-01   6.9832285e-01  -8.9267219e-01   5.5126727e-01  -6.9064699e-01   7.5982189e-01  -7.7527136e-01
  -7.7606723e-02  -7.6487371e-01   5.1333984e-01  -8.4728276e-01   3.9991730e-01  -7.6182609e-01   5.5813381e-01  -6.0390821e-01   6.6006861e-01  -8.7268673e-01   5.8655671e-01  -9.3880971e-01   5.2791866e-01  -9.0135185e-01   4.4017095e-01  -4.5762203e-01   6.1901092e-01  -8.1913447e-01
  -3.5395943e-01  -1.0000000e+00   3.9077681e-01  -6.0066136e-01   2.6763800e-01  -5.2692196e-01   4.4340066e-01  -4.8537407e-01   5.2431464e-01  -8.0057600e-01   4.3902386e-01  -8.1291023e-01   3.7198738e-01  -7.4091804e-01   3.8267423e-01  -1.3896824e-01   4.8222348e-01  -7.2991486e-01
  -6.5585167e-01  -9.2965299e-01   3.1939256e-01  -2.4398605e-01   1.9265616e-01  -2.0523981e-01   3.6124976e-01  -2.9581458e-01   4.1072021e-01  -6.0122421e-01   3.2484218e-01  -5.4404491e-01   2.5913821e-01  -4.4953303e-01   3.8779903e-01   1.8773945e-01   3.7133124e-01  -5.2727546e-01
  -8.9297179e-01  -5.9022177e-01   3.1143217e-01   1.4714698e-01   1.8605287e-01   1.3755196e-01   3.2265615e-01  -7.3861739e-02   3.3631643e-01  -3.2036274e-01   2.6323334e-01  -1.9120925e-01   2.0794493e-01  -9.4360736e-02   4.4991478e-01   4.4942630e-01   3.0261025e-01  -2.5481768e-01
  -1.0000000e+00  -9.8156625e-02   3.6600820e-01   4.9528925e-01   2.4532644e-01   4.3658736e-01   3.2975782e-01   1.3696330e-01   3.0939560e-01  -1.7419437e-02   2.6195946e-01   1.7144005e-01   2.2306317e-01   2.4803050e-01   5.5132032e-01   5.9480118e-01   2.8340576e-01   3.2189736e-02
  -9.5259241e-01   3.9672900e-01   4.7041226e-01   7.3614408e-01   3.5616451e-01   6.4017499e-01   3.7617486e-01   2.9863584e-01   3.2878556e-01   2.4925984e-01   3.1668473e-01   4.7283682e-01   2.9561709e-01   5.1010524e-01   6.6718886e-01   5.9977248e-01   3.1153323e-01   2.8013867e-01
  -7.7210631e-01   7.5513834e-01   6.0289787e-01   8.2808418e-01   4.9565468e-01   7.1679101e-01   4.4869907e-01   3.8514002e-01   3.8473612e-01   4.3357339e-01   4.1235690e-01   6.5814539e-01   4.0584198e-01   6.4595497e-01   7.7073571e-01   4.6853563e-01   3.7628425e-01   4.4726761e-01
  -5.1569055e-01   8.8499202e-01   7.3723137e-01   7.5880228e-01   6.3696425e-01   6.5887233e-01   5.3040354e-01   3.8674569e-01   4.6171151e-01   5.0968625e-01   5.2693871e-01   6.9847303e-01   5.2810660e-01   6.3853589e-01   8.3871039e-01   2.3288482e-01   4.6130587e-01   5.1084826e-01
  -2.5839842e-01   7.6256534e-01   8.4783955e-01   5.4913167e-01   7.5429324e-01   4.8455565e-01   6.0423805e-01   3.1231686e-01   5.4198312e-01   4.7654241e-01   6.3618326e-01   5.9678404e-01   6.3649198e-01   5.0212114e-01   8.5628039e-01  -5.0626781e-02   5.4824151e-01   4.7105524e-01
  -7.1525235e-02   4.3911617e-01   9.1516425e-01   2.5055179e-01   8.2787061e-01   2.3541516e-01   6.5680185e-01   1.8823916e-01   6.0960720e-01   3.5809901e-01   7.1895441e-01   3.8840278e-01   7.1039293e-01   2.7944421e-01   8.2092323e-01  -3.1107738e-01   6.2070653e-01   3.5077641e-01
  -4.2642577e-04   2.2498549e-02   9.3011910e-01  -6.8454584e-02   8.4812911e-01  -3.3611753e-02   6.8155095e-01   5.0724317e-02   6.5417375e-01   1.9554779e-01   7.6225522e-01   1.3090079e-01   7.3922276e-01   2.9739457e-02   7.4355816e-01  -4.8356007e-01   6.6796096e-01   1.8832200e-01
  -5.4359458e-02  -3.6085500e-01   8.9498086e-01  -3.4088197e-01   8.1663899e-01  -2.6800742e-01   6.7942159e-01  -6.5098696e-02   6.7227062e-01   3.4468112e-02   7.6315827e-01  -1.1284131e-01   7.2355656e-01  -1.8761121e-01   6.4520679e-01  -5.2790844e-01   6.8632768e-01   2.5830581e-02
  -2.0607131e-01  -6.0494684e-01   8.2194939e-01  -5.1730824e-01   7.4490292e-01  -4.2625083e-01   6.5771492e-01  -1.3473480e-01   6.6729892e-01  -8.7816168e-02   7.2847192e-01  -2.9129821e-01   6.7392211e-01  -3.2811571e-01   5.5125071e-01  -4.3955723e-01   6.7900633e-01  -1.0187107e-01
  -4.0311549e-01  -6.5435540e-01   7.2927607e-01  -5.7567089e-01   6.5079403e-01  -4.8787062e-01   6.2720595e-01  -1.4990622e-01   6.4735469e-01  -1.5102591e-01   6.7175440e-01  -3.7609580e-01   6.0698604e-01  -3.7174429e-01   4.8457579e-01  -2.4867411e-01   6.5403931e-01  -1.7496237e-01
  -5.8575787e-01  -5.1688589e-01   6.3639373e-01  -5.2327307e-01   5.5394539e-01  -4.5561442e-01   5.9859595e-01  -1.1909763e-01   6.2217318e-01  -1.5479214e-01   6.0899111e-01  -3.6621316e-01   5.4062164e-01  -3.2515138e-01   4.5975038e-01  -9.6277809e-03   6.2137920e-01  -1.9122738e-01
  -7.0536624e-01  -2.5361698e-01   5.5947152e-01  -3.9010084e-01   4.7140147e-01  -3.5094752e-01   5.7946603e-01  -6.2545531e-02   6.0016396e-01  -1.1478620e-01   5.5432438e-01  -2.8324037e-01   4.8935741e-01  -2.1573772e-01   4.8002392e-01   2.1572751e-01   5.9001401e-01  -1.6287366e-01
  -7.3671348e-01   4.5325306e-02   5.0864468e-01  -2.1752117e-01   4.1472462e-01  -2.0590288e-01   5.7268279e-01  -4.5235998e-03   5.8648940e-01  -5.5219935e-02   5.1717902e-01  -1.6159039e-01   4.6152772e-01  -8.1396817e-02   5.3750651e-01   3.7403498e-01   5.6605256e-01  -1.1017640e-01
  -6.8315870e-01   2.9074348e-01   4.8696460e-01  -4.6011850e-02   3.8859689e-01  -5.3940563e-02   5.7627905e-01   3.4708218e-02   5.8224816e-01  -3.7258568e-04   5.0088122e-01  -3.7242509e-02   4.5818914e-01   4.0979724e-02   6.1594238e-01   4.3291140e-01   5.5182557e-01  -5.4221373e-02
  -5.7155998e-01   4.1863603e-01   4.9150863e-01   9.3304559e-02   3.9146265e-01   7.6874547e-02   5.8501732e-01   4.4014231e-02   5.8514313e-01   3.1764753e-02   5.0335562e-01   6.0890125e-02   4.7436854e-01   1.2401450e-01   6.9535912e-01   3.8536768e-01   5.4638355e-01  -1.1452212e-02
  -4.4239951e-01   4.0584549e-01   5.1529368e-01   1.8348493e-01   4.1702156e-01   1.6840998e-01   5.9251253e-01   2.3739628e-02   5.9077505e-01   3.3501048e-02   5.1871445e-01   1.1663055e-01   5.0128933e-01   1.5515877e-01   7.5688295e-01   2.4957498e-01   5.4656977e-01   9.7471538e-03
  -3.3646915e-01   2.7336191e-01   5.4976372e-01   2.2255064e-01   4.5647658e-01   2.1429129e-01   5.9356934e-01  -1.5345212e-02   5.9441474e-01   8.4048257e-03   5.3959110e-01   1.2844552e-01   5.2932023e-01   1.3780041e-01   7.8705318e-01   6.3257525e-02   5.4854404e-01   9.9266165e-03
  -2.8242083e-01   7.6237518e-02   5.8713216e-01   2.2067763e-01   5.0089698e-01   2.1896128e-01   5.8599916e-01  -5.6258335e-02   5.9268949e-01  -3.1017366e-02   5.5948114e-01   1.0728319e-01   5.5076808e-01   8.8105515e-02   7.8074471e-01  -1.2605447e-01   5.4924804e-01  -3.1589256e-03
  -2.8955707e-01  -1.1678086e-01   6.2192513e-01   1.9462965e-01   5.4304676e-01   1.9416179e-01   5.7124513e-01  -8.1929946e-02   5.8460443e-01  -6.8346578e-02   5.7433613e-01   7.0893912e-02   5.6163740e-01   2.8453429e-02   7.4183362e-01  -2.7283836e-01   5.4732126e-01  -1.8375280e-02
  -3.4701806e-01  -2.4586171e-01   6.5157158e-01   1.6140822e-01   5.7841144e-01   1.5419607e-01   5.5379283e-01  -8.1050580e-02   5.7171865e-01  -8.9046991e-02   5.8314323e-01   3.6944737e-02   5.6211125e-01  -2.0100217e-02   6.8177252e-01  -3.4464542e-01   5.4331906e-01  -2.5598642e-02
  -4.2943364e-01  -2.7783288e-01   6.7595875e-01   1.3278736e-01   6.0522779e-01   1.1128909e-01   5.3953618e-01  -5.1743794e-02   5.5743903e-01  -8.5151781e-02   5.8738947e-01   1.7133326e-02   5.5567835e-01  -4.4054961e-02   6.1631435e-01  -3.2952528e-01   5.3920116e-01  -1.9284788e-02
  -5.0651844e-01  -2.1369557e-01   6.9626453e-01   1.1229898e-01   6.2371217e-01   7.2486462e-02   5.3370893e-01  -1.9492642e-03   5.4575863e-01  -5.7345571e-02   5.8977244e-01   1.4206025e-02   5.4737065e-01  -4.0543687e-02   5.6133041e-01  -2.3782896e-01   5.3735766e-01  -7.6251606e-05
  -5.5303518e-01  -8.4298875e-02   7.1357682e-01   9.5587249e-02   6.3491249e-01   3.9043231e-02   5.3911301e-01   5.3455875e-02   5.3992331e-01  -1.3969514e-02   5.9273317e-01   2.2636634e-02   5.4180257e-01  -1.6572962e-02   5.2892339e-01  -9.7929434e-02   5.3957265e-01   2.5957055e-02
  -5.5614126e-01   6.2256831e-02   7.2781470e-01   7.3653778e-02   6.3967564e-01   8.0921594e-03   5.5514320e-01   9.7476707e-02   5.4143784e-01   3.2160871e-02   5.9733662e-01   3.2028441e-02   5.4162852e-01   1.4593109e-02   5.2474136e-01   5.2259138e-02   5.4627418e-01   4.9798818e-02
  -5.1827835e-01   1.7747032e-01   7.3734534e-01   3.8004494e-02   6.3809977e-01  -2.4136859e-02   5.7789974e-01   1.1644496e-01   5.4967060e-01   6.8122198e-02   6.0283612e-01   3.2016898e-02   5.4681983e-01   3.8723493e-02   5.4710719e-01   1.7584606e-01   5.5629621e-01   6.2900915e-02
  -4.5474513e-01   2.2669820e-01   7.3950652e-01  -1.4823503e-02   6.2970518e-01  -5.9327310e-02   6.0136312e-01   1.0395160e-01   5.6218908e-01   8.4661801e-02   6.0708468e-01   1.6433382e-02   5.5499979e-01   4.5344763e-02   5.8818737e-01   2.4576493e-01   5.6725295e-01   6.0058255e-02
  -3.8802703e-01   1.9851240e-01   7.3167571e-01  -8.0666265e-02   6.1404306e-01  -9.5324509e-02   6.1912327e-01   6.2768260e-02   5.7555280e-01   7.8730420e-02   6.0744733e-01  -1.4182370e-02   5.6244987e-01   3.0961344e-02   6.3642873e-01   2.5065276e-01   5.7628078e-01   4.1169891e-02
  -3.4029361e-01   1.0649514e-01   7.1253801e-01  -1.4817343e-01   5.9148386e-01  -1.2629638e-01   6.2623482e-01   4.0190624e-03   5.8637002e-01   5.4014723e-02   6.0194227e-01  -5.2579843e-02   5.6551752e-01  -1.8310320e-04   6.7972665e-01   1.9618433e-01   5.8095098e-01   1.1286490e-02
  -3.2631843e-01  -1.6576135e-02   6.8307778e-01  -2.0200779e-01   5.6381446e-01  -1.4459020e-01   6.2069164e-01  -5.6115868e-02   5.9230253e-01   1.9424150e-02   5.9020975e-01  -8.7214238e-02   5.6196689e-01  -3.7837798e-02   7.0850115e-01   1.0200746e-01   5.8006841e-01  -2.1010244e-02
  -3.4946040e-01  -1.3059197e-01   6.4682473e-01  -2.2767181e-01   5.3431289e-01  -1.4353558e-01   6.0394947e-01  -1.0124597e-01   5.9264638e-01  -1.4061520e-02   5.7387669e-01  -1.0632071e-01   5.5175174e-01  -6.9469715e-02   7.1771843e-01  -4.8654166e-03   5.7403472e-01  -4.6422946e-02
  -4.0141690e-01  -2.0082943e-01   6.0933405e-01  -2.1593831e-01   5.0729036e-01  -1.1991491e-01   5.8048149e-01  -1.1935076e-01   5.8838361e-01  -3.6801986e-02   5.5625568e-01  -1.0186714e-01   5.3705413e-01  -8.4314607e-02   7.0756905e-01  -9.7482876e-02   5.6472035e-01  -5.7764033e-02
  -4.6546072e-01  -2.0849003e-01   5.7703929e-01  -1.6589545e-01   4.8722172e-01  -7.5508969e-02   5.5651055e-01  -1.0609974e-01   5.8174256e-01  -4.3333673e-02   5.4147986e-01  -7.2395318e-02   5.2163795e-01  -7.6785529e-02   6.8284060e-01  -1.5569376e-01   5.5490445e-01  -5.2121534e-02
  -5.2222476e-01  -1.5497359e-01   5.5577662e-01  -8.5453426e-02   4.7770243e-01  -1.7077305e-02   5.3826418e-01  -6.5639696e-02   5.7539584e-01  -3.3556549e-02   5.3332125e-01  -2.3559143e-02   5.0968951e-01  -4.7948532e-02   6.5115442e-01  -1.7009622e-01   5.4743838e-01  -3.1514882e-02
  -5.5565878e-01  -5.9729004e-02   5.4943789e-01   1.0441694e-02   4.8056297e-01   4.5020570e-02   5.3033857e-01  -9.0645876e-03   5.7162438e-01  -1.2237197e-02   5.3411963e-01   3.3457010e-02   5.0460021e-01  -4.9673756e-03   6.2080143e-01  -1.4287226e-01   5.4443931e-01  -2.0984937e-03
  -5.5746244e-01   4.6971961e-02   5.5908334e-01   1.0326176e-01   4.9537036e-01   9.9118918e-02   5.3458532e-01   4.8813582e-02   5.7168012e-01   1.2809410e-02   5.4411566e-01   8.5006174e-02   5.0802722e-01   4.1110742e-02   5.9872093e-01  -8.5770679e-02   5.4673087e-01   2.7723610e-02
  -5.2904204e-01   1.3391755e-01   5.8266986e-01   1.7520292e-01   5.1941643e-01   1.3494189e-01   5.4971931e-01   9.3513471e-02   5.7547677e-01   3.3246617e-02   5.6132536e-01   1.1869063e-01   5.1942848e-01   7.8538129e-02   5.8898615e-01  -1.6105854e-02   5.5364194e-01   4.9725397e-02
  -4.8022134e-01   1.7806155e-01   6.1554175e-01   2.1313121e-01   5.4826643e-01   1.4592615e-01   5.7181584e-01   1.1451263e-01   5.8172371e-01   4.2629694e-02   5.8204995e-01   1.2654939e-01   5.3626056e-01   9.8019768e-02   5.9224045e-01   4.8038687e-02   5.6325494e-01   5.8057571e-02
  -4.2581767e-01   1.7035014e-01   6.5144199e-01   2.1130543e-01   5.7666076e-01   1.3066474e-01   5.9539046e-01   1.0762229e-01   5.8836798e-01   3.8075114e-02   6.0177800e-01   1.0697820e-01   5.5465923e-01   9.5004339e-02   6.0597078e-01   9.2091812e-02   5.7294971e-01   5.0676072e-02
  -3.8102988e-01   1.1741651e-01   6.8385503e-01   1.7247429e-01   5.9961063e-01   9.3235639e-02   6.1482275e-01   7.5782391e-02   5.9322854e-01   2.0935796e-02   6.1629158e-01   6.5094302e-02   5.7044028e-01   7.0751685e-02   6.2547550e-01   1.0816272e-01   5.8011799e-01   2.9788398e-02
  -3.5694589e-01   3.8190316e-02   7.0738970e-01   1.0678822e-01   6.1344126e-01   4.2103800e-02   6.2577732e-01   2.7847491e-02   5.9465460e-01  -3.8549814e-03   6.2269908e-01   1.1170313e-02   5.8017780e-01   3.1697463e-02   6.4531505e-01   9.6167430e-02   5.8286702e-01   1.0446564e-03
  -3.5791320e-01  -4.2759237e-02   7.1875561e-01   2.9032934e-02   6.1644411e-01  -1.1973082e-02   6.2613029e-01  -2.4047930e-02   5.9195526e-01  -2.9417390e-02   6.2003101e-01  -4.2196749e-02   5.8196863e-01  -1.2522656e-02   6.6069064e-01   6.2791337e-02   5.8045773e-01  -2.8145271e-02
  -3.8086577e-01  -1.0283588e-01   7.1727216e-01  -4.4956679e-02   6.0911508e-01  -5.8450524e-02   6.1635293e-01  -6.7715498e-02   5.8556565e-01  -4.8957013e-02   6.0938280e-01  -8.3345565e-02   5.7581455e-01  -5.1683799e-02   6.6853465e-01   1.9036217e-02   5.7345389e-01  -5.0632663e-02
  -4.1701444e-01  -1.2797431e-01   7.0473167e-01  -1.0193494e-01   5.9385932e-01  -8.9354038e-02   5.9918658e-01  -9.3988636e-02   5.7687121e-01  -5.7680467e-02   5.9350099e-01  -1.0443273e-01   5.6347762e-01  -7.7616084e-02   6.6802750e-01  -2.3185252e-02   5.6350321e-01  -6.1400633e-02
  -4.5502382e-01  -1.1557130e-01   6.8472938e-01  -1.3368531e-01   5.7430208e-01  -1.0068477e-01   5.7878575e-01  -9.8555399e-02   5.6778366e-01  -5.3855020e-02   5.7600044e-01  -1.0289167e-01   5.4790706e-01  -8.5907193e-02   6.6044348e-01  -5.4060851e-02   5.5285639e-01  -5.8597139e-02
  -4.8446442e-01  -7.3958907e-02   6.6173319e-01  -1.3806461e-01   5.5443835e-01  -9.2815795e-02   5.5964800e-01  -8.2462680e-02   5.6023345e-01  -3.8972382e-02   5.6047642e-01  -8.1484372e-02   5.3247319e-01  -7.6525011e-02   6.4855538e-01  -6.7929993e-02   5.4379638e-01  -4.3699530e-02
