   1.1887424e-01   2.8712744e-01   1.4611402e-01   3.3446594e-01   1.3137200e-01   7.3570702e-01   1.7024858e-01   6.1224802e-01   9.2412795e-02   2.7756307e-02   1.1706695e-01   1.4383829e-01   8.7922756e-03   5.1418561e-02   4.4994946e-03   6.2889887e-01   5.7160064e-02   4.9180462e-01
   8.9280963e-02  -4.3583348e-01   2.4421397e-01   7.3902750e-01   3.0621370e-01   9.6226699e-01   2.6412473e-01   8.9717871e-01   1.3093760e-01   4.4938765e-01   1.6915115e-01   5.3645389e-01   6.2971706e-02   5.0922014e-01   2.1319687e-01   9.3385635e-01   1.6714447e-01   7.9912043e-01
  -1.5293271e-01  -9.1163031e-01   3.9880477e-01   9.6328259e-01   5.0756954e-01   1.0000000e+00   3.8080339e-01   1.0000000e+00   2.2606528e-01   7.5396578e-01   2.6982729e-01   8.0079181e-01   1.9011069e-01   8.2825153e-01   4.7048132e-01   1.0000000e+00   3.1668168e-01   9.6474532e-01
  -4.9434520e-01  -1.0000000e+00   5.7644518e-01   1.0000000e+00   6.9968473e-01   8.7831632e-01   5.0277264e-01   9.9656922e-01   3.5905325e-01   9.3642613e-01   4.0103649e-01   9.5086772e-01   3.6219560e-01   9.9015441e-01   7.1563962e-01   8.4944698e-01   4.8275061e-01   1.0000000e+00
  -7.9954207e-01  -7.1705423e-01   7.4593659e-01   8.7871636e-01   8.5538457e-01   6.4877143e-01   6.2107426e-01   9.4692935e-01   5.1109543e-01   1.0000000e+00   5.4689869e-01   1.0000000e+00   5.5008330e-01   1.0000000e+00   9.0062226e-01   5.5203658e-01   6.4544220e-01   9.2873579e-01
  -9.6302644e-01  -2.0886429e-01   8.8298352e-01   6.4342570e-01   9.5808550e-01   3.6126456e-01   7.3191771e-01   8.7462483e-01   6.6424193e-01   9.5223590e-01   6.9291064e-01   9.5305653e-01   7.2709776e-01   8.7771975e-01   9.9789691e-01   1.8970235e-01   7.8903909e-01   7.7558433e-01
  -9.3960894e-01   3.3435291e-01   9.7097626e-01   3.3449391e-01   1.0000000e+00   5.2260500e-02   8.3220810e-01   7.6854611e-01   8.0204681e-01   8.0500968e-01   8.2478562e-01   8.0879302e-01   8.7105967e-01   6.5066059e-01   1.0000000e+00  -1.6764270e-01   9.0155816e-01   5.6001874e-01
  -7.4771507e-01   7.4441163e-01   1.0000000e+00  -1.2047393e-02   9.7966517e-01  -2.4998974e-01   9.1619050e-01   6.0200863e-01   9.1034064e-01   5.7621804e-01   9.2809467e-01   5.6910160e-01   9.6536290e-01   3.5117263e-01   9.1580689e-01  -4.6375501e-01   9.7392173e-01   2.9854728e-01
  -4.5558668e-01   9.0024454e-01   9.6686683e-01  -3.5510983e-01   9.0143835e-01  -5.1483086e-01   9.7522412e-01   3.5654784e-01   9.7832974e-01   2.9161958e-01   9.8961568e-01   2.4948069e-01   1.0000000e+00   1.8209558e-02   7.6769952e-01  -6.5058774e-01   1.0000000e+00   1.0707209e-02
  -1.6200370e-01   7.5312308e-01   8.7664636e-01  -6.4318907e-01   7.7655900e-01  -7.0510714e-01   1.0000000e+00   4.3061483e-02   1.0000000e+00  -1.2394969e-02   1.0000000e+00  -1.1173298e-01   9.7305594e-01  -3.0005824e-01   5.8916404e-01  -6.9347919e-01   9.7760389e-01  -2.7500880e-01
   3.4476009e-02   3.5392263e-01   7.4399822e-01  -8.2313147e-01   6.2384385e-01  -7.8531747e-01   9.8483077e-01  -2.9070196e-01   9.7586187e-01  -2.8948303e-01   9.5741825e-01  -4.5337766e-01   8.9230322e-01  -5.4985797e-01   4.1928915e-01  -5.8614489e-01   9.1017968e-01  -5.2068498e-01
   6.8804415e-02  -1.5943898e-01   5.9180877e-01  -8.5865294e-01   4.6781987e-01  -7.3678107e-01   9.3135394e-01  -5.7575257e-01   9.1383706e-01  -4.9251763e-01   8.6988972e-01  -7.0697536e-01   7.7507280e-01  -6.8483470e-01   2.9402913e-01  -3.5920055e-01   8.0775787e-01  -6.8727955e-01
  -6.8619853e-02  -6.1382067e-01   4.4686144e-01  -7.4361021e-01   3.3421844e-01  -5.6695777e-01   8.4960033e-01  -7.4711464e-01   8.2837702e-01  -5.8686451e-01   7.5480129e-01  -8.1820430e-01   6.4548171e-01  -6.8075076e-01   2.3721952e-01  -7.2535692e-02   6.8619164e-01  -7.4610973e-01
  -3.3076817e-01  -8.6359279e-01   3.3415421e-01  -5.0344466e-01   2.4462807e-01  -3.0839894e-01   7.5606416e-01  -7.6636793e-01   7.3759640e-01  -5.6132703e-01   6.3540792e-01  -7.6439172e-01   5.2937331e-01  -5.4391458e-01   2.5524028e-01   2.0338883e-01   5.6459732e-01  -6.8793467e-01
  -6.3224874e-01  -8.3738022e-01   2.7185385e-01  -1.8781545e-01   2.1218839e-01  -1.0575904e-02   6.6958892e-01  -6.3434787e-01   6.5921026e-01  -4.3233276e-01   5.3543670e-01  -5.6224608e-01   4.4855471e-01  -3.1060045e-01   3.3698072e-01   4.0778363e-01   4.6170068e-01  -5.2689339e-01
  -8.7895002e-01  -5.5842946e-01   2.6801694e-01   1.4172603e-01   2.3930088e-01   2.7180644e-01   6.0650718e-01  -3.9098929e-01   6.0647856e-01  -2.3965965e-01   4.7343188e-01  -2.6378461e-01   4.1594353e-01  -3.7928892e-02   4.5844021e-01   5.0468305e-01   3.9204502e-01  -2.9819609e-01
  -1.0000000e+00  -1.2860150e-01   3.1968851e-01   4.2620941e-01   3.1779572e-01   4.9113704e-01   5.7649142e-01  -1.0103203e-01   5.8534803e-01  -3.4051359e-02   4.5841792e-01   5.9547477e-02   4.3297909e-01   2.1213197e-01   5.9014885e-01   4.8719805e-01   3.6304204e-01  -4.8915236e-02
  -9.6607010e-01   3.1554823e-01   4.1451894e-01   6.1936212e-01   4.3133450e-01   6.1427859e-01   5.8101064e-01   1.6586448e-01   5.9405369e-01   1.3657772e-01   4.8875336e-01   3.3605476e-01   4.9042626e-01   3.8772419e-01   7.0378766e-01   3.7005380e-01   3.7415770e-01   1.7353282e-01
  -7.9551200e-01   6.4540444e-01   5.3341302e-01   6.9348354e-01   5.5857820e-01   6.2588991e-01   6.1346252e-01   3.5093799e-01   6.2417544e-01   2.3723915e-01   5.5295632e-01   5.0891384e-01   5.7101346e-01   4.5715170e-01   7.7690640e-01   1.8213298e-01   4.1748885e-01   3.3108731e-01
  -5.4420771e-01   7.7403834e-01   6.5430609e-01   6.4260268e-01   6.7703998e-01   5.2944619e-01   6.6148839e-01   4.1883021e-01   6.6335124e-01   2.5213150e-01   6.3301901e-01   5.4729901e-01   6.5393404e-01   4.1365745e-01   7.9594178e-01  -3.7790805e-02   4.8010638e-01   4.0193571e-01
  -2.8789834e-01   6.7537146e-01   7.5614649e-01   4.8457462e-01   7.6686554e-01   3.4784366e-01   7.1030501e-01   3.6612581e-01   6.9845981e-01   1.8779677e-01   7.0873206e-01   4.5335747e-01   7.1952989e-01   2.7663402e-01   7.5847495e-01  -2.4314457e-01   5.4707881e-01   3.8455442e-01
  -9.9860220e-02   3.9194238e-01   8.2303935e-01   2.5908789e-01   8.1458434e-01   1.2094305e-01   7.4676810e-01   2.2386299e-01   7.1907692e-01   7.2421144e-02   7.6270051e-01   2.6333043e-01   7.5393060e-01   8.8262690e-02   6.7455051e-01  -3.8688413e-01   6.0493525e-01   2.9812996e-01
  -2.7893663e-02   1.9973446e-02   8.4755028e-01   1.7523455e-02   8.1591302e-01  -1.0349003e-01   7.6325677e-01   4.6777049e-02   7.2045354e-01  -5.2807996e-02   7.8499746e-01   3.6554445e-02   7.5256092e-01  -9.8286141e-02   5.6509116e-01  -4.3518917e-01   6.4485771e-01   1.7610663e-01
  -8.2831731e-02  -3.2437587e-01   8.3128883e-01  -1.9083161e-01   7.7589195e-01  -2.8171753e-01   7.5912658e-01  -1.0626304e-01   7.0428758e-01  -1.4698148e-01   7.7489148e-01  -1.6347133e-01   7.2043438e-01  -2.3434208e-01   4.5683178e-01  -3.7849707e-01   6.6396035e-01   5.5276004e-02
  -2.3700003e-01  -5.4249653e-01   7.8358501e-01  -3.3113060e-01   7.0712774e-01  -3.8471010e-01   7.4020819e-01  -1.9161536e-01   6.7781708e-01  -1.8241622e-01   7.4025922e-01  -2.8824891e-01   6.7017474e-01  -2.8976727e-01   3.7532277e-01  -2.3517432e-01   6.6506885e-01  -3.5237642e-02
  -4.3631609e-01  -5.8261258e-01   7.1813792e-01  -3.8952487e-01   6.2608323e-01  -4.0356889e-01   7.1601193e-01  -1.9316480e-01   6.5100585e-01  -1.5213957e-01   6.9420326e-01  -3.1669899e-01   6.1767073e-01  -2.5991826e-01   3.3831328e-01  -4.5028640e-02   6.5468951e-01  -8.1081133e-02
  -6.1908281e-01  -4.5183997e-01   6.4915566e-01  -3.7326576e-01   5.4893714e-01  -3.4910294e-01   6.9614661e-01  -1.2434223e-01   6.3320166e-01  -7.0109152e-02   6.5066159e-01  -2.5773065e-01   5.7729144e-01  -1.6440347e-01   3.5165220e-01   1.4315619e-01   6.4032910e-01  -8.4168134e-02
  -7.3477774e-01  -2.0724314e-01   5.8817352e-01  -3.0464306e-01   4.8823863e-01  -2.4602189e-01   6.8726636e-01  -1.9638696e-02   6.3043163e-01   3.5486500e-02   6.2053370e-01  -1.4283426e-01   5.5822397e-01  -3.8473645e-02   4.0888856e-01   2.8505249e-01   6.2812204e-01  -5.8666331e-02
  -7.5857812e-01   6.6700781e-02   5.4198992e-01  -2.1172893e-01   4.5073305e-01  -1.2448836e-01   6.9115365e-01   7.9430284e-02   6.4378162e-01   1.3220261e-01   6.0901871e-01  -1.3520952e-02   5.6241231e-01   7.8951574e-02   4.9370999e-01   3.5169456e-01   6.2120135e-01  -2.4194843e-02
  -6.9501920e-01   2.8699297e-01   5.1263150e-01  -1.1941436e-01   4.3728976e-01  -1.1948327e-02   7.0492888e-01   1.3866429e-01   6.6966615e-01   1.9308040e-01   6.1532895e-01   9.2010770e-02   5.8517324e-01   1.5647581e-01   5.8486533e-01   3.3380508e-01   6.1951422e-01   1.3342372e-03
  -5.7370588e-01   3.9479443e-01   4.9839226e-01  -4.3939351e-02   4.4397373e-01   7.2315043e-02   7.2248825e-01   1.4050615e-01   7.0115991e-01   2.0305378e-01   6.3384415e-01   1.4821474e-01   6.1724138e-01   1.7739060e-01   6.6124363e-01   2.4145001e-01   6.2050255e-01   6.6285926e-03
  -4.3812166e-01   3.7000444e-01   4.9560672e-01   8.9819583e-03   4.6402690e-01   1.1987210e-01   7.3683961e-01   8.8083748e-02   7.3014039e-01   1.6200327e-01   6.5644669e-01   1.4745207e-01   6.4786542e-01   1.4260121e-01   7.0648128e-01   1.0016097e-01   6.2047012e-01  -1.0409627e-02
  -3.3136669e-01   2.3424188e-01   5.0045120e-01   4.2806032e-02   4.9010099e-01   1.3303288e-01   7.4256035e-01   3.1992122e-03   7.4960924e-01   8.4008081e-02   6.7526976e-01   1.0029466e-01   6.6801843e-01   6.8984953e-02   7.1224460e-01  -5.5206277e-02   6.1614922e-01  -4.2857564e-02
  -2.8317237e-01   4.1140166e-02   5.1026776e-01   6.6490129e-02   5.1618330e-01   1.2214376e-01   7.3762893e-01  -8.1489119e-02   7.5557597e-01  -7.2662512e-03   6.8508068e-01   3.0616950e-02   6.7286738e-01  -1.6535637e-02   6.7965702e-01  -1.8824236e-01   6.0599278e-01  -7.7687446e-02
  -3.0190548e-01  -1.4273583e-01   5.2414005e-01   8.9776931e-02   5.3879653e-01   1.0108964e-01   7.2408703e-01  -1.3383637e-01   7.4801153e-01  -8.5922551e-02   6.8464953e-01  -3.3168163e-02   6.6288216e-01  -8.5637699e-02   6.1864406e-01  -2.6929364e-01   5.9081966e-01  -1.0056129e-01
  -3.7390215e-01  -2.6012840e-01   5.4262428e-01   1.1873056e-01   5.5720684e-01   8.2229855e-02   7.0726973e-01  -1.3353581e-01   7.3057198e-01  -1.3179688e-01   6.7668769e-01  -6.8048948e-02   6.4325448e-01  -1.1747171e-01   5.4518684e-01  -2.8249855e-01   5.7359664e-01  -1.0101678e-01
  -4.7000245e-01  -2.8014179e-01   5.6680199e-01   1.5299231e-01   5.7267081e-01   7.2509976e-02   6.9386990e-01  -7.8990797e-02   7.0920561e-01  -1.3606898e-01   6.6642862e-01  -6.3705614e-02   6.2186345e-01  -1.0456258e-01   4.7717176e-01  -2.2921699e-01   5.5844274e-01  -7.6052165e-02
  -5.5618953e-01  -2.0553191e-01   5.9706224e-01   1.8536985e-01   5.8713103e-01   7.1769462e-02   6.8957014e-01   1.2221575e-02   6.9020279e-01  -1.0298744e-01   6.5949734e-01  -2.5025956e-02   6.0657610e-01  -5.4228977e-02   4.2993640e-01  -1.2694004e-01   5.4926283e-01  -3.1076083e-02
  -6.0451481e-01  -6.8347862e-02   6.3207791e-01   2.0400168e-01   6.0187630e-01   7.3790646e-02   6.9708495e-01   1.0945701e-01   6.7835760e-01  -4.7317534e-02   6.5986251e-01   3.0838729e-02   6.0279900e-01   1.4791598e-02   4.1279223e-01  -3.8872620e-03   5.4849968e-01   2.2047392e-02
  -6.0169650e-01   8.2588959e-02   6.6824273e-01   1.9647084e-01   6.1653825e-01   6.9450885e-02   7.1504830e-01   1.7917465e-01   6.7563341e-01   1.1001461e-02   6.6837391e-01   8.1078558e-02   6.1179392e-01   7.8832258e-02   4.2702763e-01   1.0893524e-01   5.5629389e-01   6.8865823e-02
  -5.5158889e-01   1.9870922e-01   7.0008209e-01   1.5473510e-01   6.2899307e-01   5.0986764e-02   7.3845052e-01   1.9594410e-01   6.8094531e-01   5.3395607e-02   6.8262152e-01   1.0542925e-01   6.3058882e-01   1.1696258e-01   4.6643482e-01   1.8571056e-01   5.7049556e-01   9.6937785e-02
  -4.7266649e-01   2.4571963e-01   7.2137245e-01   7.8941288e-02   6.3598450e-01   1.5407929e-02   7.6009721e-01   1.5021949e-01   6.9077370e-01   6.7823517e-02   6.9778813e-01   9.2545625e-02   6.5304025e-01   1.1691173e-01   5.1939867e-01   2.1152817e-01   5.8729607e-01   9.9351377e-02
  -3.9135941e-01   2.1283109e-01   7.2678609e-01  -2.0950590e-02   6.3429930e-01  -3.3736420e-02   7.7278869e-01   5.1611629e-02   7.0045254e-01   5.1908326e-02   7.0827664e-01   4.3589958e-02   6.7180481e-01   7.8403297e-02   5.7216619e-01   1.8510656e-01   6.0233866e-01   7.6637793e-02
  -3.3346826e-01   1.1454962e-01   7.1354439e-01  -1.2671306e-01   6.2206286e-01  -8.6960493e-02   7.7154313e-01  -7.3614663e-02   7.0571598e-01   1.3105048e-02   7.0957678e-01  -2.8155848e-02   6.8059690e-01   1.2887753e-02   6.1234663e-01   1.1793464e-01   6.1196297e-01   3.6459135e-02
  -3.1603130e-01  -1.5493874e-02   6.8256255e-01  -2.1642121e-01   5.9971858e-01  -1.3166273e-01   7.5524322e-01  -1.9046793e-01   7.0408283e-01  -3.4200307e-02   6.9983424e-01  -1.0167185e-01   6.7612992e-01  -6.0318303e-02   6.3185834e-01   3.0165256e-02   6.1424937e-01  -8.9139828e-03
  -3.4304491e-01  -1.3608603e-01   6.3853101e-01  -2.7018210e-01   5.7022330e-01  -1.5591769e-01   7.2698357e-01  -2.6543306e-01   6.9550283e-01  -7.3468640e-02   6.8043707e-01  -1.5477341e-01   6.5894479e-01  -1.1993142e-01   6.2830149e-01  -5.5110465e-02   6.0942946e-01  -4.6321314e-02
  -4.0469331e-01  -2.1168087e-01   5.8912008e-01  -2.7559061e-01   5.3858443e-01  -1.5215956e-01   6.9336593e-01  -2.7647108e-01   6.8235499e-01  -9.1276228e-02   6.5575670e-01  -1.7103081e-01   6.3328691e-01  -1.4904704e-01   6.0508839e-01  -1.1788538e-01   5.9976127e-01  -6.5632287e-02
  -4.8155039e-01  -2.2266841e-01   5.4327109e-01  -2.3084462e-01   5.1067847e-01  -1.1940196e-01   6.6261893e-01  -2.1893224e-01   6.6857844e-01  -8.1172479e-02   6.3183957e-01  -1.4446883e-01   6.0574338e-01  -1.3968709e-01   5.6989899e-01  -1.4567792e-01   5.8872840e-01  -6.2441512e-02
  -5.5093136e-01  -1.6990907e-01   5.0925109e-01  -1.4510842e-01   4.9186756e-01  -6.3604218e-02   6.4240661e-01  -1.0643074e-01   6.5845604e-01  -4.5198405e-02   6.1473034e-01  -8.0998593e-02   5.8339341e-01  -9.4558063e-02   5.3241819e-01  -1.3570592e-01   5.7999474e-01  -3.8968808e-02
  -5.9359460e-01  -7.2823503e-02   4.9292093e-01  -3.6204082e-02   4.8575395e-01   3.7860553e-03   6.3787490e-01   3.3247500e-02   6.5537996e-01   7.1318423e-03   6.0886662e-01   3.5620062e-03   5.7194544e-01  -2.5781722e-02   5.0187553e-01  -9.4505195e-02   5.7638624e-01  -3.0581831e-03
  -5.9954729e-01   3.7822497e-02   4.9641886e-01   7.3759671e-02   4.9324166e-01   6.8722236e-02   6.5021742e-01   1.6601848e-01   6.6080843e-01   6.1870248e-02   6.1580029e-01   8.8150980e-02   5.7415149e-01   4.8826682e-02   4.8472144e-01  -3.5404941e-02   5.7906203e-01   3.4340007e-02
  -5.6965810e-01   1.3004632e-01   5.1800279e-01   1.6342596e-01   5.1246930e-01   1.1795321e-01   6.7663942e-01   2.6043421e-01   6.7399800e-01   1.0473466e-01   6.3399288e-01   1.5227217e-01   5.8936878e-01   1.1079021e-01   4.8356616e-01   2.5507031e-02   5.8735202e-01   6.2377058e-02
  -5.1479799e-01   1.7963299e-01   5.5251055e-01   2.1669903e-01   5.3922008e-01   1.4203044e-01   7.1105717e-01   2.9531321e-01   6.9218758e-01   1.2480831e-01   6.5921082e-01   1.8111087e-01   6.1378805e-01   1.4558364e-01   4.9687761e-01   7.3389381e-02   5.9896924e-01   7.3154382e-02
  -4.5187757e-01   1.7652510e-01   5.9263213e-01   2.2598029e-01   5.6793836e-01   1.3740128e-01   7.4570530e-01   2.6467318e-01   7.1136842e-01   1.1730974e-01   6.8567984e-01   1.6912979e-01   6.4154350e-01   1.4613985e-01   5.1980497e-01   9.8141052e-02   6.1070042e-01   6.3740233e-02
  -3.9844220e-01   1.2646150e-01   6.3058496e-01   1.9328227e-01   5.9302689e-01   1.0697013e-01   7.7310575e-01   1.7850183e-01   7.2735715e-01   8.4555971e-02   7.0759197e-01   1.2102328e-01   6.6629268e-01   1.1417869e-01   5.4574026e-01   9.6378677e-02   6.1932054e-01   3.6718824e-02
  -3.6796232e-01   4.7842309e-02   6.5965964e-01   1.2903117e-01   6.0999636e-01   5.9039010e-02   7.8772728e-01   5.9406727e-02   7.3678257e-01   3.4947658e-02   7.2043307e-01   4.9910918e-02   6.8270012e-01   5.9121464e-02   5.6802955e-01   7.1457454e-02   6.2240034e-01  -7.9282944e-04
  -3.6592097e-01  -3.4523290e-02   6.7564661e-01   4.9200207e-02   6.1647642e-01   5.0904488e-03   7.8736130e-01  -6.3621488e-02   7.3796637e-01  -1.9444531e-02   7.2212554e-01  -2.6408506e-02   6.8779237e-01  -4.6859865e-03   5.8172599e-01   3.2116131e-02   6.1899739e-01  -3.9192897e-02
  -3.8952708e-01  -9.7577964e-02   6.7730598e-01  -2.8947613e-02   6.1243623e-01  -4.3261177e-02   7.7323442e-01  -1.6310238e-01   7.3112627e-01  -6.6386974e-02   7.1321005e-01  -9.0513943e-02   6.8134942e-01  -6.2182239e-02   5.8448950e-01  -1.0530097e-02   6.0975614e-01  -6.9175117e-02
  -4.2922960e-01  -1.2623849e-01   6.6631316e-01  -9.0644776e-02   5.9999006e-01  -7.6863442e-02   7.4949978e-01  -2.1944237e-01   7.1820547e-01  -9.6432770e-02   6.9652922e-01  -1.2950660e-01   6.6574916e-01  -1.0121613e-01   5.7687932e-01  -4.5868617e-02   5.9669615e-01  -8.4008571e-02
  -4.7219454e-01  -1.1694346e-01   6.4653297e-01  -1.2652597e-01   5.8269390e-01  -9.0858804e-02   7.2199807e-01  -2.2495795e-01   7.0226184e-01  -1.0496880e-01   6.7632799e-01  -1.3772853e-01   6.4515193e-01  -1.1520850e-01   5.6187594e-01  -6.6341718e-02   5.8263853e-01  -8.1040813e-02
  -5.0636457e-01  -7.7305069e-02   6.2291194e-01  -1.3384044e-01   5.6459189e-01  -8.5227939e-02   6.9673282e-01  -1.8436178e-01   6.8664878e-01  -9.2731861e-02   6.5710695e-01  -1.1723435e-01   6.2433899e-01  -1.0404184e-01   5.4386034e-01  -6.8876503e-02   5.7047776e-01  -6.1961226e-02
