   1.5091345e-01   1.3911329e-01   9.3726182e-02   5.3579135e-02   8.4857177e-02   2.5071085e-01   1.3133777e-01   8.7833700e-01   4.1398393e-02   3.6003290e-01   1.2760428e-01   6.6222532e-01   8.9074760e-02   6.2146353e-02   7.0238338e-02   2.9354861e-02   4.2585382e-02   4.1074153e-01
   7.5156846e-02  -5.5588950e-01   1.4857692e-01   5.1991018e-01   1.7004001e-01   6.5348941e-01   2.8708210e-01   1.0000000e+00   1.2720242e-01   6.7117725e-01   2.5550833e-01   9.0177224e-01   1.3157783e-01   4.1992780e-01   1.3276933e-01   5.3347945e-01   1.3970508e-01   7.2676905e-01
  -1.9637002e-01  -9.7818725e-01   2.7775385e-01   8.4687274e-01   3.1636253e-01   9.0922026e-01   4.5091229e-01   9.8630342e-01   2.5641620e-01   8.8703416e-01   4.1028251e-01   1.0000000e+00   2.3195298e-01   7.2008888e-01   2.8765486e-01   8.7549905e-01   2.8002769e-01   9.2367485e-01
  -5.4504267e-01  -1.0000000e+00   4.5165422e-01   1.0000000e+00   4.9459785e-01   1.0000000e+00   6.0515224e-01   8.9127176e-01   4.1252769e-01   9.9797606e-01   5.7127639e-01   9.8390836e-01   3.7669395e-01   9.2355567e-01   4.9309287e-01   1.0000000e+00   4.4321783e-01   1.0000000e+00
  -8.3523942e-01  -6.5433780e-01   6.3770443e-01   9.8086676e-01   6.7507742e-01   9.3744832e-01   7.4016982e-01   7.5613346e-01   5.7792305e-01   1.0000000e+00   7.2224472e-01   8.7900890e-01   5.4614895e-01   1.0000000e+00   7.0176881e-01   9.1100472e-01   6.0973400e-01   9.6548939e-01
  -9.6750058e-01  -1.0558656e-01   8.0612747e-01   8.1497543e-01   8.3202390e-01   7.4939343e-01   8.5122609e-01   5.9921804e-01   7.3482588e-01   8.9547228e-01   8.5039323e-01   7.0247473e-01   7.1662319e-01   9.3420021e-01   8.7250485e-01   6.5677418e-01   7.6216015e-01   8.3475001e-01
  -9.0687725e-01   4.4741432e-01   9.3278564e-01   5.3587182e-01   9.4517884e-01   4.6675227e-01   9.3483820e-01   4.1923684e-01   8.6648782e-01   6.9468458e-01   9.4509912e-01   4.6503682e-01   8.6334348e-01   7.2907012e-01   9.7670656e-01   3.0236449e-01   8.8562767e-01   6.2329140e-01
  -6.8145978e-01   8.3745448e-01   1.0000000e+00   1.8021470e-01   1.0000000e+00   1.2138956e-01   9.8645770e-01   2.0567455e-01   9.5848178e-01   4.1554749e-01   9.9732074e-01   1.7627227e-01   9.6359111e-01   4.0551130e-01   1.0000000e+00  -8.5169550e-02   9.6792979e-01   3.4753397e-01
  -3.6776383e-01   9.5347800e-01   9.9769462e-01  -2.0530662e-01   9.8847992e-01  -2.4602221e-01   1.0000000e+00  -4.5742262e-02   1.0000000e+00   8.4792260e-02   1.0000000e+00  -1.4634096e-01   1.0000000e+00   4.4368882e-03   9.4264097e-01  -4.3721440e-01   1.0000000e+00   2.9790930e-02
  -6.7368555e-02   7.6026886e-01   9.2587458e-01  -5.5873700e-01   9.1145874e-01  -5.8006037e-01   9.7031737e-01  -3.1832822e-01   9.8558643e-01  -2.5889731e-01   9.5025120e-01  -4.6786382e-01   9.6426099e-01  -4.1141492e-01   8.1965113e-01  -6.8566581e-01   9.7749974e-01  -2.9549284e-01
   1.2160233e-01   3.1907780e-01   7.9686129e-01  -8.1121194e-01   7.8088378e-01  -8.1726894e-01   8.9700018e-01  -5.7063205e-01   9.1710918e-01  -5.6473578e-01   8.5230442e-01  -7.3497692e-01   8.6048679e-01  -7.6272959e-01   6.5944863e-01  -7.7722782e-01   9.0296045e-01  -5.8091853e-01
   1.3828040e-01  -2.2272720e-01   6.3486680e-01  -9.0817439e-01   6.1975656e-01  -9.0565146e-01   7.8781653e-01  -7.4826692e-01   8.0529451e-01  -7.7893491e-01   7.1972687e-01  -8.8940676e-01   7.0690926e-01  -9.7249470e-01   4.9844739e-01  -6.9397871e-01   7.8744262e-01  -7.7567529e-01
  -2.1354366e-02  -6.8796132e-01   4.7124582e-01  -8.2853688e-01   4.5798538e-01  -8.2380224e-01   6.5893305e-01  -8.0587198e-01   6.6879746e-01  -8.6070951e-01   5.7432602e-01  -8.8986067e-01   5.3303961e-01  -9.9087765e-01   3.7214513e-01  -4.6175592e-01   6.4965026e-01  -8.4162122e-01
  -3.0480608e-01  -9.3113410e-01   3.3758339e-01  -5.9109068e-01   3.2594440e-01  -5.8846138e-01   5.3197678e-01  -7.2424116e-01   5.3093815e-01  -7.9577737e-01   4.4204059e-01  -7.2830207e-01   3.7337755e-01  -8.1239986e-01   3.0637636e-01  -1.4256900e-01   5.1269824e-01  -7.6603757e-01
  -6.2246654e-01  -8.8520948e-01   2.5862893e-01  -2.4918276e-01   2.4764997e-01  -2.5052012e-01   4.2892558e-01  -5.1872434e-01   4.1472615e-01  -6.0240475e-01   3.4694411e-01  -4.3588787e-01   2.5913887e-01  -4.7967106e-01   3.1141978e-01   1.8419996e-01   3.9925337e-01  -5.6715242e-01
  -8.7793402e-01  -5.7971144e-01   2.4715976e-01   1.2392237e-01   2.3564010e-01   1.1868163e-01   3.6665552e-01  -2.3529775e-01   3.3779151e-01  -3.2683071e-01   3.0540756e-01  -7.5483832e-02   2.1075426e-01  -7.1593094e-02   3.8068148e-01   4.4449203e-01   3.2659617e-01  -2.8991124e-01
  -1.0000000e+00  -1.2276183e-01   3.0191926e-01   4.5448979e-01   2.8879019e-01   4.4648386e-01   3.5288895e-01   6.4541634e-02   3.0869059e-01  -2.9205277e-02   3.2221872e-01   2.7702044e-01   2.3327396e-01   3.2045263e-01   4.9392310e-01   5.8791978e-01   3.0297990e-01   7.1303342e-03
  -9.6050291e-01   3.4414736e-01   4.0925407e-01   6.8274474e-01   3.9380676e-01   6.7371456e-01   3.8536149e-01   3.2089799e-01   3.2619464e-01   2.3206446e-01   3.9038705e-01   5.5202890e-01   3.1668055e-01   6.1579902e-01   6.2322813e-01   5.9274629e-01   3.2686486e-01   2.6662121e-01
  -7.7958868e-01   6.8842882e-01   5.4628027e-01   7.7097571e-01   5.2831968e-01   7.6304868e-01   4.5285384e-01   4.8678595e-01   3.8033913e-01   4.1150332e-01   4.9300173e-01   6.9885761e-01   4.3887960e-01   7.5996763e-01   7.3895395e-01   4.6492528e-01   3.8788897e-01   4.4342805e-01
  -5.1580080e-01   8.2096866e-01   6.8565874e-01   7.0868495e-01   6.6557106e-01   7.0396980e-01   5.3814579e-01   5.3639899e-01   4.5534884e-01   4.8415137e-01   6.0718255e-01   6.9442125e-01   5.7134320e-01   7.3341934e-01   8.1560577e-01   2.3582053e-01   4.6974894e-01   5.1241044e-01
  -2.4746917e-01   7.1609697e-01   8.0086222e-01   5.1562397e-01   7.7953933e-01   5.1542683e-01   6.2193555e-01   4.7070524e-01   5.3333913e-01   4.4969288e-01   7.0892813e-01   5.4850627e-01   6.8540493e-01   5.5436910e-01   8.3685885e-01  -4.0621436e-02   5.5392528e-01   4.7278105e-01
  -5.0125210e-02   4.1896803e-01   8.7161625e-01   2.3975279e-01   8.5019967e-01   2.4391903e-01   6.8730574e-01   3.1878707e-01   5.9836222e-01   3.3273247e-01   7.7840642e-01   3.0396476e-01   7.5854728e-01   2.7559178e-01   7.9962502e-01  -2.9664175e-01   6.2378721e-01   3.4844779e-01
   2.7204421e-02   2.9782108e-02   8.8851350e-01  -5.5021823e-02   8.6804253e-01  -4.8017935e-02   7.2406754e-01   1.2917185e-01   6.4025480e-01   1.7506084e-01   8.0490055e-01   2.5450358e-02   7.7977126e-01  -2.9801227e-02   7.1543297e-01  -4.6922793e-01   6.6849726e-01   1.8054468e-01
  -2.6657402e-02  -3.3194227e-01   8.5395755e-01  -3.0606444e-01   8.3510457e-01  -2.9836605e-01   7.3035862e-01  -4.5774926e-02   6.5610199e-01   2.2492605e-02   7.8842906e-01  -2.1945204e-01   7.5091244e-01  -2.8855108e-01   6.0701719e-01  -5.1821345e-01   6.8456495e-01   1.4672221e-02
  -1.8405102e-01  -5.6454882e-01   7.8067463e-01  -4.6722415e-01   7.6364544e-01  -4.6069496e-01   7.1218218e-01  -1.6487448e-01   6.4995990e-01  -8.8156731e-02   7.3891187e-01  -3.7853411e-01   6.8522431e-01  -4.4608299e-01   5.0221433e-01  -4.3750581e-01   6.7567275e-01  -1.1161703e-01
  -3.9017069e-01  -6.1373622e-01   6.8762897e-01  -5.1825513e-01   6.7223865e-01  -5.1380948e-01   6.8058881e-01  -2.0869652e-01   6.3052141e-01  -1.3814550e-01   6.7253302e-01  -4.2747487e-01   6.0286868e-01  -4.7886873e-01   4.2642439e-01  -2.5504543e-01   6.5047077e-01  -1.7769012e-01
  -5.8167950e-01  -4.8504089e-01   5.9496924e-01  -4.6667269e-01   5.8084391e-01  -4.6395428e-01   6.4778691e-01  -1.8272592e-01   6.0786922e-01  -1.2944119e-01   6.0689245e-01  -3.7318908e-01   5.2516245e-01  -3.9731712e-01   3.9623623e-01  -2.3077216e-02   6.1942999e-01  -1.8273328e-01
  -7.0679052e-01  -2.3594222e-01   5.1921619e-01  -3.4160286e-01   5.0604805e-01  -3.3912320e-01   6.2329312e-01  -1.1204934e-01   5.9025667e-01  -8.0528907e-02   5.5626195e-01  -2.4732602e-01   4.6901242e-01  -2.3865412e-01   4.1573021e-01   1.9814457e-01   5.9164791e-01  -1.4224474e-01
  -7.3838735e-01   4.8492390e-02   4.7045952e-01  -1.8237879e-01   4.5820689e-01  -1.7812473e-01   6.1175818e-01  -3.0100592e-02   5.8220030e-01  -1.7720642e-02   5.2878595e-01  -9.3270213e-02   4.4361484e-01  -5.3072173e-02   4.7679345e-01   3.5640573e-01   5.7285557e-01  -8.0118855e-02
  -6.7949093e-01   2.8263757e-01   4.5135498e-01  -2.7359762e-02   4.4030869e-01  -1.9718183e-02   6.1239578e-01   3.2612137e-02   5.8380493e-01   3.3501904e-02   5.2547842e-01   4.6690863e-02   4.4924381e-01   1.1041678e-01   5.6193071e-01   4.1917467e-01   5.6458757e-01  -2.0592333e-02
  -5.5866497e-01   4.0502672e-01   4.5826467e-01   9.4709506e-02   4.4893131e-01   1.0611007e-01   6.2032946e-01   5.7326321e-02   5.9158604e-01   5.5592736e-02   5.4138713e-01   1.4176378e-01   4.7867398e-01   2.1595066e-01   6.4939444e-01   3.7886593e-01   5.6478147e-01   1.8475941e-02
  -4.1910994e-01   3.9235657e-01   4.8346284e-01   1.6873932e-01   4.7632023e-01   1.8263013e-01   6.2886285e-01   4.0751583e-02   6.0010458e-01   4.2557307e-02   5.6792246e-01   1.7797213e-01   5.2009564e-01   2.4728846e-01   7.1841579e-01   2.5198300e-01   5.6918135e-01   2.9080959e-02
  -3.0469467e-01   2.6371340e-01   5.1778654e-01   1.9417966e-01   5.1300127e-01   2.0786497e-01   6.3203518e-01  -5.2695053e-03   6.0396606e-01   7.9614149e-04   5.9572811e-01   1.5962833e-01   5.6075962e-01   2.0975671e-01   7.5395892e-01   7.4136261e-02   5.7310171e-01   1.4035289e-02
  -2.4676418e-01   7.1377114e-02   5.5311144e-01   1.8217289e-01   5.5032984e-01   1.9225291e-01   6.2671939e-01  -5.8984269e-02   5.9965781e-01  -5.3817988e-02   6.1738064e-01   1.0557056e-01   5.9045051e-01   1.2618085e-01   7.4987250e-01  -1.0917198e-01   5.7308656e-01  -1.5375609e-02
  -2.5575845e-01  -1.1821045e-01   5.8406789e-01   1.5014826e-01   5.8235292e-01   1.5345068e-01   6.1361660e-01  -9.6947825e-02   5.8667794e-01  -1.0167600e-01   6.2917244e-01   4.1485914e-02   6.0386645e-01   2.8326970e-02   7.0985504e-01  -2.5386953e-01   5.6797399e-01  -4.4131142e-02
  -3.2025447e-01  -2.4660021e-01   6.0860560e-01   1.1545215e-01   6.0653563e-01   1.0984414e-01   5.9681504e-01  -1.0235988e-01   5.6758798e-01  -1.2609267e-01   6.3146968e-01  -9.1381045e-03   6.0126373e-01  -5.3409827e-02   6.4592764e-01  -3.2800653e-01   5.5904767e-01  -5.9011766e-02
  -4.1287749e-01  -2.8053325e-01   6.2744776e-01   9.0007747e-02   6.2334126e-01   7.4909027e-02   5.8220227e-01  -7.0528705e-02   5.4707285e-01  -1.1845606e-01   6.2773376e-01  -3.2151193e-02   5.8742120e-01  -9.8506174e-02   5.7497994e-01  -3.1893466e-01   5.4933888e-01  -5.2923889e-02
  -5.0048516e-01  -2.1969690e-01   6.4276384e-01   7.7259523e-02   6.3497831e-01   5.3840699e-02   5.7532677e-01  -1.0087386e-02   5.3039081e-01  -8.0454087e-02   6.2269763e-01  -2.6045435e-02   5.6946315e-01  -1.0087280e-01   5.1430673e-01  -2.3535698e-01   5.4239799e-01  -2.6853209e-02
  -5.5499541e-01  -9.3187110e-02   6.5657890e-01   7.2358774e-02   6.4383076e-01   4.3470058e-02   5.7945208e-01   6.0293250e-02   5.2175469e-01  -2.2834896e-02   6.2039895e-01  -5.9067527e-04   5.5433387e-01  -6.8429105e-02   4.7736185e-01  -1.0361409e-01   5.4098901e-01   1.1068997e-02
  -5.6172985e-01   5.2671855e-02   6.6945869e-01   6.5370945e-02   6.5111627e-01   3.5198167e-02   5.9436541e-01   1.1831409e-01   5.2310316e-01   3.8466969e-02   6.2268738e-01   2.8137796e-02   5.4665419e-01  -1.8607465e-02   4.7069342e-01   4.0423538e-02   5.4610595e-01   4.8758838e-02
  -5.2237148e-01   1.7027006e-01   6.8004957e-01   4.6236923e-02   6.5633774e-01   1.9674804e-02   6.1642525e-01   1.4524125e-01   5.3369131e-01   8.7355835e-02   6.2877061e-01   4.4259902e-02   5.4768332e-01   2.8363276e-02   4.9303648e-01   1.6115630e-01   5.5668579e-01   7.4379145e-02
  -4.5299566e-01   2.2483841e-01   6.8548977e-01   9.4381128e-03   6.5755242e-01  -8.7934718e-03   6.3962186e-01   1.3163655e-01   5.5043328e-01   1.1207957e-01   6.3570203e-01   3.7715454e-02   5.5538758e-01   5.5906364e-02   5.3630132e-01   2.3194564e-01   5.6996348e-01   8.0057808e-02
  -3.7791048e-01   2.0375378e-01   6.8255605e-01  -4.3172688e-02   6.5233593e-01  -4.9504903e-02   6.5738544e-01   8.0251653e-02   5.6889307e-01   1.0824961e-01   6.3963170e-01   7.6296022e-03   5.6552818e-01   5.5816468e-02   5.8819195e-01   2.4086400e-01   5.8236293e-01   6.4230048e-02
  -3.2148503e-01   1.1869330e-01   6.6908083e-01  -1.0239611e-01   6.3902059e-01  -9.5220595e-02   6.6457483e-01   5.2182544e-03   5.8459572e-01   7.9602453e-02   6.3734925e-01  -3.7554061e-02   5.7332903e-01   3.0022841e-02   6.3563061e-01   1.9226699e-01   5.9061810e-01   3.1938729e-02
  -3.0088250e-01   3.1320850e-04   6.4504774e-01  -1.5441155e-01   6.1767356e-01  -1.3449487e-01   6.5896144e-01  -7.2185901e-02   5.9420964e-01   3.6355193e-02   6.2752203e-01  -8.3091354e-02   5.7509242e-01  -1.0945539e-02   6.6791788e-01   1.0405951e-01   5.9272038e-01  -6.9323762e-03
  -3.2069677e-01  -1.1259697e-01   6.1316107e-01  -1.8514959e-01   5.9062231e-01  -1.5552400e-01   6.4203064e-01  -1.3009100e-01   5.9644347e-01  -8.2461096e-03   6.1143086e-01  -1.1310259e-01   5.6950328e-01  -5.1969054e-02   6.7929558e-01   1.8168144e-03   5.8855921e-01  -4.0895378e-02
  -3.7303287e-01  -1.8594299e-01   5.7836143e-01  -1.8471365e-01   5.6204946e-01  -1.5011069e-01   6.1837903e-01  -1.5247830e-01   5.9209947e-01  -4.2086431e-02   5.9258314e-01  -1.1597814e-01   5.5783625e-01  -7.8667628e-02   6.6955842e-01  -8.8589654e-02   5.7979651e-01  -6.0459443e-02
  -4.4057800e-01  -2.0018776e-01   5.4680625e-01  -1.5034771e-01   5.3710994e-01  -1.1631421e-01   5.9444282e-01  -1.3357212e-01   5.8365198e-01  -5.7458543e-02   5.7576121e-01  -8.8082102e-02   5.4349157e-01  -8.1760528e-02   6.4353918e-01  -1.4722362e-01   5.6933432e-01  -6.0795256e-02
  -5.0257949e-01  -1.5514132e-01   5.2441703e-01  -8.7396148e-02   5.2066598e-01  -5.9285422e-02   5.7666322e-01  -7.9114670e-02   5.7435282e-01  -5.2780508e-02   5.6560149e-01  -3.4895238e-02   5.3084512e-01  -5.9631160e-02   6.0933423e-01  -1.6419355e-01   5.6040573e-01  -4.2888925e-02
  -5.4154072e-01  -6.8236036e-02   5.1541975e-01  -7.9767579e-03   5.1602435e-01   9.9826669e-03   5.6967653e-01  -4.1956359e-03   5.6719004e-01  -3.2310384e-02   5.6518523e-01   3.0756712e-02   5.2383144e-01  -1.8330981e-02   5.7590182e-01  -1.4075184e-01   5.5559882e-01  -1.2857927e-02
  -5.4749747e-01   3.2325117e-02   5.2149390e-01   7.1983955e-02   5.2422541e-01   7.7375275e-02   5.7531634e-01   7.1207687e-02   5.6417015e-01  -4.2167045e-03   5.7528602e-01   9.2418448e-02   5.2491736e-01   3.0734822e-02   5.5104133e-01  -8.7340754e-02   5.5625245e-01   2.0124130e-02
  -5.2129968e-01   1.1662212e-01   5.4116381e-01   1.3655030e-01   5.4356264e-01   1.2911554e-01   5.9195031e-01   1.2778444e-01   5.6571620e-01   2.2018127e-02   5.9390277e-01   1.3460299e-01   5.3421952e-01   7.4118692e-02   5.3939046e-01  -2.0360485e-02   5.6200062e-01   4.6524778e-02
  -4.7252395e-01   1.6202277e-01   5.7038436e-01   1.7343218e-01   5.7016504e-01   1.5501952e-01   6.1530789e-01   1.5179528e-01   5.7085356e-01   3.8452935e-02   6.1699605e-01   1.4684616e-01   5.4972083e-01   1.0031300e-01   5.4201235e-01   4.2746090e-02   5.7110112e-01   5.9110583e-02
  -4.1648502e-01   1.5897411e-01   6.0335499e-01   1.7665107e-01   5.9877620e-01   1.5079992e-01   6.3952612e-01   1.3833930e-01   5.7755175e-01   4.0687060e-02   6.3940373e-01   1.2633445e-01   5.6775721e-01   1.0265805e-01   5.5642813e-01   8.7517093e-02   5.8090232e-01   5.4754972e-02
  -3.6920074e-01   1.1271451e-01   6.3385456e-01   1.4765738e-01   6.2397192e-01   1.1889658e-01   6.5874145e-01   9.2193767e-02   5.8342545e-01   2.8818755e-02   6.5618150e-01   7.8461788e-02   5.8405917e-01   8.0942054e-02   5.7767753e-01   1.0565114e-01   5.8862903e-01   3.5086585e-02
  -3.4268671e-01   4.0415845e-02   6.5658969e-01   9.4596515e-02   6.4135333e-01   6.7597089e-02   6.6857391e-01   2.6053903e-02   5.8646266e-01   7.0363035e-03   6.6382753e-01   1.5151932e-02   5.9488520e-01   4.1113307e-02   5.9982746e-01   9.6313371e-02   5.9214580e-01   5.7790193e-03
  -3.4200936e-01  -3.4938252e-02   6.6820293e-01   2.9993348e-02   6.4839609e-01   8.7530611e-03   6.6709279e-01  -4.3198138e-02   5.8556038e-01  -1.7931888e-02   6.6104411e-01  -4.8484211e-02   5.9791237e-01  -6.6828600e-03   6.1749114e-01   6.5371359e-02   5.9047606e-01  -2.5229481e-02
  -3.6437966e-01  -9.1887590e-02   6.6784074e-01  -3.2438692e-02   6.4487519e-01  -4.5231251e-02   6.5518085e-01  -9.9106018e-02   5.8079532e-01  -3.8947637e-02   6.4897160e-01  -9.8199349e-02   5.9275891e-01  -5.1015149e-02   6.2708945e-01   2.3147998e-02   5.8402030e-01  -5.0020513e-02
  -4.0091946e-01  -1.1672957e-01   6.5703986e-01  -8.1043573e-02   6.3266301e-01  -8.4335676e-02   6.3607189e-01  -1.2981955e-01   5.7329906e-01  -5.0542563e-02   6.3071661e-01  -1.2417306e-01   5.8091417e-01  -8.2233703e-02   6.2745198e-01  -1.8825711e-02   5.7434890e-01  -6.2822509e-02
  -4.3986626e-01  -1.0644830e-01   6.3912132e-01  -1.0844596e-01   6.1509991e-01  -1.0282028e-01   6.1438483e-01  -1.3046986e-01   5.6486940e-01  -5.0177020e-02   6.1047146e-01  -1.2291161e-01   5.6522755e-01  -9.4571166e-02   6.1973442e-01  -5.0711315e-02   5.6372748e-01  -6.1244135e-02
  -4.7025035e-01  -6.8499883e-02   6.1829082e-01  -1.1261504e-01   5.9612595e-01  -9.9995617e-02   5.9491960e-01  -1.0371178e-01   5.5745086e-01  -3.8630427e-02   5.9245786e-01  -9.7496967e-02   5.4913985e-01  -8.7132185e-02   6.0683396e-01  -6.6504372e-02   5.5451399e-01  -4.6585551e-02
