   1.2572220e-01   4.2857711e-01   1.1386087e-01   4.7673403e-01   2.5384037e-02   5.8441827e-01   1.7690648e-01   1.5900555e-01   9.5672426e-02   6.3467420e-01   1.1519618e-02   4.2803535e-01   1.2994660e-01   7.6919116e-01   1.6454886e-01   5.1560803e-01   6.4946615e-02   2.5181716e-01
   1.4290618e-01  -3.1386582e-01   2.3316442e-01   8.2395638e-01   1.7780863e-01   8.7901578e-01   2.1727322e-01   3.3551781e-01   2.2003542e-01   8.8969890e-01   1.2162918e-01   7.5575231e-01   2.7826307e-01   9.6743539e-01   3.1306721e-01   8.7286826e-01   1.3684167e-01   6.2985564e-01
  -6.7934838e-02  -8.4403944e-01   3.9959679e-01   9.9811945e-01   3.7279991e-01   1.0000000e+00   2.8479898e-01   4.9685087e-01   3.7344414e-01   1.0000000e+00   2.7896465e-01   9.4480131e-01   4.4529679e-01   1.0000000e+00   5.1252730e-01   1.0000000e+00   2.5878236e-01   8.7848860e-01
  -4.0100089e-01  -1.0000000e+00   5.8156437e-01   1.0000000e+00   5.7551004e-01   9.5922836e-01   3.7773314e-01   6.4848622e-01   5.3462478e-01   9.9158450e-01   4.5840559e-01   1.0000000e+00   6.0748270e-01   9.1873684e-01   7.1457224e-01   9.0373980e-01   4.0993396e-01   9.9775448e-01
  -7.1934096e-01  -7.7116076e-01   7.5062014e-01   8.6132230e-01   7.5648187e-01   7.9477806e-01   4.9351092e-01   7.7462321e-01   6.8690973e-01   8.9361141e-01   6.3690292e-01   9.3762108e-01   7.5001905e-01   7.7271482e-01   8.7800374e-01   6.4220344e-01   5.7055713e-01   1.0000000e+00
  -9.0866448e-01  -2.8895440e-01   8.8530190e-01   6.2435029e-01   8.9497605e-01   5.5036553e-01   6.2548059e-01   8.4202655e-01   8.1785795e-01   7.2880025e-01   7.9473632e-01   7.7678008e-01   8.6489721e-01   5.9237404e-01   9.7651366e-01   2.9455513e-01   7.2330388e-01   9.0168471e-01
  -9.1328820e-01   2.5651510e-01   9.7131010e-01   3.2471927e-01   9.7836610e-01   2.6022039e-01   7.6104048e-01   8.1279063e-01   9.1808510e-01   5.1283824e-01   9.1564452e-01   5.3612266e-01   9.4749788e-01   3.8815401e-01   1.0000000e+00  -6.6102779e-02   8.5342856e-01   7.1845329e-01
  -7.4281749e-01   6.9162267e-01   1.0000000e+00  -8.6808254e-03   1.0000000e+00  -4.9757049e-02   8.8207872e-01   6.5998430e-01   9.8042593e-01   2.5894819e-01   9.8687120e-01   2.3635181e-01   9.9383719e-01   1.6014126e-01   9.5218139e-01  -3.8024216e-01   9.4860785e-01   4.6596170e-01
  -4.5943008e-01   8.8797372e-01   9.6810660e-01  -3.4307194e-01   9.5854530e-01  -3.5178319e-01   9.6793327e-01   3.8025740e-01   1.0000000e+00  -1.7059600e-02   1.0000000e+00  -9.4958431e-02   1.0000000e+00  -8.9603619e-02   8.4806515e-01  -5.9838568e-01   9.9931578e-01   1.6435496e-01
  -1.5943853e-01   7.8463277e-01   8.7928617e-01  -6.3362414e-01   8.5927422e-01  -6.0835300e-01   1.0000000e+00   4.3947757e-03   9.7502704e-01  -2.9124521e-01   9.5267462e-01  -4.1804827e-01   9.6339412e-01  -3.4535870e-01   7.1187597e-01  -6.8325742e-01   1.0000000e+00  -1.5541228e-01
   5.5915921e-02   4.1610485e-01   7.4607570e-01  -8.2878838e-01   7.1594566e-01  -7.7585420e-01   9.6768152e-01  -4.0154646e-01   9.0846960e-01  -5.2885114e-01   8.5099910e-01  -6.8136225e-01   8.8567533e-01  -5.7260134e-01   5.7334888e-01  -6.2112320e-01   9.5114295e-01  -4.4927904e-01
   1.1397762e-01  -9.2100281e-02   5.8957509e-01  -8.8787945e-01   5.5061298e-01  -8.1945369e-01   8.7291672e-01  -7.5218847e-01   8.0936599e-01  -6.9056493e-01   7.1072134e-01  -8.3327447e-01   7.7534490e-01  -7.2659095e-01   4.6172836e-01  -4.3124585e-01   8.6081769e-01  -6.6790728e-01
  -4.5656034e-03  -5.6919806e-01   4.3598315e-01  -7.9667481e-01   3.9027567e-01  -7.2734530e-01   7.3134311e-01  -9.6820403e-01   6.9261221e-01  -7.4493082e-01   5.5571752e-01  -8.3916325e-01   6.4814910e-01  -7.6853913e-01   3.9895143e-01  -1.6278148e-01   7.4446468e-01  -7.7063682e-01
  -2.6083499e-01  -8.6180875e-01   3.1122105e-01  -5.7233054e-01   2.6145895e-01  -5.1594666e-01   5.6930088e-01  -1.0000000e+00   5.7669518e-01  -6.8019546e-01   4.1355783e-01  -6.9462235e-01   5.2474106e-01  -6.8078120e-01   3.9479008e-01   1.1980372e-01   6.2241545e-01  -7.3845034e-01
  -5.7315589e-01  -8.8384569e-01   2.3561228e-01  -2.5886163e-01   1.8472648e-01  -2.2617031e-01   4.1773318e-01  -8.4180308e-01   4.7996766e-01  -5.1024550e-01   3.0949436e-01  -4.2946089e-01   4.2632471e-01  -4.7518934e-01   4.4557662e-01   3.5483468e-01   5.1580096e-01  -5.8100895e-01
  -8.4551926e-01  -6.4198092e-01   2.1992173e-01   8.3664539e-02   1.7057893e-01   8.6579282e-02   3.0480987e-01  -5.3302244e-01   4.1659615e-01  -2.7235734e-01   2.6063322e-01  -1.0122470e-01   3.6963997e-01  -1.9224774e-01   5.3640051e-01   4.9837818e-01   4.4195104e-01  -3.3556497e-01
  -1.0000000e+00  -2.2526128e-01   2.6372050e-01   3.9376243e-01   2.1783473e-01   3.6618251e-01   2.4934832e-01  -1.4500132e-01   3.9351504e-01  -1.6349532e-02   2.7215355e-01   2.2104258e-01   3.6290264e-01   1.1042605e-01   6.4570046e-01   5.3049960e-01   4.1063541e-01  -5.6446653e-02
  -9.9748227e-01   2.3447652e-01   3.5640454e-01   6.1996382e-01   3.1484138e-01   5.6666655e-01   2.5760549e-01   2.3907661e-01   4.0966763e-01   2.0863007e-01   3.3708670e-01   4.7412323e-01   4.0444969e-01   3.7333869e-01   7.4996468e-01   4.5174207e-01   4.2269209e-01   1.9917472e-01
  -8.4702371e-01   6.0470792e-01   4.7945272e-01   7.2769212e-01   4.4204660e-01   6.5844252e-01   3.2242089e-01   5.4216835e-01   4.5673757e-01   3.6396562e-01   4.3828424e-01   6.1305312e-01   4.8319426e-01   5.4713739e-01   8.2761984e-01   2.7968427e-01   4.7031451e-01   3.8341894e-01
  -5.9815150e-01   7.8745741e-01   6.1002401e-01   7.0317505e-01   5.7584967e-01   6.3107774e-01   4.2579756e-01   7.0824729e-01   5.2155278e-01   4.2763456e-01   5.5270813e-01   6.1784712e-01   5.8134843e-01   6.0151924e-01   8.6244481e-01   4.7829372e-02   5.3947992e-01   4.6628986e-01
  -3.2526911e-01   7.4100474e-01   7.2491367e-01   5.5716688e-01   6.9263107e-01   4.9559299e-01   5.4312725e-01   7.1361386e-01   5.8897379e-01   3.9799455e-01   6.5618810e-01   4.9704522e-01   6.7809058e-01   5.3194364e-01   8.4683766e-01  -1.9445580e-01   6.1317271e-01   4.4129216e-01
  -1.0565134e-01   4.9264298e-01   8.0513743e-01   3.2553496e-01   7.7324957e-01   2.8445681e-01   6.4906723e-01   5.7391948e-01   6.4534594e-01   2.9524217e-01   7.2874407e-01   2.8763366e-01   7.5427088e-01   3.6324098e-01   7.8462473e-01  -3.8951014e-01   6.7538297e-01   3.2768966e-01
   4.2307643e-03   1.2838290e-01   8.3992170e-01   6.0851669e-02   8.0691584e-01   4.4449422e-02   7.2381150e-01   3.3848128e-01   6.8173066e-01   1.5560835e-01   7.5918215e-01   4.5597908e-02   7.9707107e-01   1.4308361e-01   6.9107337e-01  -4.8848249e-01   7.1494105e-01   1.6440807e-01
  -1.6366528e-02  -2.3725025e-01   8.2835521e-01  -1.8166425e-01   7.9282334e-01  -1.7518078e-01   7.5714583e-01   7.4032120e-02   6.9552015e-01   2.0151585e-02   7.4703426e-01  -1.6975216e-01   8.0255701e-01  -7.2416739e-02   5.8923974e-01  -4.6772741e-01   7.2761253e-01  -2.1909920e-03
  -1.4881517e-01  -4.9889388e-01   7.7861915e-01  -3.5803759e-01   7.3943056e-01  -3.3478275e-01   7.4972239e-01  -1.5526241e-01   6.9024143e-01  -7.7598976e-02   7.0169097e-01  -3.1211588e-01   7.7576308e-01  -2.3499379e-01   5.0371199e-01  -3.3626513e-01   7.1623034e-01  -1.3186077e-01
  -3.4406204e-01  -5.9161113e-01   7.0508067e-01  -4.4457027e-01   6.6159694e-01  -4.1243673e-01   7.1123503e-01  -3.0424415e-01   6.7359203e-01  -1.2030716e-01   6.3893371e-01  -3.5916789e-01   7.2828744e-01  -3.1629572e-01   4.5408668e-01  -1.3165711e-01   6.8886798e-01  -2.0039752e-01
  -5.4019839e-01  -5.0748810e-01   6.2425791e-01  -4.4082717e-01   5.7654208e-01  -4.0684226e-01   6.5647276e-01  -3.5579500e-01   6.5450524e-01  -1.0972929e-01   5.7610066e-01  -3.1584136e-01   6.7438639e-01  -3.1304552e-01   4.5013618e-01   9.2264280e-02   6.5584795e-01  -2.0382905e-01
  -6.8218643e-01  -2.9165559e-01   5.5090588e-01  -3.6580087e-01   4.9986816e-01  -3.3424020e-01   6.0072445e-01  -3.1994054e-01   6.4031566e-01  -6.3032381e-02   5.2749698e-01  -2.0906209e-01   6.2694400e-01  -2.4376695e-01   4.9010509e-01   2.8105351e-01   6.2664803e-01  -1.5585668e-01
  -7.3712380e-01  -2.2382080e-02   4.9524622e-01  -2.4945262e-01   4.4266228e-01  -2.2133573e-01   5.5600764e-01  -2.2554273e-01   6.3488077e-01  -5.0191380e-03   5.0130492e-01  -7.7129700e-02   5.9453087e-01  -1.3974465e-01   5.6201531e-01   3.9324953e-01   6.0761852e-01  -8.0781987e-02
  -7.0132643e-01   2.1643454e-01   4.6184714e-01  -1.2288576e-01   4.1017218e-01  -9.6954376e-02   5.2888533e-01  -1.0866215e-01   6.3803579e-01   4.0591704e-02   4.9857060e-01   4.2329083e-02   5.8013919e-01  -3.4066193e-02   6.4737332e-01   4.0863902e-01   6.0094857e-01  -4.8174351e-03
  -5.9760067e-01   3.5939606e-01   4.5017413e-01  -1.1055984e-02   4.0212947e-01   1.4443803e-02   5.2022594e-01  -2.3333732e-03   6.4636242e-01   5.7614773e-02   5.1428422e-01   1.2154441e-01   5.8170526e-01   4.7021715e-02   7.2589320e-01   3.2992882e-01   6.0499758e-01   5.0966595e-02
  -4.6580372e-01   3.7581743e-01   4.5608120e-01   7.1170409e-02   4.1407601e-01   9.6757362e-02   5.2630925e-01   7.0687369e-02   6.5471076e-01   4.1003037e-02   5.3970665e-01   1.4797270e-01   5.9373416e-01   8.9435743e-02   7.8005087e-01   1.8029735e-01   6.1549822e-01   7.5174115e-02
  -3.4940186e-01   2.7574010e-01   4.7374290e-01   1.1990422e-01   4.3927426e-01   1.4387050e-01   5.4084818e-01   1.0179687e-01   6.5807731e-01  -2.5036089e-03   5.6532857e-01   1.2561116e-01   6.0954007e-01   9.3076381e-02   7.9881845e-01  -2.2742357e-03   6.2727142e-01   6.7804194e-02
  -2.8214255e-01   1.0382103e-01   4.9748007e-01   1.4040886e-01   4.7068550e-01   1.5887086e-01   5.5729005e-01   9.6287859e-02   6.5331226e-01  -5.7003604e-02   5.8364879e-01   7.1960644e-02   6.2344776e-01   6.9736691e-02   7.7989733e-01  -1.7352106e-01   6.3594621e-01   3.8743533e-02
  -2.7826580e-01  -7.7926907e-02   5.2313670e-01   1.4306586e-01   5.0264698e-01   1.5098478e-01   5.7084576e-01   6.8911304e-02   6.4022499e-01  -1.0316333e-01   5.9114727e-01   1.1002505e-02   6.3242703e-01   3.7323906e-02   7.2999097e-01  -2.9374381e-01   6.3926801e-01   3.1881299e-03
  -3.3067997e-01  -2.1082404e-01   5.4849612e-01   1.3876665e-01   5.3161766e-01   1.3147928e-01   5.7938779e-01   3.7267168e-02   6.2153632e-01  -1.2463272e-01   5.8859940e-01  -3.4861632e-02   6.3643327e-01   1.2941217e-02   6.6274678e-01  -3.3708104e-01   6.3741488e-01  -2.4003395e-02
  -4.1508646e-01  -2.5811029e-01   5.7304098e-01   1.3470961e-01   5.5623447e-01   1.0954022e-01   5.8343990e-01   1.5122804e-02   6.0198189e-01  -1.1355207e-01   5.8018905e-01  -5.1961640e-02   6.3779918e-01   6.7080855e-03   5.9514853e-01  -2.9805439e-01   6.3256982e-01  -3.3478292e-02
  -4.9973600e-01  -2.1393353e-01   5.9702535e-01   1.3222304e-01   5.7655162e-01   8.9706914e-02   5.8513019e-01   8.3123972e-03   5.8670587e-01  -7.2628491e-02   5.7150609e-01  -3.8587987e-02   6.3973788e-01   1.9001904e-02   5.4312033e-01  -1.9185752e-01   6.2777088e-01  -2.3900644e-02
  -5.5617841e-01  -1.0193526e-01   6.2040569e-01   1.2691541e-01   5.9301295e-01   7.1365155e-02   5.8681898e-01   1.4067137e-02   5.7963864e-01  -1.3751974e-02   5.6739321e-01  -4.1365464e-03   6.4474529e-01   4.1366908e-02   5.1765313e-01  -4.9278323e-02   6.2563833e-01  -1.5185423e-03
  -5.6778717e-01   3.5438516e-02   6.4202362e-01   1.1123665e-01   6.0555010e-01   5.0454320e-02   5.8989914e-01   2.3722238e-02   5.8235055e-01   4.6240734e-02   5.7030005e-01   3.5309857e-02   6.5344307e-01   6.0604305e-02   5.2248575e-01   9.2305661e-02   6.2739469e-01   2.2896299e-02
  -5.3394481e-01   1.5186504e-01   6.5935807e-01   7.8421053e-02   6.1315327e-01   2.2483774e-02   5.9416725e-01   2.7204776e-02   5.9365354e-01   9.0902578e-02   5.7956252e-01   6.2979698e-02   6.6420075e-01   6.4187022e-02   5.5370781e-01   1.9889082e-01   6.3245298e-01   3.8297045e-02
  -4.6865433e-01   2.1158309e-01   6.6904642e-01   2.6345283e-02   6.1412572e-01  -1.4383408e-02   5.9799445e-01   1.7579728e-02   6.1009013e-01   1.0897997e-01   5.9184370e-01   6.7073306e-02   6.7370311e-01   4.5137727e-02   6.0142405e-01   2.4800026e-01   6.3872259e-01   3.7355221e-02
  -3.9503364e-01   1.9913648e-01   6.6794102e-01  -4.0307460e-02   6.0683564e-01  -5.7522604e-02   5.9909320e-01  -6.0564261e-03   6.2702485e-01   9.7347350e-02   6.0240016e-01   4.4364237e-02   6.7813900e-01   4.7592330e-03   6.5267946e-01   2.3319013e-01   6.4341619e-01   1.8898047e-02
  -3.3742361e-01   1.2267073e-01   6.5434803e-01  -1.1039273e-01   5.9065882e-01  -9.9924486e-02   5.9557694e-01  -3.8043888e-02   6.4003184e-01   6.1525158e-02   6.0677535e-01   1.0073886e-03   6.7463383e-01  -4.7435457e-02   6.9492028e-01   1.6426897e-01   6.4409345e-01  -1.1743722e-02
  -3.1383232e-01   9.7576339e-03   6.2894058e-01  -1.6915150e-01   5.6668414e-01  -1.3214670e-01   5.8687052e-01  -6.8172260e-02   6.4612228e-01   1.3602029e-02   6.0231844e-01  -4.9710403e-02   6.6238836e-01  -9.6658936e-02   7.1897549e-01   6.3342405e-02   6.3955527e-01  -4.4606937e-02
  -3.3053452e-01  -1.0224706e-01   5.9507677e-01  -2.0243293e-01   5.3794493e-01  -1.4528144e-01   5.7419823e-01  -8.5296524e-02   6.4454115e-01  -3.1619423e-02   5.8915637e-01  -9.1712347e-02   6.4322607e-01  -1.2755089e-01   7.2104657e-01  -4.1787416e-02   6.3035917e-01  -6.8408075e-02
  -3.8093099e-01  -1.7894234e-01   5.5826455e-01  -2.0101860e-01   5.0896846e-01  -1.3400709e-01   5.6037773e-01  -8.1494825e-02   6.3681184e-01  -6.1287863e-02   5.7019698e-01  -1.1145610e-01   6.2122460e-01  -1.2931691e-01   7.0305326e-01  -1.2533281e-01   6.1870504e-01  -7.4398463e-02
  -4.4854957e-01  -1.9901034e-01   5.2500597e-01  -1.6328208e-01   4.8483122e-01  -9.8410389e-02   5.4904139e-01  -5.4856348e-02   6.2610852e-01  -6.8009233e-02   5.5025768e-01  -1.0193989e-01   6.0163161e-01  -9.9078038e-02   6.7152198e-01  -1.6950159e-01   6.0778768e-01  -5.9078036e-02
  -5.1261640e-01  -1.5969608e-01   5.0135827e-01  -9.5836874e-02   4.7000517e-01  -4.4324162e-02   5.4357707e-01  -1.0376405e-02   6.1623157e-01  -5.1562132e-02   5.3467984e-01  -6.4636757e-02   5.8943692e-01  -4.2853391e-02   6.3553946e-01  -1.6797484e-01   6.0086380e-01  -2.5272506e-02
  -5.5464702e-01  -7.6383347e-02   4.9153942e-01  -1.2074440e-02   4.6726822e-01   1.7871418e-02   5.4606992e-01   4.1263916e-02   6.1045575e-01  -1.8479265e-02   5.2778637e-01  -8.9325897e-03   5.8796410e-01   2.6038070e-02   6.0425865e-01  -1.2629814e-01   6.0027532e-01   1.8667881e-02
  -5.6384078e-01   2.3885076e-02   4.9698911e-01   7.1183790e-02   4.7701999e-01   7.5797530e-02   5.5661750e-01   8.6862394e-02   6.1061591e-01   2.0450550e-02   5.3167334e-01   5.0911698e-02   5.9794808e-01   9.0865173e-02   5.8464376e-01  -5.9005837e-02   6.0675252e-01   6.1442261e-02
  -5.3954384e-01   1.1099953e-01   5.1610426e-01   1.3743795e-01   4.9716751e-01   1.1786092e-01   5.7321935e-01   1.1425174e-01   6.1669566e-01   5.3353196e-02   5.4569438e-01   9.9624162e-02   6.1733836e-01   1.3579223e-01   5.8009513e-01   1.4713915e-02   6.1919719e-01   9.1834398e-02
  -4.9081839e-01   1.6124234e-01   5.4463131e-01   1.7441207e-01   5.2356787e-01   1.3608175e-01   5.9222938e-01   1.1588175e-01   6.2690734e-01   7.0756616e-02   5.6663264e-01   1.2519395e-01   6.4180232e-01   1.5020063e-01   5.8994439e-01   7.6368843e-02   6.3493670e-01   1.0189536e-01
  -4.3286820e-01   1.6322950e-01   5.7669642e-01   1.7646700e-01   5.5097655e-01   1.2773064e-01   6.0930322e-01   9.0726695e-02   6.3831273e-01   6.7880936e-02   5.8962337e-01   1.2169881e-01   6.6585735e-01   1.3107264e-01   6.1015619e-01   1.1238063e-01   6.5043800e-01   8.8841976e-02
  -3.8235911e-01   1.2032519e-01   6.0608605e-01   1.4563823e-01   5.7417465e-01   9.5882977e-02   6.2048397e-01   4.4654622e-02   6.4765637e-01   4.5728415e-02   6.0937984e-01   9.0658010e-02   6.8419816e-01   8.3650333e-02   6.3462259e-01   1.1691136e-01   6.6218172e-01   5.5740658e-02
  -3.5239510e-01   4.8634707e-02   6.2760872e-01   9.0828775e-02   5.8911607e-01   4.8552739e-02   6.2324483e-01  -1.1134820e-02   6.5229204e-01   1.0565428e-02   6.2155114e-01   4.0400698e-02   6.9301633e-01   1.9910493e-02   6.5691438e-01   9.2598185e-02   6.6756466e-01   1.0622024e-02
  -3.4919334e-01  -2.9083101e-02   6.3808191e-01   2.5192019e-02   5.9369700e-01  -3.5032402e-03   6.1707040e-01  -6.3322336e-02   6.5085108e-01  -2.8209151e-02   6.2371643e-01  -1.6576854e-02   6.9081693e-01  -4.4904337e-02   6.7188363e-01   4.8770981e-02   6.6549177e-01  -3.5872858e-02
  -3.7076124e-01  -9.0405426e-02   6.3686180e-01  -3.7066458e-02   5.8810423e-01  -4.9346581e-02   6.0357242e-01  -9.9946060e-02   6.4357229e-01  -6.0691458e-02   6.1589944e-01  -6.6901735e-02   6.7870240e-01  -9.6176498e-02   6.7680337e-01  -1.4706639e-03   6.5661532e-01  -7.3223333e-02
  -4.0847863e-01  -1.2015632e-01   6.2567061e-01  -8.4166766e-02   5.7453099e-01  -8.0499488e-02   5.8594249e-01  -1.1359247e-01   6.3211851e-01  -7.9295819e-02   6.0034865e-01  -9.9924755e-02   6.5987760e-01  -1.2369809e-01   6.7172076e-01  -4.5240968e-02   6.4305019e-01  -9.3798925e-02
  -4.5023033e-01  -1.1365951e-01   6.0795271e-01  -1.0891684e-01   5.5651010e-01  -9.2468321e-02   5.6810136e-01  -1.0278334e-01   6.1906525e-01  -8.0362734e-02   5.8082795e-01  -1.0987312e-01   6.3874393e-01  -1.2357602e-01   6.5906358e-01  -7.2843160e-02   6.2778859e-01  -9.4346403e-02
  -4.8412651e-01  -7.7105315e-02   5.8796354e-01  -1.0974364e-01   5.3804302e-01  -8.5330790e-02   5.5373834e-01  -7.1933381e-02   6.0722630e-01  -6.4748126e-02   5.6164803e-01  -9.6773026e-02   6.1980793e-01  -9.8615267e-02   6.4278614e-01  -7.9749577e-02   6.1396973e-01  -7.6419206e-02
