   2.1670231e-01   6.4902450e-02   6.7507698e-02   4.0856164e-02   1.7030169e-01   4.1485278e-01   2.0246843e-01   9.0704425e-01   6.4757367e-02   1.3579543e-01   3.4319813e-02   4.4723375e-01   3.5567832e-02   7.5286869e-01   4.8828043e-02   6.7022928e-01   9.2747388e-02   2.5631278e-01
   1.1253758e-01  -6.0949151e-01   1.2275486e-01   5.2599715e-01   2.7234725e-01   7.8564310e-01   3.2115015e-01   1.0000000e+00   1.1607843e-01   4.9565404e-01   1.3870980e-01   7.4248411e-01   2.1156950e-01   9.6191103e-01   2.5692133e-01   9.5481490e-01   1.6162713e-01   6.1308130e-01
  -1.8988059e-01  -1.0000000e+00   2.5499096e-01   8.5384809e-01   4.2129506e-01   9.7800850e-01   4.4271727e-01   9.6964860e-01   2.1767852e-01   7.6586004e-01   2.8451379e-01   9.2625086e-01   4.1195605e-01   1.0000000e+00   5.0631555e-01   1.0000000e+00   2.7719450e-01   8.5637237e-01
  -5.6273823e-01  -9.9301050e-01   4.3173975e-01   1.0000000e+00   5.8768907e-01   1.0000000e+00   5.5743039e-01   9.0005151e-01   3.5442675e-01   9.3628979e-01   4.5251353e-01   1.0000000e+00   6.0610153e-01   9.0803404e-01   7.3942755e-01   8.3439905e-01   4.2147744e-01   9.8357551e-01
  -8.6588947e-01  -6.3491191e-01   6.1965688e-01   9.7714928e-01   7.4580904e-01   8.8466155e-01   6.6385694e-01   8.3823058e-01   5.0986961e-01   1.0000000e+00   6.2400831e-01   9.6719912e-01   7.7249183e-01   7.3164033e-01   9.1214547e-01   5.3060687e-01   5.7681661e-01   1.0000000e+00
  -1.0000000e+00  -9.0426403e-02   7.8986328e-01   8.1698962e-01   8.7595356e-01   6.6869698e-01   7.6333997e-01   7.8366734e-01   6.6674828e-01   9.5454993e-01   7.8084687e-01   8.3110595e-01   8.9788340e-01   5.0624270e-01   1.0000000e+00   1.6798986e-01   7.2661775e-01   9.1375099e-01
  -9.3195786e-01   4.5031427e-01   9.1976655e-01   5.5297700e-01   9.6394258e-01   3.8108944e-01   8.5495195e-01   7.0143458e-01   8.0801564e-01   8.0519333e-01   9.0565078e-01   5.9778269e-01   9.7491727e-01   2.5482330e-01   9.9678082e-01  -1.8777094e-01   8.5566923e-01   7.3422649e-01
  -6.9359622e-01   8.2867597e-01   9.9296004e-01   2.1854658e-01   1.0000000e+00   4.8124357e-02   9.3242252e-01   5.4647135e-01   9.1813960e-01   5.6618687e-01   9.8268472e-01   2.8186887e-01   1.0000000e+00  -6.3822636e-03   9.1117120e-01  -4.8235842e-01   9.5041499e-01   4.7459051e-01
  -3.6488222e-01   9.3658218e-01   1.0000000e+00  -1.4388440e-01   9.7936449e-01  -2.9445301e-01   9.8482175e-01   2.9065956e-01   9.8466170e-01   2.6196049e-01   1.0000000e+00  -8.6857014e-02   9.7287535e-01  -2.5942681e-01   7.6469458e-01  -6.6683753e-01   1.0000000e+00   1.5713809e-01
  -5.2585277e-02   7.4080751e-01   9.4078232e-01  -4.7696365e-01   9.0450999e-01  -5.9507078e-01   1.0000000e+00  -5.4460773e-02   1.0000000e+00  -6.9699976e-02   9.5249279e-01  -4.5797900e-01   8.9767281e-01  -4.7801862e-01   5.8989244e-01  -7.0485828e-01   9.9811474e-01  -1.8081063e-01
   1.4253017e-01   3.0842384e-01   8.2679608e-01  -7.1784610e-01   7.8728438e-01  -7.9566736e-01   9.7013430e-01  -4.3124417e-01   9.6371342e-01  -3.7806676e-01   8.4542886e-01  -7.6439460e-01   7.8468119e-01  -6.2853365e-01   4.2496598e-01  -5.9005853e-01   9.4546925e-01  -4.8759771e-01
   1.5982004e-01  -2.1309347e-01   6.8017617e-01  -8.1923224e-01   6.4823412e-01  -8.5297866e-01   8.9632784e-01  -7.5668792e-01   8.8379373e-01  -6.1008266e-01   6.9582543e-01  -9.4074465e-01   6.5079324e-01  -6.8140253e-01   3.0487166e-01  -3.5473761e-01   8.5114806e-01  -7.0947970e-01
  -1.7123398e-03  -6.5243182e-01   5.2917951e-01  -7.6467806e-01   5.1269025e-01  -7.5422774e-01   7.8986649e-01  -9.5268248e-01   7.7585777e-01  -7.2541586e-01   5.3026037e-01  -9.4502146e-01   5.1739729e-01  -6.2322499e-01   2.5246396e-01  -6.0575745e-02   7.3172381e-01  -8.0614863e-01
  -2.8596467e-01  -8.7412824e-01   4.0192882e-01  -5.7154006e-01   4.0525068e-01  -5.2057693e-01   6.6994921e-01  -9.7171937e-01   6.6007569e-01  -7.0856191e-01   3.7941354e-01  -7.7318455e-01   4.0635346e-01  -4.6313734e-01   2.7348085e-01   2.2083325e-01   6.0818861e-01  -7.6229761e-01
  -6.0104321e-01  -8.2054780e-01   3.2053274e-01  -2.8520751e-01   3.4452884e-01  -2.0156011e-01   5.5887668e-01  -8.1203571e-01   5.5671609e-01  -5.7393436e-01   2.7104234e-01  -4.6273195e-01   3.3537102e-01  -2.3266508e-01   3.5669618e-01   4.2837072e-01   5.0159052e-01  -5.9277294e-01
  -8.5074738e-01  -5.2693887e-01   2.9687713e-01   3.2781705e-02   3.3939903e-01   1.3718594e-01   4.7633288e-01  -5.1736296e-01   4.8163442e-01  -3.6156543e-01   2.2346788e-01  -8.3418353e-02   3.1410713e-01   2.1266272e-02   4.7854443e-01   5.2636462e-01   4.2851920e-01  -3.3939946e-01
  -9.6638947e-01  -1.0052756e-01   3.3092092e-01   3.2037497e-01   3.8755657e-01   4.3039405e-01   4.3455122e-01  -1.6002669e-01   4.4303116e-01  -1.2396294e-01   2.4146602e-01   2.8309115e-01   3.4217299e-01   2.4899982e-01   6.1024714e-01   5.0800696e-01   3.9763339e-01  -5.8826935e-02
  -9.2366243e-01   3.2544316e-01   4.1202091e-01   5.2710354e-01   4.7691768e-01   6.2609022e-01   4.3643297e-01   1.8187111e-01   4.4084638e-01   8.8517056e-02   3.1634840e-01   5.6404723e-01   4.0999533e-01   4.0976926e-01   7.2410056e-01   3.8719344e-01   4.0871855e-01   1.9238960e-01
  -7.4545966e-01   6.3056549e-01   5.2160767e-01   6.2051904e-01   5.8830440e-01   6.9251907e-01   4.7572418e-01   4.4016611e-01   4.6778294e-01   2.3714706e-01   4.2853452e-01   7.0890684e-01   5.0116721e-01   4.7792210e-01   7.9763112e-01   1.9133765e-01   4.5346640e-01   3.6875659e-01
  -4.9128047e-01   7.3703651e-01   6.3714032e-01   5.9080738e-01   6.9936154e-01   6.2323529e-01   5.3910853e-01   5.6985912e-01   5.1178397e-01   3.0136667e-01   5.5233417e-01   6.9788172e-01   5.9601495e-01   4.4674164e-01   8.1675173e-01  -4.0640927e-02   5.1795064e-01   4.4425113e-01
  -2.3815356e-01   6.2649691e-01   7.3658193e-01   4.5339824e-01   7.8897437e-01   4.3986083e-01   6.0974018e-01   5.5913276e-01   5.5923490e-01   2.8235295e-01   6.6158878e-01   5.4547262e-01   6.7559828e-01   3.3037690e-01   7.7839339e-01  -2.5963020e-01   5.8607256e-01   4.1723285e-01
  -5.8474851e-02   3.4591923e-01   8.0295436e-01   2.4712850e-01   8.4172657e-01   1.8972199e-01   6.7152042e-01   4.3377395e-01   5.9838640e-01   2.0310583e-01   7.3537804e-01   2.9851552e-01   7.2576282e-01   1.6254226e-01   6.9228420e-01  -4.1427171e-01   6.4335858e-01   3.1111083e-01
   3.1638009e-03  -8.2276415e-03   8.2820088e-01   2.3466816e-02   8.5160212e-01  -6.6761274e-02   7.1361084e-01   2.4777903e-01   6.2258250e-01   1.0058885e-01   7.6308740e-01   2.3295107e-02   7.4063626e-01  -1.2440430e-02   5.7971722e-01  -4.6701735e-01   6.8062891e-01   1.6643298e-01
  -5.9832975e-02  -3.2493244e-01   8.1378050e-01  -1.6838356e-01   8.2234507e-01  -2.7341567e-01   7.3235608e-01   6.2890264e-02   6.3117981e-01   1.2665875e-02   7.4565789e-01  -2.1381288e-01   7.2310119e-01  -1.5283882e-01   4.6816968e-01  -4.0687843e-01   6.9531891e-01   2.7022949e-02
  -2.1647683e-01  -5.1391494e-01   7.6919967e-01  -2.9389785e-01   7.6567131e-01  -3.9274765e-01   7.3114375e-01  -7.1270206e-02   6.2882924e-01  -3.4014611e-02   6.9424434e-01  -3.6400239e-01   6.8322002e-01  -2.3105945e-01   3.8404232e-01  -2.5321647e-01   6.9108172e-01  -7.3090554e-02
  -4.1105844e-01  -5.3210038e-01   7.0849275e-01  -3.4002030e-01   6.9740119e-01  -4.1353330e-01   7.1795570e-01  -1.3099846e-01   6.2301228e-01  -3.1232293e-02   6.2607936e-01  -4.0691110e-01   6.3462621e-01  -2.3984630e-01   3.4575553e-01  -4.8859378e-02   6.7551227e-01  -1.1805888e-01
  -5.8253980e-01  -3.9304224e-01   6.4605798e-01  -3.1531146e-01   6.3300691e-01  -3.5033724e-01   7.0184534e-01  -1.2215600e-01   6.2097827e-01   1.0454773e-02   5.5926597e-01  -3.5222754e-01   5.9034786e-01  -1.9172696e-01   3.5942057e-01   1.5340526e-01   6.5710594e-01  -1.1176357e-01
  -6.8366548e-01  -1.5600952e-01   5.9312561e-01  -2.4348184e-01   5.8392963e-01  -2.3531597e-01   6.8967622e-01  -7.2540560e-02   6.2718901e-01   6.8003000e-02   5.0813628e-01  -2.3204794e-01   5.5943524e-01  -1.1211481e-01   4.1829761e-01   3.0583921e-01   6.4253072e-01  -7.2558818e-02
  -6.9344286e-01   9.7979324e-02   5.5581300e-01  -1.5350806e-01   5.5561900e-01  -1.0632106e-01   6.8425282e-01  -1.7904344e-02   6.4205628e-01   1.1520071e-01   4.8041177e-01  -8.8419783e-02   5.4531507e-01  -2.9676580e-02   5.0558379e-01   3.7706548e-01   6.3503083e-01  -2.4577988e-02
  -6.2005738e-01   2.9211666e-01   5.3505643e-01  -7.0564111e-02   5.4755516e-01   3.8975427e-03   6.8423739e-01   1.1615413e-02   6.6215747e-01   1.3106650e-01   4.7661060e-01   3.8853544e-02   5.4605306e-01   3.2073712e-02   5.9924536e-01   3.5699275e-01   6.3422030e-01   1.0548386e-02
  -4.9553938e-01   3.7492238e-01   5.2790181e-01  -1.0114418e-02   5.5472228e-01   7.5012409e-02   6.8543607e-01   9.7995869e-04   6.8153972e-01   1.0562637e-01   4.9124741e-01   1.2162748e-01   5.5596808e-01   6.0276564e-02   6.7741440e-01   2.5663007e-01   6.3694317e-01   1.9695580e-02
  -3.6380443e-01   3.3272320e-01   5.2960018e-01   2.3956958e-02   5.7001203e-01   1.0198683e-01   6.8297950e-01  -4.6035117e-02   6.9374340e-01   4.2353392e-02   5.1542521e-01   1.4876350e-01   5.6807920e-01   5.4706026e-02   7.2324019e-01   1.0388829e-01   6.3889105e-01   1.1279258e-03
  -2.6681160e-01   1.9090553e-01   5.3560885e-01   3.7717520e-02   5.8662643e-01   9.3725302e-02   6.7347024e-01  -1.0923852e-01   6.9383086e-01  -4.2951696e-02   5.3980567e-01   1.2674973e-01   5.7648076e-01   2.6319032e-02   7.2819727e-01  -6.3016565e-02   6.3631839e-01  -3.6021856e-02
  -2.3117855e-01   3.7516487e-03   5.4321622e-01   4.3050129e-02   6.0016758e-01   6.8182172e-02   6.5668761e-01  -1.5995343e-01   6.8013889e-01  -1.2689380e-01   5.5753092e-01   7.5615265e-02   5.7832251e-01  -7.3758829e-03   6.9382731e-01  -2.0457224e-01   6.2757530e-01  -7.5513789e-02
  -2.6187482e-01  -1.6536602e-01   5.5200839e-01   5.2129832e-02   6.0941591e-01   4.5079454e-02   6.3582527e-01  -1.7224061e-01   6.5479783e-01  -1.8587507e-01   5.6572703e-01   2.0653032e-02   5.7433382e-01  -2.8960551e-02   6.3066914e-01  -2.8902654e-01   6.1364736e-01  -1.0023319e-01
  -3.4233812e-01  -2.6444891e-01   5.6350898e-01   7.2624488e-02   6.1610189e-01   3.9036414e-02   6.1658157e-01  -1.3275399e-01   6.2322601e-01  -2.0338771e-01   5.6572176e-01  -1.6382956e-02   5.6823233e-01  -2.7226613e-02   5.5543382e-01  -2.9993574e-01   5.9785318e-01  -9.8269164e-02
  -4.4170983e-01  -2.6835556e-01   5.7999986e-01   1.0463930e-01   6.2360843e-01   5.4805994e-02   6.0521145e-01  -4.6184347e-02   5.9255271e-01  -1.7495467e-01   5.6177671e-01  -2.4123898e-02   5.6502809e-01  -9.1147538e-04   4.8661339e-01  -2.3971665e-01   5.8466898e-01  -6.7057984e-02
  -5.2593004e-01  -1.8430953e-01   6.0301724e-01   1.4038115e-01   6.3517521e-01   8.6142528e-02   6.0629546e-01   6.5697185e-02   5.6956509e-01  -1.0905523e-01   5.5899344e-01  -4.1559377e-03   5.6893541e-01   4.1208989e-02   4.3982646e-01  -1.2810231e-01   5.7816562e-01  -1.4129454e-02
  -5.6857438e-01  -4.6330153e-02   6.3209427e-01   1.6668741e-01   6.5228539e-01   1.1858521e-01   6.2105328e-01   1.7091545e-01   5.5888451e-01  -2.3955949e-02   5.6123638e-01   3.1178131e-02   5.8167681e-01   8.3728462e-02   4.2424932e-01   3.9978782e-03   5.8064077e-01   4.5640564e-02
  -5.5867259e-01   9.7983703e-02   6.6411162e-01   1.6968229e-01   6.7367681e-01   1.3504823e-01   6.4663397e-01   2.3753817e-01   5.6178500e-01   5.8079444e-02   5.6964550e-01   6.4254954e-02   6.0161528e-01   1.1011207e-01   4.4075575e-01   1.2326469e-01   5.9179839e-01   9.5020304e-02
  -5.0241009e-01   2.0321127e-01   6.9370888e-01   1.3993889e-01   6.9549842e-01   1.2214801e-01   6.7681610e-01   2.4353882e-01   5.7613033e-01   1.1712425e-01   5.8236385e-01   7.8764863e-02   6.2416603e-01   1.0823165e-01   4.8252503e-01   2.0232495e-01   6.0885655e-01   1.1979772e-01
  -4.1998715e-01   2.3923559e-01   7.1450750e-01   7.6552451e-02   7.1234678e-01   7.5240394e-02   7.0365647e-01   1.8369102e-01   5.9715151e-01   1.4072988e-01   5.9523667e-01   6.5211307e-02   6.4309746e-01   7.4385809e-02   5.3730495e-01   2.2592469e-01   6.2734242e-01   1.1296177e-01
  -3.3848376e-01   1.9898570e-01   7.2089373e-01  -1.1347382e-02   7.1894247e-01   6.1954445e-04   7.1972514e-01   7.1653046e-02   6.1889728e-01   1.2677771e-01   6.0329763e-01   2.4007101e-02   6.5242086e-01   1.4765776e-02   5.9084954e-01   1.9360451e-01   6.4239401e-01   7.6681225e-02
  -2.8316876e-01   9.9319165e-02   7.0980186e-01  -1.0626143e-01   7.1189223e-01  -8.5755092e-02   7.2028301e-01  -6.3315383e-02   6.3591495e-01   8.3491169e-02   6.0252252e-01  -3.4549012e-02   6.4829427e-01  -5.5981628e-02   6.3056857e-01   1.1866062e-01   6.5016975e-01   2.1652082e-02
  -2.6969825e-01  -2.5967827e-02   6.8189718e-01  -1.8709850e-01   6.9096520e-01  -1.6300886e-01   7.0473967e-01  -1.8497127e-01   6.4471304e-01   2.6244635e-02   5.9131434e-01  -9.3778103e-02   6.3035440e-01  -1.1913382e-01   6.4850157e-01   2.3410917e-02   6.4895987e-01  -3.6354460e-02
  -3.0027885e-01  -1.3743173e-01   6.4166860e-01  -2.3486595e-01   6.5936484e-01  -2.1132659e-01   6.7682315e-01  -2.6028933e-01   6.4446519e-01  -2.7286493e-02   5.7110397e-01  -1.3586700e-01   6.0194302e-01  -1.5727330e-01   6.4268359e-01  -6.7078394e-02   6.3957297e-01  -8.1147417e-02
  -3.6359551e-01  -2.0276942e-01   5.9656197e-01  -2.3803911e-01   6.2310657e-01  -2.1781967e-01   6.4362936e-01  -2.6921949e-01   6.3700859e-01  -6.2518365e-02   5.4611341e-01  -1.4758065e-01   5.6935363e-01  -1.5956471e-01   6.1712066e-01  -1.3164240e-01   6.2506700e-01  -1.0096752e-01
  -4.3949089e-01  -2.0582018e-01   5.5522132e-01  -1.9539156e-01   5.8949755e-01  -1.7987944e-01   6.1360865e-01  -2.0971330e-01   6.2597005e-01  -7.1699310e-02   5.2213960e-01  -1.2407562e-01   5.4011442e-01  -1.2461842e-01   5.8007427e-01  -1.5764589e-01   6.0975331e-01  -9.1513141e-02
  -5.0548980e-01  -1.5001881e-01   5.2552334e-01  -1.1615085e-01   5.6536942e-01  -1.0570558e-01   5.9433511e-01  -9.7735451e-02   6.1555420e-01  -5.5354479e-02   5.0498393e-01  -7.0122921e-02   5.2104434e-01  -6.0686327e-02   5.4164921e-01  -1.4310927e-01   5.9796700e-01  -5.6725432e-02
  -5.4341838e-01  -5.5785035e-02   5.1285021e-01  -1.7569682e-02   5.5547832e-01  -1.2018164e-02   5.9059663e-01   3.7538610e-02   6.0930913e-01  -2.1266771e-02   4.9892524e-01   1.4215566e-03   5.1655538e-01   1.6744723e-02   5.1122214e-01  -9.6035294e-02   5.9290836e-01  -7.2555724e-03
  -5.4481234e-01   4.7089664e-02   5.1884225e-01   7.9524665e-02   5.6131668e-01   8.0474429e-02   6.0311180e-01   1.6215434e-01   6.0909432e-01   1.8506423e-02   5.0550411e-01   7.3387749e-02   5.2747697e-01   8.9342491e-02   4.9509152e-01  -3.1346688e-02   5.9575433e-01   4.2916171e-02
  -5.1192245e-01   1.2876567e-01   5.4135834e-01   1.5544858e-01   5.8103716e-01   1.5204397e-01   6.2868193e-01   2.4588305e-01   6.1482336e-01   5.1346423e-02   5.2332824e-01   1.2880438e-01   5.5112900e-01   1.4046398e-01   4.9554428e-01   3.3440566e-02   6.0556359e-01   8.0307225e-02
  -4.5670356e-01   1.6820619e-01   5.7497369e-01   1.9622946e-01   6.0987842e-01   1.8875187e-01   6.6097620e-01   2.7006487e-01   6.2455243e-01   6.7683983e-02   5.4835362e-01   1.5531709e-01   5.8195026e-01   1.5937525e-01   5.1053237e-01   8.2772201e-02   6.1953882e-01   9.5590227e-02
  -3.9616354e-01   1.5811365e-01   6.1243531e-01   1.9620794e-01   6.4148715e-01   1.8520096e-01   6.9233656e-01   2.3131151e-01   6.3524799e-01   6.3264709e-02   5.7504684e-01   1.4791099e-01   6.1304321e-01   1.4335868e-01   5.3479839e-01   1.0649199e-01   6.3392766e-01   8.5639816e-02
  -3.4733392e-01   1.0588413e-01   6.4626536e-01   1.5883057e-01   6.6937351e-01   1.4532610e-01   7.1562917e-01   1.4171446e-01   6.4367320e-01   3.9938586e-02   5.9770468e-01   1.0982127e-01   6.3778803e-01   9.7992117e-02   5.6141769e-01   1.0173276e-01   6.4500264e-01   5.4018233e-02
  -3.2229515e-01   3.0443368e-02   6.7040954e-01   9.5354055e-02   6.8839940e-01   8.0963030e-02   7.2599988e-01   2.5206281e-02   6.4732930e-01   4.8154303e-03   6.1183457e-01   5.1399092e-02   6.5140787e-01   3.5414164e-02   5.8368404e-01   7.2994147e-02   6.5004531e-01   9.7450803e-03
  -3.2527933e-01  -4.4699849e-02   6.8138667e-01   2.1422833e-02   6.9578961e-01   8.1847597e-03   7.2187544e-01  -8.9561064e-02   6.4509610e-01  -3.2271757e-02   6.1510949e-01  -1.3149886e-02   6.5191972e-01  -2.9291037e-02   5.9673071e-01   3.0029466e-02   6.4796797e-01  -3.5599436e-02
  -3.5209338e-01  -9.8486381e-02   6.7880169e-01  -4.6753417e-02   6.9154696e-01  -5.6727575e-02   7.0516662e-01  -1.7646941e-01   6.3747176e-01  -6.1577130e-02   6.0776128e-01  -6.9410981e-02   6.4040614e-01  -8.1853830e-02   5.9852014e-01  -1.5020942e-02   6.3950661e-01  -7.0954125e-02
  -3.9248499e-01  -1.1856657e-01   6.6500875e-01  -9.6354202e-02   6.7807721e-01  -1.0136234e-01   6.8043436e-01  -2.1855618e-01   6.2628656e-01  -7.6249299e-02   5.9222987e-01  -1.0647852e-01   6.2039950e-01  -1.1236681e-01   5.8996320e-01  -5.1152455e-02   6.2685348e-01  -8.8738479e-02
  -4.3366410e-01  -1.0347967e-01   6.4426430e-01  -1.2015156e-01   6.5936573e-01  -1.1932958e-01   6.5360564e-01  -2.1083311e-01   6.1413414e-01  -7.3669957e-02   5.7238635e-01  -1.1888866e-01   5.9684328e-01  -1.1692361e-01   5.7431370e-01  -7.0840191e-02   6.1301231e-01  -8.6222007e-02
  -4.6418850e-01  -6.2045311e-02   6.2159031e-01  -1.1741637e-01   6.3991133e-01  -1.1100642e-01   6.3048231e-01  -1.6039238e-01   6.0367062e-01  -5.5743670e-02   5.5253304e-01  -1.0726459e-01   5.7484352e-01  -9.7896873e-02   5.5613107e-01  -7.1466626e-02   6.0102116e-01  -6.5756977e-02
