   1.2602083e-01   2.7476213e-01   1.8854126e-01   4.3824411e-01   1.8550962e-02   2.1587055e-01   2.8946691e-02   7.9349653e-01   6.8648258e-02   4.6062378e-01   1.1706866e-01   6.4208937e-01   4.3970171e-02   8.3554357e-02   1.6889284e-01   3.3399691e-01   6.6544878e-02   3.2384238e-01
   9.3636969e-02  -4.4102559e-01   2.9420878e-01   8.0119451e-01   1.0290982e-01   6.2915019e-01   2.0033229e-01   9.7591891e-01   1.6385814e-01   7.4228559e-01   2.3434521e-01   8.9253241e-01   9.3228462e-02   4.5680693e-01   2.7783998e-01   7.7262659e-01   1.4819745e-01   6.7190535e-01
  -1.4899417e-01  -9.1409675e-01   4.4605176e-01   9.8853850e-01   2.5419237e-01   8.9687046e-01   3.9075171e-01   1.0000000e+00   2.9498161e-01   9.2100311e-01   3.7809432e-01   1.0000000e+00   2.0298167e-01   7.5311080e-01   4.5141233e-01   1.0000000e+00   2.7614236e-01   8.9782105e-01
  -4.8982225e-01  -1.0000000e+00   6.1423033e-01   1.0000000e+00   4.4163846e-01   1.0000000e+00   5.7429629e-01   9.1209150e-01   4.4615403e-01   1.0000000e+00   5.2946955e-01   9.9999886e-01   3.5647500e-01   9.4087648e-01   6.4627445e-01   9.9669743e-01   4.3040358e-01   1.0000000e+00
  -7.9279300e-01  -7.0946079e-01   7.7158978e-01   8.6541940e-01   6.3388391e-01   9.5012244e-01   7.3415515e-01   7.5811967e-01   6.0216465e-01   9.8367960e-01   6.7470947e-01   9.2214043e-01   5.3227664e-01   1.0000000e+00   8.2097135e-01   7.9938109e-01   5.9174993e-01   9.8811354e-01
  -9.5113384e-01  -1.9049848e-01   8.9712995e-01   6.2503174e-01   8.0381488e-01   7.7627338e-01   8.6101760e-01   5.6927392e-01   7.4845755e-01   8.7623225e-01   8.0343470e-01   7.8129506e-01   7.0657176e-01   9.2418356e-01   9.4459758e-01   4.7602578e-01   7.4296068e-01   8.7640463e-01
  -9.2016471e-01   3.6160362e-01   9.7627125e-01   3.1465511e-01   9.3040259e-01   5.1030297e-01   9.4978867e-01   3.5981533e-01   8.7128127e-01   6.8456367e-01   9.0648214e-01   5.8060159e-01   8.5571487e-01   7.2160859e-01   1.0000000e+00   9.8654191e-02   8.6917009e-01   6.7989465e-01
  -7.1875220e-01   7.7421426e-01   1.0000000e+00  -3.3734491e-02   9.9866410e-01   1.8286755e-01   9.9707517e-01   1.3374023e-01   9.5838214e-01   4.2094199e-01   9.7488307e-01   3.1989894e-01   9.5874979e-01   4.1416428e-01   9.8318510e-01  -2.6678191e-01   9.5800643e-01   4.1454729e-01
  -4.1774538e-01   9.2750163e-01   9.6503057e-01  -3.8138694e-01   1.0000000e+00  -1.6965342e-01   1.0000000e+00  -1.0412865e-01   1.0000000e+00   1.0621023e-01   1.0000000e+00   7.4065971e-03   1.0000000e+00   3.9356909e-02   9.0240896e-01  -5.5916515e-01   1.0000000e+00   1.0204141e-01
  -1.1639009e-01   7.7541202e-01   8.7563747e-01  -6.7673978e-01   9.3407242e-01  -4.9855183e-01   9.5766470e-01  -3.3737229e-01   9.9058612e-01  -2.2647058e-01   9.7589023e-01  -3.2885317e-01   9.7207879e-01  -3.4800363e-01   7.7699515e-01  -7.2479170e-01   9.9007345e-01  -2.2439850e-01
   8.5712715e-02   3.6746372e-01   7.4526672e-01  -8.6362981e-01   8.1098849e-01  -7.4663343e-01   8.7368221e-01  -5.3503824e-01   9.3077886e-01  -5.3074109e-01   9.0252640e-01  -6.3790281e-01   8.7870285e-01  -6.7926447e-01   6.3486354e-01  -7.3084177e-01   9.2951875e-01  -5.1870165e-01
   1.2246987e-01  -1.5840386e-01   5.9585907e-01  -9.0042435e-01   6.5166266e-01  -8.6406897e-01   7.5842482e-01  -6.5969619e-01   8.2910404e-01  -7.5468597e-01   7.8871780e-01  -8.5693341e-01   7.3619293e-01  -8.8680493e-01   5.0696095e-01  -5.8038663e-01   8.2764068e-01  -7.3015819e-01
  -1.6812602e-02  -6.2869140e-01   4.5383805e-01  -7.7613649e-01   4.8446540e-01  -8.2593251e-01   6.2879420e-01  -6.8254825e-01   7.0162470e-01  -8.5599682e-01   6.5220670e-01  -9.3334851e-01   5.7124025e-01  -9.2512981e-01   4.1988316e-01  -3.1408621e-01   7.0123510e-01  -8.1861348e-01
  -2.8608576e-01  -8.9501283e-01   3.4457731e-01  -5.1426356e-01   3.3945469e-01  -6.4046836e-01   5.0539652e-01  -5.9484994e-01   5.6933518e-01  -8.1557390e-01   5.1664066e-01  -8.4350837e-01   4.1549944e-01  -7.8605255e-01   3.8975365e-01   1.7645294e-03   5.7181260e-01  -7.6725044e-01
  -5.9984239e-01  -8.8227198e-01   2.8699269e-01  -1.6704439e-01   2.4189672e-01  -3.4752348e-01   4.0811371e-01  -4.1313709e-01   4.5384801e-01  -6.4506101e-01   4.0632265e-01  -6.0299938e-01   2.9830949e-01  -5.0323169e-01   4.1902820e-01   2.9426366e-01   4.6120109e-01  -5.8931920e-01
  -8.6246962e-01  -6.0918901e-01   2.8979558e-01   1.9744517e-01   2.0706251e-01  -8.1157320e-03   3.5151012e-01  -1.7589360e-01   3.7269882e-01  -3.8444991e-01   3.4042719e-01  -2.6363056e-01   2.3987612e-01  -1.4337860e-01   4.9711942e-01   5.0273407e-01   3.8683390e-01  -3.2563049e-01
  -1.0000000e+00  -1.7469704e-01   3.5007098e-01   5.1173544e-01   2.3745107e-01   3.1166789e-01   3.4148413e-01   6.7647128e-02   3.3559929e-01  -9.0261853e-02   3.2842529e-01   1.0201963e-01   2.4676162e-01   2.1328611e-01   6.0399894e-01   5.9096169e-01   3.5799213e-01  -3.3044970e-02
  -9.7969557e-01   2.8522889e-01   4.5471695e-01   7.2161175e-01   3.2351255e-01   5.5498360e-01   3.7470050e-01   2.7078507e-01   3.4324950e-01   1.7974033e-01   3.6869804e-01   4.2047456e-01   3.1170078e-01   4.9400088e-01   7.1522525e-01   5.4816891e-01   3.7462977e-01   2.3053311e-01
  -8.1614992e-01   6.3900325e-01   5.8311757e-01   7.9292867e-01   4.4615840e-01   6.8257706e-01   4.3983111e-01   3.9808836e-01   3.8794584e-01   3.7790516e-01   4.4937293e-01   6.3157796e-01   4.1606659e-01   6.4753869e-01   8.0647243e-01   3.8665254e-01   4.2803969e-01   4.1764637e-01
  -5.6331714e-01   7.9413340e-01   7.1105419e-01   7.1684047e-01   5.8085710e-01   6.7800378e-01   5.2039972e-01   4.3149155e-01   4.5592265e-01   4.7507304e-01   5.5127122e-01   6.9951437e-01   5.3471713e-01   6.5266369e-01   8.5798876e-01   1.4095408e-01   5.0334223e-01   4.9989044e-01
  -2.9681346e-01   7.1818172e-01   8.1521822e-01   5.1339146e-01   7.0235777e-01   5.5051911e-01   5.9847785e-01   3.7406208e-01   5.3067430e-01   4.6561726e-01   6.5218615e-01   6.2036887e-01   6.4166187e-01   5.2110763e-01   8.5864047e-01  -1.3386149e-01   5.8300096e-01   4.7295733e-01
  -9.2146795e-02   4.4757405e-01   8.7789652e-01   2.3020244e-01   7.8958690e-01   3.3447196e-01   6.5870854e-01   2.5047013e-01   5.9668418e-01   3.6884907e-01   7.3181305e-01   4.2485593e-01   7.1570660e-01   2.9543078e-01   8.0909788e-01  -3.7108129e-01   6.5073679e-01   3.5769858e-01
  -9.3707764e-04   7.5518423e-02   8.9111328e-01  -6.9006476e-02   8.3022515e-01   8.1019802e-02   6.9219369e-01   1.0006747e-01   6.4321964e-01   2.2293985e-01   7.7684894e-01   1.7017811e-01   7.4552209e-01   3.7631950e-02   7.2261108e-01  -5.1158428e-01   6.9543916e-01   1.9368842e-01
  -3.8522743e-02  -2.8205209e-01   8.5747721e-01  -3.2185258e-01   8.2226943e-01  -1.5562611e-01   6.9779020e-01  -3.5700729e-02   6.6603822e-01   7.2308351e-02   7.8329592e-01  -7.7911101e-02   7.3110108e-01  -1.8853725e-01   6.2138960e-01  -5.2209850e-01   7.1289414e-01   2.6505122e-02
  -1.8138070e-01  -5.2316761e-01   7.8886242e-01  -4.8280183e-01   7.7356150e-01  -3.3144636e-01   6.8154792e-01  -1.2529582e-01   6.6752069e-01  -4.5421984e-02   7.5658446e-01  -2.6369130e-01   6.8282063e-01  -3.3443585e-01   5.3069817e-01  -4.0519087e-01   7.0589404e-01  -1.0509616e-01
  -3.7798474e-01  -5.8998856e-01   7.0261979e-01  -5.3239035e-01   6.9871987e-01  -4.2170635e-01   6.5389194e-01  -1.5495580e-01   6.5471204e-01  -1.0898647e-01   7.0882016e-01  -3.5535236e-01   6.1750074e-01  -3.7765630e-01   4.7199459e-01  -1.9659069e-01   6.8223575e-01  -1.7851177e-01
  -5.6682681e-01  -4.8258458e-01   6.1698764e-01  -4.7881228e-01   6.1498124e-01  -4.2407467e-01   6.2596210e-01  -1.3053924e-01   6.3642423e-01  -1.1686479e-01   6.5468500e-01  -3.5028659e-01   5.5332616e-01  -3.2486168e-01   4.5758179e-01   4.6809160e-02   6.5177071e-01  -1.9069951e-01
  -6.9559632e-01  -2.5226265e-01   5.4694882e-01  -3.5164597e-01   5.3811508e-01  -3.5511757e-01   6.0626369e-01  -7.2855655e-02   6.2036682e-01  -8.3868884e-02   6.0730846e-01  -2.7061711e-01   5.0510670e-01  -2.0581553e-01   4.8822031e-01   2.6380002e-01   6.2345059e-01  -1.5511799e-01
  -7.3544019e-01   1.9752634e-02   5.0151924e-01  -1.9088940e-01   4.7944242e-01  -2.4255836e-01   5.9858430e-01  -9.0638824e-03   6.1114696e-01  -3.3594939e-02   5.7529600e-01  -1.5253595e-01   4.8108318e-01  -6.2096894e-02   5.5378820e-01   4.0463563e-01   6.0320351e-01  -9.4637275e-02
  -6.8679535e-01   2.5016977e-01   4.8297178e-01  -3.5093718e-02   4.4449242e-01  -1.1627205e-01   6.0165853e-01   3.6738699e-02   6.0954677e-01   1.0294494e-02   5.6150820e-01  -3.3747783e-02   4.8191103e-01   6.5730062e-02   6.3664319e-01   4.4181253e-01   5.9305622e-01  -3.3163700e-02
  -5.7547481e-01   3.7681812e-01   4.8790777e-01   8.6934893e-02   4.3336832e-01  -1.5428104e-03   6.1049518e-01   5.0032835e-02   6.1311957e-01   3.0640774e-02   5.6368601e-01   5.6112475e-02   5.0186793e-01   1.4784245e-01   7.1633653e-01   3.7344617e-01   5.9157971e-01   1.0789607e-02
  -4.4271561e-01   3.7411927e-01   5.0926974e-01   1.6066062e-01   4.4204895e-01   8.5125091e-02   6.1853164e-01   2.9163869e-02   6.1752512e-01   2.0845464e-02   5.7612144e-01   1.0155904e-01   5.3132235e-01   1.7114555e-01   7.7442764e-01   2.2182806e-01   5.9508451e-01   2.8145462e-02
  -3.3138854e-01   2.5767807e-01   5.3883561e-01   1.8636262e-01   4.6430340e-01   1.3754042e-01   6.2011057e-01  -1.5178821e-02   6.1830658e-01  -1.4163256e-02   5.9199622e-01   1.0315930e-01   5.5993934e-01   1.4060609e-01   7.9861526e-01   2.7290200e-02   5.9928094e-01   2.0397559e-02
  -2.7307866e-01   7.6384151e-02   5.6943994e-01   1.7605883e-01   4.9360296e-01   1.5875655e-01   6.1244678e-01  -6.4181326e-02   6.1251293e-01  -6.0377993e-02   6.0560748e-01   7.4825971e-02   5.7961715e-01   7.5720417e-02   7.8525756e-01  -1.6153950e-01   6.0083215e-01  -2.3826339e-03
  -2.7903433e-01  -1.0590987e-01   5.9656547e-01   1.4763746e-01   5.2471251e-01   1.5778981e-01   5.9662604e-01  -9.7869138e-02   5.9979295e-01  -1.0011270e-01   6.1400198e-01   3.7108819e-02   5.8657792e-01   2.9344551e-03   7.3992928e-01  -3.0000252e-01   5.9845561e-01  -2.6156849e-02
  -3.3931741e-01  -2.3166187e-01   6.1866640e-01   1.1833661e-01   5.5434584e-01   1.4529886e-01   5.7705367e-01  -1.0194458e-01   5.8240209e-01  -1.1820868e-01   6.1726230e-01   9.1851743e-03   5.8168657e-01  -5.3094138e-02   6.7545821e-01  -3.5795145e-01   5.9305015e-01  -3.8308426e-02
  -4.2782728e-01  -2.6710893e-01   6.3663609e-01   9.9251763e-02   5.8113033e-01   1.2956338e-01   5.5992498e-01  -7.2569799e-02   5.6443205e-01  -1.0706205e-01   6.1782858e-01   2.2097175e-03   5.6951304e-01  -7.6816383e-02   6.0846323e-01  -3.2688598e-01   5.8713032e-01  -3.2058397e-02
  -5.1230037e-01  -2.1047738e-01   6.5248192e-01   9.2476168e-02   6.0484902e-01   1.1394257e-01   5.5105214e-01  -1.7395787e-02   5.5040829e-01  -6.8751961e-02   6.1899199e-01   1.6254522e-02   5.5628704e-01  -6.5437033e-02   5.5498167e-01  -2.2092404e-01   5.8367589e-01  -8.4600545e-03
  -5.6501908e-01  -8.9061106e-02   6.6783605e-01   9.1664978e-02   6.2542964e-01   9.6648736e-02   5.5390592e-01   4.7245164e-02   5.4384690e-01  -1.3798790e-02   6.2328988e-01   4.1617504e-02   5.4764119e-01  -2.8107033e-02   5.2657131e-01  -7.1693261e-02   5.8491989e-01   2.4531651e-02
  -5.7118662e-01   5.2473821e-02   6.8278582e-01   8.5700824e-02   6.4208676e-01   7.2797260e-02   5.6841734e-01   1.0183857e-01   5.4618221e-01   4.2649772e-02   6.3132848e-01   6.3547626e-02   5.4678103e-01   1.8488255e-02   5.2774010e-01   8.1168041e-02   5.9145177e-01   5.5303279e-02
  -5.3203120e-01   1.6747640e-01   6.9554422e-01   6.3928168e-02   6.5306308e-01   3.7764733e-02   5.9100383e-01   1.2975761e-01   5.5645092e-01   8.5618492e-02   6.4151335e-01   6.8261120e-02   5.5372724e-01   5.6246731e-02   5.5551767e-01   2.0051715e-01   6.0199118e-01   7.2752085e-02
  -4.6312194e-01   2.2140898e-01   7.0293193e-01   2.1064409e-02   6.5599524e-01  -9.5494183e-03   6.1559619e-01   1.2224429e-01   5.7165093e-01   1.0463759e-01   6.5058708e-01   4.8197233e-02   5.6556826e-01   7.1473884e-02   6.0078677e-01   2.6071111e-01   6.1376695e-01   7.0020737e-02
  -3.8841428e-01   2.0109100e-01   7.0154727e-01  -4.0002514e-02   6.4880961e-01  -6.4907925e-02   6.3542146e-01   8.0913083e-02   5.8768748e-01   9.6493678e-02   6.5482105e-01   4.9335272e-03   5.7764758e-01   5.8844394e-02   6.5106526e-01   2.5287620e-01   6.2340537e-01   4.6713636e-02
  -3.3221852e-01   1.1740119e-01   6.8916892e-01  -1.0835426e-01   6.3077588e-01  -1.1904380e-01   6.4500030e-01   1.7309311e-02   6.0059005e-01   6.5865711e-02   6.5142851e-01  -5.0926610e-02   5.8522481e-01   2.2683835e-02   6.9389287e-01   1.8577008e-01   6.2802043e-01   9.1002465e-03
  -3.1159945e-01   7.4698639e-05   6.6585872e-01  -1.6827549e-01   6.0326676e-01  -1.6018577e-01   6.4173419e-01  -5.0685752e-02   6.0762773e-01   2.3436490e-02   6.3969568e-01  -1.0319446e-01   5.8507580e-01  -2.5012214e-02   7.1989580e-01   8.1793007e-02   6.2614502e-01  -3.1965220e-02
  -3.3163177e-01  -1.1269214e-01   6.3437025e-01  -2.0402293e-01   5.6990475e-01  -1.7761296e-01   6.2661679e-01  -1.0413964e-01   6.0797965e-01  -1.7613702e-02   6.2143455e-01  -1.3533211e-01   5.7650668e-01  -6.8719079e-02   7.2474988e-01  -2.9933341e-02   6.1819974e-01  -6.4457101e-02
  -3.8458615e-01  -1.8673149e-01   5.9974606e-01  -2.0465550e-01   5.3601478e-01  -1.6508483e-01   6.0390669e-01  -1.2859874e-01   6.0281072e-01  -4.5712702e-02   6.0062348e-01  -1.3589739e-01   5.6154534e-01  -9.4439222e-02   7.0971801e-01  -1.2160201e-01   6.0638189e-01  -7.8923504e-02
  -4.5320811e-01  -2.0211037e-01   5.6820799e-01  -1.6733351e-01   5.0751418e-01  -1.2295145e-01   5.7985648e-01  -1.1803357e-01   5.9474299e-01  -5.4176589e-02   5.8232835e-01  -1.0224230e-01   5.4426108e-01  -9.3933937e-02   6.8070721e-01  -1.7348343e-01   5.9400480e-01  -7.1269499e-02
  -5.1667741e-01  -1.5801346e-01   5.4568308e-01  -9.8238076e-02   4.8956653e-01  -5.8372380e-02   5.6092566e-01  -7.6130224e-02   5.8694172e-01  -4.2713655e-02   5.7126890e-01  -4.1360616e-02   5.2949194e-01  -6.6897323e-02   6.4627637e-01  -1.7783103e-01   5.8452049e-01  -4.3774244e-02
  -5.5689802e-01  -7.1189025e-02   5.3644310e-01  -1.1003296e-02   4.8542842e-01   1.6307933e-02   5.5209147e-01  -1.4742529e-02   5.8216535e-01  -1.6851384e-02   5.7053971e-01   3.2199268e-02   5.2146138e-01  -2.0564241e-02   6.1531239e-01  -1.3919781e-01   5.8057636e-01  -4.1521378e-03
  -5.6390610e-01   3.0207050e-02   5.4203723e-01   7.6557685e-02   4.9562748e-01   8.6387941e-02   5.5550446e-01   4.9589413e-02   5.8195143e-01   1.4076278e-02   5.8067864e-01   1.0033646e-01   5.2254108e-01   3.2554367e-02   5.9476449e-01  -7.2082508e-02   5.8325764e-01   3.6732152e-02
  -5.3790576e-01   1.1626890e-01   5.6102460e-01   1.4687666e-01   5.1790343e-01   1.3828520e-01   5.7012244e-01   1.0038091e-01   5.8629827e-01   4.0031262e-02   5.9957965e-01   1.4644393e-01   5.3269334e-01   7.8538196e-02   5.8826173e-01   4.0273401e-03   5.9187856e-01   6.8064418e-02
  -4.8843292e-01   1.6382575e-01   5.8933140e-01   1.8654156e-01   5.4770218e-01   1.6246795e-01   5.9210042e-01   1.2529442e-01   5.9376670e-01   5.3034951e-02   6.2301931e-01   1.5953800e-01   5.4953918e-01   1.0570601e-01   5.9563278e-01   6.9731025e-02   6.0420815e-01   8.1852371e-02
  -4.3092057e-01   1.6260445e-01   6.2120166e-01   1.8923614e-01   5.7917731e-01   1.5549885e-01   6.1587830e-01   1.1909042e-01   6.0197351e-01   4.9276479e-02   6.4572207e-01   1.3697451e-01   5.6903543e-01   1.0760291e-01   6.1337431e-01   1.1038552e-01   6.1709449e-01   7.4925916e-02
  -3.8175311e-01   1.1727075e-01   6.5051600e-01   1.5693535e-01   6.0647171e-01   1.2064805e-01   6.3567402e-01   8.4647966e-02   6.0833203e-01   2.9980083e-02   6.6269271e-01   8.4973610e-02   5.8657578e-01   8.4501846e-02   6.3589253e-01   1.1922437e-01   6.2731977e-01   4.9608796e-02
  -3.5344922e-01   4.4635129e-02   6.7213073e-01   9.8909251e-02   6.2495001e-01   6.6789594e-02   6.4695187e-01   3.1674317e-02   6.1080952e-01   7.1253273e-04   6.7043341e-01   1.6631994e-02   5.9819181e-01   4.2903990e-02   6.5714391e-01   9.8069711e-02   6.3243513e-01   1.2790598e-02
  -3.5155068e-01  -3.2248303e-02   6.8286460e-01   2.9118177e-02   6.3205382e-01   6.1027918e-03   6.4743457e-01  -2.6175156e-02   6.0845735e-01  -3.0421982e-02   6.6769443e-01  -5.1667646e-02   6.0147487e-01  -6.5106348e-03   6.7213018e-01   5.5874314e-02   6.3132437e-01  -2.6095422e-02
  -3.7358814e-01  -9.1513730e-02   6.8202814e-01  -3.7413894e-02   6.2769556e-01  -4.8944072e-02   6.3754616e-01  -7.5096670e-02   6.0164343e-01  -5.5235656e-02   6.5567779e-01  -1.0466488e-01   5.9609733e-01  -5.1940694e-02   6.7803852e-01   5.6193308e-03   6.2443054e-01  -5.7713508e-02
  -4.1076138e-01  -1.1875748e-01   6.7126667e-01  -8.8128880e-02   6.1400189e-01  -8.8394592e-02   6.2005841e-01  -1.0461632e-01   5.9186253e-01  -6.7710325e-02   6.3754000e-01  -1.3194808e-01   5.8370236e-01  -8.3541609e-02   6.7461552e-01  -3.9509563e-02   6.1351876e-01  -7.5205864e-02
  -4.5110498e-01  -1.1026102e-01   6.5393476e-01  -1.1536866e-01   5.9463584e-01  -1.0664072e-01   5.9923713e-01  -1.0976010e-01   5.8128431e-01  -6.5356388e-02   6.1750094e-01  -1.2998331e-01   5.6735058e-01  -9.5564953e-02   6.6388182e-01  -6.9333115e-02   6.0115488e-01  -7.5628345e-02
  -4.8322876e-01  -7.2983618e-02   6.3417994e-01  -1.1745291e-01   5.7387099e-01  -1.0312594e-01   5.7971634e-01  -9.1720235e-02   5.7216776e-01  -4.9552201e-02   5.9977850e-01  -1.0231240e-01   5.5069283e-01  -8.7316824e-02   6.4935377e-01  -7.8794851e-02   5.9003720e-01  -6.0315802e-02
