   2.1375144e-02   4.5194649e-01   1.3293879e-01   1.4543905e-01   1.5707541e-01   4.9982833e-01   5.3984155e-02   3.9273665e-01   8.0120272e-02   3.8875819e-01   8.3140947e-02   3.8078116e-01   9.7647385e-02   1.6096150e-02   1.0110362e-01   7.1330296e-01   5.4729735e-02   2.3194784e-01
   4.7016002e-02  -2.8462540e-01   2.0250758e-01   6.0730622e-01   2.7893814e-01   8.4521541e-01   1.4324444e-01   7.3279050e-01   1.6800225e-01   7.2484262e-01   1.7579627e-01   7.4778164e-01   1.3485150e-01   4.2517882e-01   3.0894456e-01   9.7888982e-01   1.2493545e-01   6.2021178e-01
  -1.4552792e-01  -8.2495947e-01   3.4000095e-01   8.9801853e-01   4.4521470e-01   1.0000000e+00   2.7375809e-01   9.2738250e-01   2.9719345e-01   9.2414080e-01   3.1344422e-01   9.4557322e-01   2.3094558e-01   7.3425129e-01   5.5111779e-01   1.0000000e+00   2.4718316e-01   8.7678447e-01
  -4.5964178e-01  -1.0000000e+00   5.1258059e-01   1.0000000e+00   6.2267491e-01   9.7646110e-01   4.2462951e-01   1.0000000e+00   4.4741832e-01   1.0000000e+00   4.7083195e-01   1.0000000e+00   3.6818605e-01   9.2782708e-01   7.7179719e-01   8.0967195e-01   3.9981820e-01   9.9909072e-01
  -7.6607289e-01  -7.8831993e-01   6.8781937e-01   9.3352503e-01   7.8307262e-01   8.1557204e-01   5.7910214e-01   9.7799662e-01   6.0110571e-01   9.7230396e-01   6.2776616e-01   9.4556253e-01   5.2713930e-01   1.0000000e+00   9.2880122e-01   4.8378388e-01   5.6212285e-01   1.0000000e+00
  -9.5327162e-01  -3.1106475e-01   8.3903803e-01   7.3883163e-01   9.0640235e-01   5.6559898e-01   7.2411164e-01   8.7989597e-01   7.4370509e-01   8.5926923e-01   7.6925447e-01   8.1078359e-01   6.8794668e-01   9.5098862e-01   1.0000000e+00   1.0814374e-01   7.1609670e-01   8.9883570e-01
  -9.6398663e-01   2.4384921e-01   9.4710577e-01   4.5777986e-01   9.8061327e-01   2.6689917e-01   8.4852036e-01   7.1307406e-01   8.6321759e-01   6.7615749e-01   8.8401318e-01   6.1402777e-01   8.3125219e-01   7.8724195e-01   9.8258673e-01  -2.4421927e-01   8.4690517e-01   7.1520878e-01
  -8.0296679e-01   6.9555213e-01   1.0000000e+00   1.2848394e-01   1.0000000e+00  -4.8253006e-02   9.4192876e-01   4.8071693e-01   9.4996882e-01   4.3811024e-01   9.6319050e-01   3.6807846e-01   9.3945205e-01   5.2416065e-01   8.8926855e-01  -5.1612766e-01   9.4282057e-01   4.6826814e-01
  -5.2886758e-01   9.0797255e-01   9.9257914e-01  -2.0910829e-01   9.6443752e-01  -3.4759626e-01   9.9473933e-01   1.9236647e-01   9.9681734e-01   1.6362359e-01   1.0000000e+00   8.7778717e-02   9.9843645e-01   1.9005740e-01   7.4481824e-01  -6.6451851e-01   9.9534172e-01   1.7986324e-01
  -2.3425391e-01   8.1656307e-01   9.2746686e-01  -5.0789371e-01   8.8001533e-01  -5.9308713e-01   1.0000000e+00  -1.2637520e-01   1.0000000e+00  -1.2157108e-01   9.9076323e-01  -2.0193762e-01   1.0000000e+00  -1.7070449e-01   5.8226362e-01  -6.6553072e-01   1.0000000e+00  -1.2113499e-01
  -1.7179539e-02   4.5433006e-01   8.1609058e-01  -7.1839863e-01   7.5983538e-01  -7.4513822e-01   9.5622840e-01  -4.3134666e-01   9.6044431e-01  -3.8286455e-01   9.3686725e-01  -4.6310125e-01   9.4443779e-01  -4.9976611e-01   4.3685377e-01  -5.2533545e-01   9.5767994e-01  -3.9748638e-01
   5.0961620e-02  -5.4188114e-02   6.7792817e-01  -8.0268301e-01   6.2324871e-01  -7.7515181e-01   8.6966218e-01  -6.6931149e-01   8.8483467e-01  -5.8160241e-01   8.4639844e-01  -6.5172643e-01   8.4195088e-01  -7.3633432e-01   3.3837176e-01  -2.8341736e-01   8.7559910e-01  -6.0893529e-01
  -5.0417452e-02  -5.3834097e-01   5.3722060e-01  -7.4688323e-01   4.9282496e-01  -6.7661355e-01   7.5448262e-01  -7.9403325e-01   7.8551858e-01  -6.8516918e-01   7.3410082e-01  -7.3108962e-01   7.1173283e-01  -8.3396064e-01   3.0401495e-01  -2.1489291e-03   7.6706210e-01  -7.2188988e-01
  -2.8630029e-01  -8.4316858e-01   4.1818022e-01  -5.6501418e-01   3.9003692e-01  -4.6820148e-01   6.3051127e-01  -7.8088822e-01   6.7872728e-01  -6.7734152e-01   6.1913778e-01  -6.8432626e-01   5.7837334e-01  -7.7462971e-01   3.3511239e-01   2.5175385e-01   6.4958723e-01  -7.1881539e-01
  -5.8018875e-01  -8.8007362e-01   3.4026971e-01  -2.9503708e-01   3.3107994e-01  -1.8970981e-01   5.1911947e-01  -6.3522203e-01   5.8149135e-01  -5.6451160e-01   5.2125426e-01  -5.2159634e-01   4.6657688e-01  -5.7523242e-01   4.1835513e-01   4.2562419e-01   5.4178749e-01  -6.0421323e-01
  -8.4090645e-01  -6.5245000e-01   3.1469300e-01   1.0172246e-02   3.2388577e-01   1.0682546e-01   4.3852464e-01  -3.9207266e-01   5.0812481e-01  -3.7512291e-01   4.5644585e-01  -2.7917990e-01   3.9565947e-01  -2.8413263e-01   5.3074330e-01   4.9272979e-01   4.5974118e-01  -4.0507129e-01
  -9.9352420e-01  -2.4738900e-01   3.4268619e-01   2.9502886e-01   3.6687889e-01   3.6885279e-01   3.9970050e-01  -1.0629501e-01   4.6724363e-01  -1.5172397e-01   4.3333089e-01  -9.6967253e-03   3.7522622e-01   3.2271321e-02   6.4624271e-01   4.5331150e-01   4.1369671e-01  -1.6429760e-01
  -1.0000000e+00   2.0440870e-01   4.1620131e-01   5.1184715e-01   4.4996635e-01   5.5322090e-01   4.0466306e-01   1.6268472e-01   4.6062333e-01   6.0665359e-02   4.5184810e-01   2.3214880e-01   4.0391436e-01   3.0727755e-01   7.4121380e-01   3.2574746e-01   4.0653988e-01   7.0395173e-02
  -8.6735128e-01   5.7054160e-01   5.1981319e-01   6.2748404e-01   5.5663748e-01   6.3210495e-01   4.4663111e-01   3.6357356e-01   4.8345903e-01   2.2394613e-01   5.0372905e-01   4.0094058e-01   4.7035766e-01   4.8807485e-01   7.9778342e-01   1.3887512e-01   4.3373525e-01   2.5664542e-01
  -6.4161317e-01   7.5373308e-01   6.3387006e-01   6.2790351e-01   6.6715944e-01   5.9687960e-01   5.1220420e-01   4.6349072e-01   5.2608690e-01   3.1407996e-01   5.7481523e-01   4.6939861e-01   5.5648321e-01   5.4602157e-01   8.0598176e-01  -7.1000600e-02   4.8496326e-01   3.6586459e-01
  -3.9194916e-01   7.1299465e-01   7.3810517e-01   5.2074063e-01   7.6210783e-01   4.6006306e-01   5.8473856e-01   4.5404279e-01   5.7648701e-01   3.2498605e-01   6.4840187e-01   4.3348991e-01   6.4186153e-01   4.8129535e-01   7.6528407e-01  -2.6127935e-01   5.4677140e-01   3.8814219e-01
  -1.9039585e-01   4.7495330e-01   8.1554096e-01   3.3527037e-01   8.2609594e-01   2.5476847e-01   6.4833229e-01   3.5393746e-01   6.2316711e-01   2.7007500e-01   7.0911170e-01   3.1446538e-01   7.0844683e-01   3.2331865e-01   6.8562301e-01  -3.8916188e-01   6.0573698e-01   3.3433034e-01
  -8.9272828e-02   1.2428455e-01   8.5601842e-01   1.1521374e-01   8.5104511e-01   2.7158696e-02   6.9187780e-01   2.0281096e-01   6.5805460e-01   1.7761385e-01   7.4676295e-01   1.5262534e-01   7.4500337e-01   1.2205513e-01   5.8600459e-01  -4.2427386e-01   6.5171064e-01   2.3179088e-01
  -1.0790494e-01  -2.2686565e-01   8.5748794e-01  -9.3208953e-02   8.3720061e-01  -1.7570354e-01   7.1105796e-01   4.7735049e-02   6.7788676e-01   8.0950588e-02   7.5816798e-01  -5.7791493e-03   7.4894587e-01  -6.7343575e-02   4.9008927e-01  -3.5931701e-01   6.7954867e-01   1.1479123e-01
  -2.2843085e-01  -4.7538867e-01   8.2557971e-01  -2.5303472e-01   7.9240470e-01  -3.1778279e-01   7.0856477e-01  -7.1364986e-02   6.8431651e-01   7.8492487e-03   7.4715005e-01  -1.2263271e-01   7.2611210e-01  -2.0045239e-01   4.2009973e-01  -2.1355347e-01   6.8952120e-01   1.3911614e-02
  -4.0506394e-01  -5.5925615e-01   7.7105873e-01  -3.4419376e-01   7.2926205e-01  -3.8164562e-01   6.9194987e-01  -1.3250947e-01   6.8229632e-01  -2.7283089e-02   7.2222157e-01  -1.7810409e-01   6.8785621e-01  -2.5474312e-01   3.9097302e-01  -2.6243312e-02   6.8592284e-01  -5.2018692e-02
  -5.8058154e-01  -4.7228672e-01   7.0660145e-01  -3.6525070e-01   6.6167852e-01  -3.6981891e-01   6.7051643e-01  -1.3502845e-01   6.7780074e-01  -2.5515936e-02   6.9337491e-01  -1.7338033e-01   6.4716938e-01  -2.3251284e-01   4.0704218e-01   1.5541795e-01   6.7490867e-01  -7.8711562e-02
  -7.0460938e-01  -2.6023509e-01   6.4371114e-01  -3.2994909e-01   6.0162262e-01  -3.0075386e-01   6.5222427e-01  -9.5991568e-02   6.7562315e-01  -3.0677102e-04   6.6897596e-01  -1.2661652e-01   6.1492366e-01  -1.5635683e-01   4.6169322e-01   2.8932878e-01   6.6227305e-01  -7.4374085e-02
  -7.4802709e-01  -5.9351253e-04   5.9058220e-01  -2.5997532e-01   5.5692725e-01  -2.0103544e-01   6.4153674e-01  -4.1514969e-02   6.7792545e-01   2.9179665e-02   6.5368078e-01  -6.4139409e-02   5.9727789e-01  -5.9317593e-02   5.3985230e-01   3.4845543e-01   6.5183107e-01  -5.4186899e-02
  -7.0890315e-01   2.2443415e-01   5.5141924e-01  -1.7717646e-01   5.3062835e-01  -9.7095295e-02   6.3882025e-01   3.0835741e-03   6.8394521e-01   4.5277253e-02   6.4793502e-01  -1.0918525e-02   5.9491648e-01   2.6111818e-02   6.2226192e-01   3.2509353e-01   6.4483319e-01  -3.3945954e-02
  -6.0998618e-01   3.5180568e-01   5.2693635e-01  -9.8029770e-02   5.2156634e-01  -9.0535243e-03   6.4108623e-01   2.0892490e-02   6.9066387e-01   3.7189707e-02   6.4878835e-01   1.6525218e-02   6.0387709e-01   7.6675700e-02   6.9009359e-01   2.3018937e-01   6.4028707e-01  -2.5050886e-02
  -4.8935979e-01   3.5400581e-01   5.1559002e-01  -3.1138930e-02   5.2584456e-01   5.2592127e-02   6.4367598e-01   7.6366298e-03   6.9413173e-01   3.8903918e-03   6.5160151e-01   1.3896684e-02   6.1753902e-01   8.3535288e-02   7.2902938e-01   8.9379471e-02   6.3593627e-01  -3.1529531e-02
  -3.8753790e-01   2.4408477e-01   5.1498068e-01   2.2335767e-02   5.3858966e-01   8.7223765e-02   6.4226916e-01  -2.8239605e-02   6.9100259e-01  -4.5935631e-02   6.5203396e-01  -1.0977501e-02   6.2908482e-01   5.3026644e-02   7.3204931e-01  -6.3063455e-02   6.2950860e-01  -4.9618778e-02
  -3.3466744e-01   6.8702983e-02   5.2300777e-01   6.6241794e-02   5.5555722e-01   1.0183488e-01   6.3463547e-01  -6.9376287e-02   6.7986499e-01  -9.6836998e-02   6.4775834e-01  -4.1876920e-02   6.3377835e-01   3.1570670e-03   7.0067361e-01  -1.9181195e-01   6.1985348e-01  -6.9796930e-02
  -3.4221263e-01  -1.0933162e-01   5.3843558e-01   1.0584310e-01   5.7410691e-01   1.0684905e-01   6.2149166e-01  -9.6264268e-02   6.6188033e-01  -1.3187786e-01   6.3928093e-01  -6.0698158e-02   6.3030046e-01  -4.3401399e-02   6.4420747e-01  -2.6843686e-01   6.0754760e-01  -8.0799858e-02
  -4.0105378e-01  -2.3221247e-01   5.6083327e-01   1.4436348e-01   5.9340459e-01   1.1150910e-01   6.0627113e-01  -9.4492827e-02   6.4056514e-01  -1.3842661e-01   6.2968569e-01  -5.4390255e-02   6.2086333e-01  -6.7305066e-02   5.7726034e-01  -2.7805222e-01   5.9481601e-01  -7.4096068e-02
  -4.8630034e-01  -2.6512932e-01   5.8997599e-01   1.8062206e-01   6.1386505e-01   1.2020216e-01   5.9388320e-01  -6.0053075e-02   6.2076098e-01  -1.1248202e-01   6.2338728e-01  -1.9935140e-02   6.1010811e-01  -5.8940461e-02   5.1601081e-01  -2.2265245e-01   5.8479528e-01  -4.7290826e-02
  -5.6666141e-01  -2.0522586e-01   6.2498752e-01   2.0853074e-01   6.3612611e-01   1.3093455e-01   5.8894000e-01  -8.1296182e-04   6.0716390e-01  -5.9971184e-02   6.2438323e-01   3.4453476e-02   6.0325221e-01  -2.1069640e-02   4.7422994e-01  -1.1993673e-01   5.8042962e-01  -5.2132684e-03
  -6.1517904e-01  -7.9594582e-02   6.6355185e-01   2.1866979e-01   6.5995160e-01   1.3638290e-01   5.9403930e-01   6.6160245e-02   6.0287847e-01   5.2550181e-03   6.3460123e-01   9.2166792e-02   6.0411585e-01   3.2829759e-02   4.6001661e-01   2.0948179e-03   5.8337637e-01   4.1581558e-02
  -6.1724336e-01   6.6488387e-02   7.0161985e-01   2.0160671e-01   6.8358023e-01   1.2719992e-01   6.0879905e-01   1.2040160e-01   6.0854894e-01   6.5913954e-02   6.5303032e-01   1.3396252e-01   6.1380114e-01   8.3771029e-02   4.7432491e-01   1.1293092e-01   5.9337171e-01   8.0311221e-02
  -5.7415371e-01   1.8481763e-01   7.3373890e-01   1.5176561e-01   7.0371609e-01   9.6092193e-02   6.2981794e-01   1.4448219e-01   6.2220916e-01   1.0632517e-01   6.7578663e-01   1.4418941e-01   6.3029358e-01   1.1354472e-01   5.1125366e-01   1.8715223e-01   6.0818310e-01   9.9921193e-02
  -5.0165854e-01   2.3948595e-01   7.5407174e-01   7.0922251e-02   7.1623516e-01   4.1617909e-02   6.5159384e-01   1.2967169e-01   6.3988253e-01   1.1694626e-01   6.9712751e-01   1.1611360e-01   6.4907050e-01   1.1070719e-01   5.6002662e-01   2.1042298e-01   6.2417570e-01   9.4622259e-02
  -4.2384535e-01   2.1648978e-01   7.5788121e-01  -3.0562128e-02   7.1743204e-01  -3.0145582e-02   6.6815545e-01   7.8562725e-02   6.5677482e-01   9.6738908e-02   7.1113807e-01   5.4187101e-02   6.6456636e-01   7.3964033e-02   6.0805931e-01   1.8186201e-01   6.3734756e-01   6.5601139e-02
  -3.6543281e-01   1.2639651e-01   7.4294454e-01  -1.3515537e-01   7.0528339e-01  -1.0641793e-01   6.7476804e-01   4.4363183e-03   6.6858729e-01   5.3169528e-02   7.1344562e-01  -2.6879863e-02   6.7185488e-01   1.2493795e-02   6.4406901e-01   1.1313923e-01   6.4442819e-01   2.0735844e-02
  -3.4400843e-01   6.2824746e-05   7.1056278e-01  -2.2206704e-01   6.8042432e-01  -1.7082966e-01   6.6938241e-01  -7.2445056e-02   6.7271055e-01  -9.2375181e-05   7.0262892e-01  -1.0604618e-01   6.6821289e-01  -5.6729884e-02   6.6075458e-01   2.4665205e-02   6.4382928e-01  -2.7585319e-02
  -3.6499023e-01  -1.2259561e-01   6.6563547e-01  -2.7278089e-01   6.4636151e-01  -2.0815721e-01   6.5324419e-01  -1.3103221e-01   6.6886050e-01  -4.7521905e-02   6.8073002e-01  -1.6223531e-01   6.5397352e-01  -1.1434359e-01   6.5617599e-01  -6.0432368e-02   6.3607377e-01  -6.6231552e-02
  -4.2089003e-01  -2.0507738e-01   6.1579510e-01  -2.7581295e-01   6.0886575e-01  -2.0853742e-01   6.3051774e-01  -1.5538652e-01   6.5899376e-01  -7.6141355e-02   6.5274901e-01  -1.8021122e-01   6.3241903e-01  -1.4418410e-01   6.3365057e-01  -1.2206548e-01   6.2359494e-01  -8.4986212e-02
  -4.9416408e-01  -2.2522132e-01   5.6986226e-01  -2.2982852e-01   5.7476310e-01  -1.7036548e-01   6.0715310e-01  -1.3915839e-01   6.4664724e-01  -7.9097334e-02   6.2536627e-01  -1.5491006e-01   6.0889515e-01  -1.3792039e-01   6.0048772e-01  -1.4786092e-01   6.1004483e-01  -7.9386764e-02
  -5.6319160e-01  -1.8088442e-01   5.3593093e-01  -1.4401673e-01   5.5036596e-01  -1.0085436e-01   5.8921651e-01  -8.7078726e-02   6.3582535e-01  -5.7198062e-02   6.0514684e-01  -9.2658132e-02   5.8929789e-01  -9.7172883e-02   5.6577906e-01  -1.3541619e-01   5.9924307e-01  -5.1760514e-02
  -6.0892372e-01  -8.8811327e-02   5.1966201e-01  -3.5764125e-02   5.4004520e-01  -1.4194173e-02   5.8127373e-01  -1.3159853e-02   6.2985122e-01  -1.8075046e-02   5.9684895e-01  -9.0560962e-03   5.7848437e-01  -3.2591814e-02   5.3801265e-01  -9.1777585e-02   5.9414010e-01  -1.0227314e-02
  -6.2009087e-01   2.1700477e-02   5.2318261e-01   7.3358714e-02   5.4529922e-01   7.1835580e-02   5.8526880e-01   6.3350362e-02   6.3051083e-01   2.6352109e-02   6.0229020e-01   7.5337336e-02   5.7906276e-01   3.9322029e-02   5.2313250e-01  -3.0797282e-02   5.9608238e-01   3.3714878e-02
  -5.9603903e-01   1.1845384e-01   5.4472359e-01   1.6252804e-01   5.6444700e-01   1.4011920e-01   6.0006874e-01   1.2331049e-01   6.3762197e-01   6.3436308e-02   6.1993849e-01   1.4053059e-01   5.9075258e-01   1.0084334e-01   5.2330204e-01   3.0971819e-02   6.0449288e-01   6.8443514e-02
  -5.4586670e-01   1.7574932e-01   5.7920945e-01   2.1600360e-01   5.9313811e-01   1.7797444e-01   6.2192088e-01   1.5251341e-01   6.4922738e-01   8.3177591e-02   6.4546346e-01   1.7197512e-01   6.1061515e-01   1.3755519e-01   5.3684756e-01   7.8523479e-02   6.1713333e-01   8.5198530e-02
  -4.8516222e-01   1.8107902e-01   6.1943876e-01   2.2618901e-01   6.2536907e-01   1.7978030e-01   6.4547541e-01   1.4502085e-01   6.6219155e-01   8.0674118e-02   6.7287062e-01   1.6386444e-01   6.3386866e-01   1.4176599e-01   5.5903253e-01   1.0183567e-01   6.3073210e-01   8.0177158e-02
  -4.3111364e-01   1.3765871e-01   6.5766600e-01   1.9480250e-01   6.5483480e-01   1.4790837e-01   6.6517663e-01   1.0428620e-01   6.7308206e-01   5.7144019e-02   6.9600508e-01   1.2015945e-01   6.5513414e-01   1.1409942e-01   5.8351174e-01   9.7834811e-02   6.4185598e-01   5.5287559e-02
  -3.9735461e-01   6.2186545e-02   6.8726787e-01   1.3187466e-01   6.7633162e-01   9.1707365e-02   6.7669354e-01   4.1756508e-02   6.7911817e-01   1.9254043e-02   7.1008000e-01   5.3057890e-02   6.6981672e-01   6.2857308e-02   6.0410282e-01   7.0492844e-02   6.4781744e-01   1.7360939e-02
  -3.9071471e-01  -2.1279349e-02   7.0390250e-01   5.2847811e-02   6.8669800e-01   2.4834923e-02   6.7783054e-01  -2.6589487e-02   6.7880972e-01  -2.3031699e-02   7.1264091e-01  -2.0601258e-02   6.7508839e-01   1.3376672e-03   6.1620448e-01   2.9019564e-02   6.4726221e-01  -2.3923093e-02
  -4.0972974e-01  -8.8959015e-02   7.0623330e-01  -2.5285050e-02   6.8535628e-01  -3.8209313e-02   6.6897891e-01  -8.4616207e-02   6.7230614e-01  -5.9290866e-02   7.0404094e-01  -8.3854034e-02   6.7048769e-01  -5.5845331e-02   6.1782448e-01  -1.4937482e-02   6.4046974e-01  -5.8690612e-02
  -4.4614822e-01  -1.2421350e-01   6.9578845e-01  -8.7851975e-02   6.7409954e-01  -8.5451665e-02   6.5275466e-01  -1.2009065e-01   6.6120910e-01  -8.1389995e-02   6.8705077e-01  -1.2378070e-01   6.5776772e-01  -9.6503032e-02   6.0971304e-01  -5.0504538e-02   6.2913847e-01  -7.9376594e-02
  -4.8793620e-01  -1.2139237e-01   6.7630119e-01  -1.2526887e-01   6.5644328e-01  -1.0974322e-01   6.3319899e-01  -1.2722189e-01   6.4808229e-01  -8.5263329e-02   6.6600536e-01  -1.3411813e-01   6.4029035e-01  -1.1346405e-01   5.9487821e-01  -7.0079038e-02   6.1588750e-01  -8.2322692e-02
  -5.2312231e-01  -8.6320408e-02   6.5265345e-01  -1.3441925e-01   6.3666012e-01  -1.0975811e-01   6.1469090e-01  -1.0743299e-01   6.3575634e-01  -7.1540019e-02   6.4564437e-01  -1.1606235e-01   6.2209063e-01  -1.0574400e-01   5.7760278e-01  -7.0833612e-02   6.0356775e-01  -6.8310427e-02
