   1.6804745e-01   1.0666924e-01   8.5521206e-02   5.5155367e-01   1.3464709e-02   3.9534736e-01   1.3916263e-01   1.5048639e-01   7.8938398e-02   5.7132351e-01   8.2804298e-02   4.5176348e-03   6.1935290e-02   7.9919271e-01   2.5665531e-02   5.5567000e-01   4.0590949e-02   1.8844012e-01
   8.0508167e-02  -5.9407674e-01   2.2757156e-01   8.6493528e-01   1.3058467e-01   7.6055262e-01   1.8241880e-01   3.8760862e-01   1.9655658e-01   8.4103342e-01   1.1444321e-01   3.5796408e-01   2.5568020e-01   9.9778185e-01   2.0946651e-01   8.9398459e-01   1.0566316e-01   5.6876280e-01
  -1.9883431e-01  -1.0000000e+00   4.1390488e-01   1.0000000e+00   3.0448270e-01   9.6383102e-01   2.6116138e-01   5.9640975e-01   3.4744730e-01   9.7898254e-01   2.0314520e-01   6.6313150e-01   4.6986991e-01   1.0000000e+00   4.4863328e-01   1.0000000e+00   2.2532011e-01   8.3530509e-01
  -5.4661195e-01  -9.9398668e-01   6.0959756e-01   9.6440211e-01   5.0193818e-01   1.0000000e+00   3.7064887e-01   7.7141032e-01   5.1111984e-01   1.0000000e+00   3.3786406e-01   8.8768713e-01   6.6849281e-01   8.6094793e-01   6.8590241e-01   8.8558042e-01   3.7941386e-01   9.7818315e-01
  -8.2767970e-01  -6.2509295e-01   7.8438937e-01   7.9472980e-01   6.9183126e-01   8.9314340e-01   5.0399553e-01   8.9140345e-01   6.6991043e-01   9.2237323e-01   5.0195510e-01   1.0000000e+00   8.2827084e-01   6.4204119e-01   8.7365290e-01   6.1222719e-01   5.4724030e-01   1.0000000e+00
  -9.4664180e-01  -6.6189496e-02   9.1618735e-01   5.3381821e-01   8.4922805e-01   6.7828856e-01   6.5001850e-01   9.2497841e-01   8.0902866e-01   7.6256417e-01   6.7394929e-01   9.7673222e-01   9.3779907e-01   3.9233504e-01   9.8212119e-01   2.5732350e-01   7.0924135e-01   9.1094361e-01
  -8.7338059e-01   4.8350112e-01   9.9067631e-01   2.1708955e-01   9.5598004e-01   3.8756377e-01   7.9246271e-01   8.4204124e-01   9.1626386e-01   5.3591010e-01   8.2957195e-01   8.0977545e-01   9.9425426e-01   1.4373419e-01   1.0000000e+00  -1.0943159e-01   8.4793819e-01   7.2516340e-01
  -6.4021304e-01   8.6018017e-01   1.0000000e+00  -1.2327661e-01   1.0000000e+00   5.1303710e-02   9.1123755e-01   6.2716680e-01   9.8202339e-01   2.5981348e-01   9.4486115e-01   5.1149443e-01   1.0000000e+00  -8.4886414e-02   9.3194788e-01  -4.2795990e-01   9.4854476e-01   4.6116478e-01
  -3.2557500e-01   9.5369287e-01   9.4322451e-01  -4.4753321e-01   9.7579409e-01  -2.9283402e-01   9.8579247e-01   2.9125641e-01   1.0000000e+00  -4.2518255e-02   1.0000000e+00   1.1825166e-01   9.6067056e-01  -2.8064401e-01   7.9675815e-01  -6.4357299e-01   1.0000000e+00   1.4540989e-01
  -3.3167461e-02   7.3265200e-01   8.2838243e-01  -7.0480808e-01   8.8660126e-01  -5.9430949e-01   1.0000000e+00  -1.1920507e-01   9.6846221e-01  -3.3751632e-01   9.8365156e-01  -3.0691858e-01   8.8461860e-01  -4.2984992e-01   6.2560537e-01  -7.1387101e-01   9.9668036e-01  -1.8289492e-01
   1.4065595e-01   2.6977675e-01   6.7374513e-01  -8.4515885e-01   7.4645016e-01  -7.9794745e-01   9.4795144e-01  -5.2637524e-01   8.9210279e-01  -5.8188492e-01   8.9730713e-01  -6.8191132e-01   7.8337963e-01  -5.1623135e-01   4.5674145e-01  -6.2601372e-01   9.4064581e-01  -4.7337716e-01
   1.3887239e-01  -2.7937769e-01   5.0566766e-01  -8.3906800e-01   5.7921414e-01  -8.6253792e-01   8.3713549e-01  -8.4326017e-01   7.8281522e-01  -7.3292836e-01   7.5666689e-01  -9.2658700e-01   6.7170534e-01  -5.2715650e-01   3.2683548e-01  -4.0644704e-01   8.4254619e-01  -6.7606624e-01
  -3.6930505e-02  -7.3436107e-01   3.5329136e-01  -6.8848202e-01   4.1427594e-01  -7.7539460e-01   6.8788140e-01  -1.0000000e+00   6.5850702e-01  -7.6223134e-01   5.8933026e-01  -9.8655115e-01   5.6602125e-01  -4.6024497e-01   2.6170651e-01  -1.1386312e-01   7.2040701e-01  -7.5542714e-01
  -3.2931495e-01  -9.5338061e-01   2.4228862e-01  -4.2568223e-01   2.8029236e-01  -5.5622488e-01   5.2886812e-01  -9.6399168e-01   5.3981865e-01  -6.6597376e-01   4.2874194e-01  -8.4994897e-01   4.8183564e-01  -3.2677341e-01   2.7051345e-01   1.7925738e-01   5.9623850e-01  -7.0070757e-01
  -6.4610095e-01  -8.7773337e-01   1.8971890e-01  -1.0445980e-01   1.9920681e-01  -2.5191042e-01   3.9035954e-01  -7.4880514e-01   4.4575801e-01  -4.6801108e-01   3.0634156e-01  -5.5215559e-01   4.3083272e-01  -1.5145757e-01   3.4497264e-01   4.0745480e-01   4.9147924e-01  -5.2983529e-01
  -8.9211555e-01  -5.4814407e-01   2.0098869e-01   2.1349087e-01   1.8188248e-01   7.5777255e-02   2.9695998e-01  -4.0954127e-01   3.8946691e-01  -2.1395800e-01   2.4396401e-01  -1.6609134e-01   4.1838556e-01   3.2080221e-02   4.6325304e-01   5.2914549e-01   4.2234590e-01  -2.8527877e-01
  -1.0000000e+00  -7.9977556e-02   2.6982300e-01   4.7305280e-01   2.2677720e-01   3.6608603e-01   2.6232101e-01  -2.4329965e-02   3.7573710e-01   4.2678484e-02   2.4922236e-01   2.2033357e-01   4.4257069e-01   1.9001391e-01   5.9688949e-01   5.3146996e-01   3.9667668e-01  -2.1535589e-02
  -9.4665614e-01   3.8313655e-01   3.8052973e-01   6.3402464e-01   3.2144266e-01   5.7061715e-01   2.8732918e-01   3.2594250e-01   4.0093806e-01   2.5363977e-01   3.1507745e-01   5.2628510e-01   4.9501311e-01   2.9569018e-01   7.1708433e-01   4.2371145e-01   4.1318272e-01   2.0821792e-01
  -7.5679012e-01   7.1246790e-01   5.1126817e-01   6.7494906e-01   4.4553566e-01   6.5956787e-01   3.6070490e-01   5.7378997e-01   4.5450177e-01   3.8457726e-01   4.2225801e-01   6.9416634e-01   5.6278891e-01   3.3361804e-01   7.9947504e-01   2.3111318e-01   4.6241170e-01   3.6262303e-01
  -4.9104276e-01   8.2425766e-01   6.3801138e-01   5.9493816e-01   5.7493918e-01   6.2452813e-01   4.6238903e-01   6.7685739e-01   5.2175480e-01   4.1963482e-01   5.4437666e-01   6.9867273e-01   6.3110059e-01   3.0149168e-01   8.2760329e-01  -7.5582982e-03   5.2951253e-01   4.1888340e-01
  -2.2800683e-01   6.9900689e-01   7.3874359e-01   4.1607578e-01   6.8616681e-01   4.8102616e-01   5.6819887e-01   6.2752671e-01   5.8714426e-01   3.6475427e-01   6.5383655e-01   5.5228027e-01   6.8620943e-01   2.1219209e-01   7.9616794e-01  -2.4095047e-01   5.9768866e-01   3.7761866e-01
  -4.0918496e-02   3.8853852e-01   7.9793842e-01   1.8115318e-01   7.6111456e-01   2.6690620e-01   6.5576341e-01   4.5616617e-01   6.3788829e-01   2.4727599e-01   7.2838283e-01   3.0361276e-01   7.1866408e-01   9.2724150e-02   7.1340402e-01  -4.1383798e-01   6.5228029e-01   2.6325996e-01
   2.4608408e-02  -2.9024703e-03   8.0974264e-01  -5.7279781e-02   7.9071525e-01   3.2464208e-02   7.1006535e-01   2.2058770e-01   6.6697262e-01   1.0745750e-01   7.5637678e-01   2.2978069e-02   7.2562834e-01  -2.3555981e-02   5.9996166e-01  -4.8390622e-01   6.8427870e-01   1.1582912e-01
  -3.8341978e-02  -3.5460022e-01   7.7837287e-01  -2.5102343e-01   7.7593694e-01  -1.7304338e-01   7.2616308e-01  -1.2905157e-02   6.7412998e-01  -1.4200389e-02   7.3857106e-01  -2.1831490e-01   7.1101736e-01  -1.0741533e-01   4.8380538e-01  -4.3597727e-01   6.9176118e-01  -2.1948715e-02
  -1.9868607e-01  -5.6801900e-01   7.1609772e-01  -3.6798399e-01   7.2638905e-01  -3.1353168e-01   7.0903546e-01  -1.8916969e-01   6.6490920e-01  -8.9016431e-02   6.8663062e-01  -3.6759222e-01   6.8369648e-01  -1.4237435e-01   3.9267237e-01  -2.8677918e-01   6.7931727e-01  -1.1718656e-01
  -4.0011119e-01  -5.9520225e-01   6.3937960e-01  -3.9804474e-01   6.5690441e-01  -3.7308285e-01   6.7058608e-01  -2.7790326e-01   6.4807041e-01  -1.0710142e-01   6.1873939e-01  -4.0286709e-01   6.5429363e-01  -1.2840412e-01   3.4679157e-01  -7.8614176e-02   6.5564085e-01  -1.5468581e-01
  -5.8020428e-01  -4.4907472e-01   5.6454320e-01  -3.5252284e-01   5.8339495e-01  -3.5674507e-01   6.2525109e-01  -2.7806268e-01   6.3241763e-01  -7.7676690e-02   5.5405881e-01  -3.3486759e-01   6.3184231e-01  -8.0206062e-02   3.5413965e-01   1.3402017e-01   6.3037609e-01  -1.3840253e-01
  -6.9032436e-01  -1.9298730e-01   5.0400135e-01  -2.5756779e-01   5.1901117e-01  -2.8523908e-01   5.8552150e-01  -2.1252126e-01   6.2399393e-01  -2.3079424e-02   5.0749245e-01  -1.9922798e-01   6.2119260e-01  -2.0655492e-02   4.0926470e-01   3.0041458e-01   6.1113208e-01  -8.6709287e-02
  -7.0778430e-01   8.5590638e-02   4.6443449e-01  -1.4434799e-01   4.7202811e-01  -1.8607313e-01   5.5918414e-01  -1.1610948e-01   6.2478873e-01   3.0539999e-02   4.8674293e-01  -4.2583683e-02   6.2230104e-01   2.7648093e-02   4.9602781e-01   3.8565624e-01   6.0185071e-01  -2.3977639e-02
  -6.3961915e-01   3.0268667e-01   4.4661095e-01  -4.0347104e-02   4.4526021e-01  -8.5390696e-02   5.4830165e-01  -2.3815981e-02   6.3274842e-01   6.1409573e-02   4.9149965e-01   9.0870237e-02   6.3096987e-01   4.9125158e-02   5.9224843e-01   3.7669685e-01   6.0241941e-01   2.7261756e-02
  -5.1719765e-01   4.0133520e-01   4.4676270e-01   3.6469808e-02   4.3697038e-01  -2.1683776e-03   5.4999480e-01   3.8682849e-02   6.4302211e-01   5.7882826e-02   5.1485767e-01   1.7017549e-01   6.4082200e-01   3.9055190e-02   6.7532150e-01   2.8254275e-01   6.0952607e-01   5.2272317e-02
  -3.8443713e-01   3.6498463e-01   4.5872867e-01   7.9714897e-02   4.4260861e-01   5.4303157e-02   5.5842126e-01   6.0210143e-02   6.4986786e-01   2.0777911e-02   5.4620234e-01   1.8355462e-01   6.4569651e-01   3.9750765e-03   7.2720335e-01   1.3021255e-01   6.1826994e-01   4.7027482e-02
  -2.8352338e-01   2.1943624e-01   4.7618356e-01   9.3651366e-02   4.5676090e-01   8.4321891e-02   5.6721725e-01   4.5086178e-02   6.4867180e-01  -3.7471644e-02   5.7466313e-01   1.3938720e-01   6.4181239e-01  -4.0877938e-02   7.3811510e-01  -4.1919013e-02   6.2400068e-01   1.8197708e-02
  -2.4242985e-01   2.1702036e-02   4.9438185e-01   8.9673353e-02   4.7480106e-01   9.5245477e-02   5.7168820e-01   9.4688628e-03   6.3750677e-01  -9.7096290e-02   5.9219472e-01   6.1558324e-02   6.2905075e-01  -7.6804231e-02   7.0823412e-01  -1.9282791e-01   6.2385468e-01  -2.0042095e-02
  -2.6714305e-01  -1.6038391e-01   5.1116004e-01   8.1286241e-02   4.9397337e-01   9.7397181e-02   5.7025601e-01  -2.5677340e-02   6.1788325e-01  -1.3767168e-01   5.9564821e-01  -1.9399248e-02   6.1107994e-01  -8.8210817e-02   6.4728820e-01  -2.8855706e-01   6.1764963e-01  -5.1430984e-02
  -3.4235704e-01  -2.7058016e-01   5.2677198e-01   7.9131543e-02   5.1346801e-01   9.9655598e-02   5.6449040e-01  -4.2620777e-02   5.9421314e-01  -1.4487309e-01   5.8691252e-01  -7.6487874e-02   5.9401173e-01  -6.7964531e-02   5.7164366e-01  -3.1001311e-01   6.0767288e-01  -6.3402269e-02
  -4.3816202e-01  -2.8076974e-01   5.4298395e-01   8.7453834e-02   5.3381148e-01   1.0612835e-01   5.5811200e-01  -3.2944932e-02   5.7243293e-01  -1.1499890e-01   5.7163154e-01  -9.4170367e-02   5.8432867e-01  -1.9896811e-02   5.0007686e-01  -2.5724814e-01   5.9771441e-01  -5.1190817e-02
  -5.2095844e-01  -1.9719465e-01   5.6164962e-01   1.0294064e-01   5.5574110e-01   1.1481722e-01   5.5525362e-01   9.5878664e-05   5.5812783e-01  -5.5835652e-02   5.5684607e-01  -7.1876533e-02   5.8661757e-01   4.2411885e-02   4.4902039e-01  -1.4853161e-01   5.9160074e-01  -1.9045805e-02
  -5.6443857e-01  -5.4841522e-02   5.8333723e-01   1.1638614e-01   5.7906543e-01   1.1880732e-01   5.5870743e-01   4.3692147e-02   5.5483898e-01   1.6295558e-02   5.4849052e-01  -2.2251061e-02   6.0193130e-01   1.0010802e-01   4.2868687e-01  -1.4454233e-02   5.9180384e-01   2.1790338e-02
  -5.5694062e-01   9.6399478e-02   6.0654001e-01   1.1646857e-01   6.0199680e-01   1.0941665e-01   5.6881994e-01   8.0736854e-02   5.6310410e-01   8.1829300e-02   5.4959682e-01   3.4423471e-02   6.2731901e-01   1.3498335e-01   4.4111636e-01   1.1069152e-01   5.9861702e-01   5.7237723e-02
  -5.0392423e-01   2.0824134e-01   6.2767830e-01   9.4379995e-02   6.2116317e-01   8.0181562e-02   5.8326810e-01   9.6108526e-02   5.8036718e-01   1.2375049e-01   5.5953311e-01   7.7330507e-02   6.5652912e-01   1.3505860e-01   4.8028923e-01   1.9777493e-01   6.1004725e-01   7.5124537e-02
  -4.2472404e-01   2.4829915e-01   6.4202819e-01   4.7690318e-02   6.3242930e-01   3.0221599e-02   5.9785321e-01   8.1955055e-02   6.0183368e-01   1.3226020e-01   5.7453615e-01   9.1678728e-02   6.8179087e-01   9.8184384e-02   5.3436320e-01   2.2951369e-01   6.2250761e-01   6.9061825e-02
  -3.4560841e-01   2.0839933e-01   6.4518146e-01  -1.7958275e-02   6.3218318e-01  -3.4320522e-02   6.0790806e-01   4.0347038e-02   6.2188111e-01   1.0716063e-01   5.8914390e-01   7.2847217e-02   6.9602157e-01   3.2829136e-02   5.8906480e-01   2.0363531e-01   6.3197772e-01   4.0344514e-02
  -2.9137832e-01   1.0530446e-01   6.3455057e-01  -8.9925235e-02   6.1864644e-01  -1.0133221e-01   6.0984941e-01  -1.7364401e-02   6.3561945e-01   5.7469364e-02   5.9804424e-01   2.7200188e-02   6.9485237e-01  -4.4156284e-02   6.3133604e-01   1.3205862e-01   6.3526874e-01  -2.5613443e-03
  -2.7778183e-01  -2.5638278e-02   6.1046942e-01  -1.5194344e-01   5.9279928e-01  -1.5587299e-01   6.0242857e-01  -7.4078945e-02   6.4021474e-01  -1.4547442e-03   5.9781140e-01  -3.0313229e-02   6.7798802e-01  -1.1217760e-01   6.5243472e-01   3.6767564e-02   6.3105007e-01  -4.6642254e-02
  -3.0717100e-01  -1.4317316e-01   5.7643511e-01  -1.8898250e-01   5.5850017e-01  -1.8465175e-01   5.8721227e-01  -1.1268688e-01   6.3555148e-01  -5.2858347e-02   5.8797717e-01  -8.1512822e-02   6.4934408e-01  -1.5304559e-01   6.4965128e-01  -5.6910039e-02   6.2027317e-01  -7.8610318e-02
  -3.6886695e-01  -2.1282002e-01   5.3842993e-01  -1.9136320e-01   5.2176327e-01  -1.7975478e-01   5.6813606e-01  -1.2123747e-01   6.2403872e-01  -8.3294073e-02   5.7105580e-01  -1.1060015e-01   6.1597632e-01  -1.5591547e-01   6.2626245e-01  -1.2668388e-01   6.0586069e-01  -8.8802126e-02
  -4.4320357e-01  -2.1709363e-01   5.0357035e-01  -1.5749232e-01   4.8942452e-01  -1.4101294e-01   5.5036801e-01  -9.6605786e-02   6.0975870e-01  -8.6254554e-02   5.5172327e-01  -1.0890450e-01   5.8616302e-01  -1.2028100e-01   5.9012799e-01  -1.5852785e-01   5.9184295e-01  -7.4021881e-02
  -5.0819794e-01  -1.5926336e-01   4.7842497e-01  -9.4181825e-02   4.6754221e-01  -7.6059821e-02   5.3878716e-01  -4.5161083e-02   5.9717708e-01  -6.3358385e-02   5.3534303e-01  -7.6986014e-02   5.6716592e-01  -5.5701528e-02   5.5124409e-01  -1.4910942e-01   5.8216747e-01  -3.8195221e-02
  -5.4589673e-01  -6.0338071e-02   4.6759208e-01  -1.4777998e-02   4.6009023e-01   1.6400627e-03   5.3668314e-01   1.9395671e-02   5.8994277e-01  -2.3098135e-02   5.2647944e-01  -2.3782364e-02   5.6348565e-01   2.1184905e-02   5.1921734e-01  -1.0522953e-01   5.7965395e-01   9.0782962e-03
  -5.4773374e-01   4.8248449e-02   4.7258778e-01   6.4079923e-02   4.6798187e-01   7.6012107e-02   5.4476172e-01   7.9938942e-02   5.8987372e-01   2.1914963e-02   5.2756292e-01   3.6152514e-02   5.7565202e-01   9.1239663e-02   5.0086054e-01  -4.1289311e-02   5.8516565e-01   5.5278155e-02
  -5.1583461e-01   1.3517518e-01   4.9171099e-01   1.2653759e-01   4.8904614e-01   1.3224548e-01   5.6109893e-01   1.2085155e-01   5.9668127e-01   5.8837071e-02   5.3839608e-01   8.7158225e-02   6.0039962e-01   1.3790610e-01   4.9900238e-01   2.5249561e-02   5.9750097e-01   8.8558639e-02
  -4.6164417e-01   1.7783014e-01   5.2050097e-01   1.6094542e-01   5.1856191e-01   1.5996683e-01   5.8166654e-01   1.3196465e-01   6.0817644e-01   7.7860635e-02   5.5628191e-01   1.1648020e-01   6.3157690e-01   1.5105103e-01   5.1221633e-01   7.8168946e-02   6.1373161e-01   1.0068910e-01
  -4.0188561e-01   1.6816692e-01   5.5283176e-01   1.6231572e-01   5.5038095e-01   1.5541547e-01   6.0143271e-01   1.1111734e-01   6.2098456e-01   7.4629408e-02   5.7682064e-01   1.1750149e-01   6.6178237e-01   1.2918424e-01   5.3561914e-01   1.0630089e-01   6.3000009e-01   8.9071971e-02
  -3.5336165e-01   1.1379308e-01   5.8231606e-01   1.3307281e-01   5.7830999e-01   1.2195524e-01   6.1568269e-01   6.4444094e-02   6.3152075e-01   5.1021665e-02   5.9510619e-01   9.1127368e-02   6.8421003e-01   7.9372181e-02   5.6242031e-01   1.0570528e-01   6.4251897e-01   5.7172203e-02
  -3.2802638e-01   3.4364783e-02   6.0372543e-01   8.1991969e-02   5.9746821e-01   6.8856724e-02   6.2124406e-01   4.3667375e-03   6.3698379e-01   1.4202378e-02   6.0702213e-01   4.5085600e-02   6.9430132e-01   1.4955736e-02   5.8582352e-01   7.9898355e-02   6.4853709e-01   1.3315149e-02
  -3.3021493e-01  -4.5287188e-02   6.1395428e-01   2.1653860e-02   6.0516874e-01   8.7218864e-03   6.1716530e-01  -5.4029869e-02   6.3600741e-01  -2.5723562e-02   6.1017044e-01  -8.6169850e-03   6.9062646e-01  -4.8181149e-02   6.0062432e-01   3.8078369e-02   6.4692687e-01  -3.1746465e-02
  -3.5606150e-01  -1.0295895e-01   6.1249810e-01  -3.4796752e-02   6.0131035e-01  -4.5691042e-02   6.0484867e-01  -9.7146292e-02   6.2893484e-01  -5.8653073e-02   6.0435776e-01  -5.7126875e-02   6.7503317e-01  -9.5785979e-02   6.0432490e-01  -7.7976284e-03   6.3837965e-01  -6.7742475e-02
  -3.9560760e-01  -1.2528407e-01   6.0123001e-01  -7.6706387e-02   5.8808592e-01  -8.4366551e-02   5.8750144e-01  -1.1625622e-01   6.1757303e-01  -7.7140336e-02   5.9142374e-01  -9.0076119e-02   6.5188829e-01  -1.1861166e-01   5.9737647e-01  -4.6345560e-02   6.2508313e-01  -8.7411510e-02
  -4.3631452e-01  -1.1044490e-01   5.8369530e-01  -9.7903002e-02   5.6923979e-01  -1.0184342e-01   5.6920992e-01  -1.0915785e-01   6.0461485e-01  -7.7947014e-02   5.7460702e-01  -1.0175224e-01   6.2682102e-01  -1.1407890e-01   5.8268392e-01  -6.9375329e-02   6.1008350e-01  -8.7907116e-02
  -4.6685975e-01  -6.7470003e-02   5.6415687e-01  -9.7447396e-02   5.4910495e-01  -9.7810566e-02   5.5390359e-01  -8.0078213e-02   5.9291954e-01  -6.2390782e-02   5.5767596e-01  -9.1903894e-02   6.0531433e-01  -8.6216243e-02   5.6463119e-01  -7.3432260e-02   5.9652340e-01  -7.1018562e-02
