   1.8592309e-01   4.4814689e-01   1.0872979e-01   2.1527881e-03   6.3571257e-02   4.0287691e-01   1.1884796e-01   1.8623812e-01   6.6828281e-02   3.2037946e-01   9.0563244e-03   1.3232373e-01   6.9275247e-02   5.1674484e-01   6.0342959e-02   6.3428553e-01   6.8353721e-02   1.4358582e-01
   2.1965017e-01  -2.6444871e-01   1.5364583e-01   4.9748032e-01   1.7628132e-01   7.8095764e-01   1.6584313e-01   4.3461213e-01   1.4235482e-01   6.7221440e-01   6.7049035e-02   5.2199915e-01   1.7867006e-01   8.4333300e-01   2.5822066e-01   9.3737938e-01   1.2212045e-01   5.3332523e-01
   3.3692203e-03  -8.0371311e-01   2.7126813e-01   8.3832524e-01   3.4265032e-01   9.7792999e-01   2.4394658e-01   6.1232947e-01   2.6015306e-01   8.9080874e-01   1.8240094e-01   7.9645876e-01   3.2471692e-01   9.8941360e-01   5.0116909e-01   1.0000000e+00   2.2707976e-01   8.0468228e-01
  -3.5925980e-01  -1.0000000e+00   4.3225145e-01   1.0000000e+00   5.2899406e-01   1.0000000e+00   3.4495550e-01   7.4803692e-01   4.0158148e-01   9.9353269e-01   3.3495277e-01   9.5414292e-01   4.8239289e-01   1.0000000e+00   7.3184219e-01   8.4647052e-01   3.6470189e-01   9.5706715e-01
  -7.2348497e-01  -8.1929213e-01   6.0637812e-01   9.9531393e-01   7.0588905e-01   8.8375359e-01   4.6373600e-01   8.5225825e-01   5.5092308e-01   1.0000000e+00   5.0497375e-01   1.0000000e+00   6.3431288e-01   9.2306598e-01   9.0534844e-01   5.4878900e-01   5.1726926e-01   1.0000000e+00
  -9.6048336e-01  -3.7102598e-01   7.6769069e-01   8.5736260e-01   8.5181087e-01   6.7377671e-01   5.9483017e-01   9.1041630e-01   6.9490684e-01   9.2307502e-01   6.7361013e-01   9.3884288e-01   7.6945729e-01   7.8993037e-01   9.9668761e-01   1.9097153e-01   6.6874839e-01   9.4479985e-01
  -1.0000000e+00   1.6647639e-01   8.9617274e-01   6.1919241e-01   9.5276258e-01   4.0444808e-01   7.2927625e-01   8.9142682e-01   8.2173536e-01   7.7025023e-01   8.2282648e-01   7.7562542e-01   8.8013775e-01   6.1185043e-01   1.0000000e+00  -1.5768127e-01   8.0474379e-01   8.0093491e-01
  -8.4167039e-01   6.2359893e-01   9.7694848e-01   3.0825100e-01   1.0000000e+00   9.9617674e-02   8.5322104e-01   7.6431627e-01   9.2064223e-01   5.4920318e-01   9.3574628e-01   5.2015213e-01   9.5933512e-01   3.8888204e-01   9.2424218e-01  -4.4482614e-01   9.1224644e-01   5.7795715e-01
  -5.4336880e-01   8.6983530e-01   1.0000000e+00  -4.4536970e-02   9.8912031e-01  -2.1586206e-01   9.4929629e-01   5.1420138e-01   9.8232546e-01   2.7238305e-01   9.9800800e-01   1.9241075e-01   1.0000000e+00   1.2217121e-01   7.8994197e-01  -6.2757970e-01   9.8005361e-01   2.9039103e-01
  -2.0359430e-01   8.3168093e-01   9.6178410e-01  -3.9351048e-01   9.2131667e-01  -5.0539304e-01   1.0000000e+00   1.5687229e-01   1.0000000e+00  -3.7529381e-02   1.0000000e+00  -1.7110228e-01   9.9616186e-01  -1.7349692e-01   6.2699698e-01  -6.7437076e-01   1.0000000e+00  -3.5630487e-02
   6.6786919e-02   5.2313320e-01   8.6800206e-01  -6.7899810e-01   8.0577509e-01  -7.2119570e-01   9.9305131e-01  -2.5321613e-01   9.7138758e-01  -3.4242312e-01   9.4014467e-01  -5.1438934e-01   9.4588042e-01  -4.6122909e-01   4.7034062e-01  -5.7803475e-01   9.6921053e-01  -3.5789681e-01
   1.8095759e-01   5.0440048e-02   7.3464703e-01  -8.4484012e-01   6.6047480e-01  -8.1963101e-01   9.2649927e-01  -6.3443622e-01   9.0082833e-01  -5.9317014e-01   8.2755998e-01  -7.7215976e-01   8.5441883e-01  -6.8872991e-01   3.5251824e-01  -3.6553040e-01   8.9226401e-01  -6.2408444e-01
   1.0532078e-01  -4.2724883e-01   5.8559643e-01  -8.5826007e-01   5.0972243e-01  -7.7848459e-01   8.1093070e-01  -9.0332954e-01   7.9995513e-01  -7.4342624e-01   6.8201475e-01  -8.8951464e-01   7.3531666e-01  -8.0603836e-01   2.9571344e-01  -9.2111697e-02   7.8171463e-01  -7.8579805e-01
  -1.3131009e-01  -7.5699418e-01   4.4762233e-01  -7.1894608e-01   3.7928080e-01  -6.0467565e-01   6.6780441e-01  -1.0000000e+00   6.8612011e-01  -7.6483575e-01   5.3049824e-01  -8.3996983e-01   6.0859162e-01  -7.8308995e-01   3.0678617e-01   1.7600219e-01   6.5635677e-01  -8.1269287e-01
  -4.5027257e-01  -8.4179826e-01   3.4480055e-01  -4.5787913e-01   2.9101238e-01  -3.3253802e-01   5.2457703e-01  -9.0546760e-01   5.7889018e-01  -6.5717818e-01   4.0136431e-01  -6.3514988e-01   4.9664007e-01  -6.2103762e-01   3.7695793e-01   3.8071219e-01   5.3763812e-01  -7.0201459e-01
  -7.5123722e-01  -6.7047770e-01   2.9367217e-01  -1.2966162e-01   2.5841409e-01  -1.5858335e-02   4.0803744e-01  -6.4775455e-01   4.9560268e-01  -4.5016098e-01   3.1767032e-01  -3.2369478e-01   4.1899160e-01  -3.5481637e-01   4.8574141e-01   4.8675649e-01   4.4506864e-01  -4.8142037e-01
  -9.4676437e-01  -3.1457156e-01   3.0025141e-01   2.0138527e-01   2.8414978e-01   2.8557034e-01   3.3779059e-01  -2.9177384e-01   4.4741673e-01  -1.9405290e-01   2.9176608e-01   2.3020245e-02   3.8754786e-01  -4.3149804e-02   6.0738920e-01   4.8588265e-01   3.9188877e-01  -2.0147624e-01
  -9.8691436e-01   1.0725946e-01   3.5979326e-01   4.7555741e-01   3.6035181e-01   5.1903711e-01   3.2256474e-01   8.1716834e-02   4.3755495e-01   5.5848423e-02   3.2337031e-01   3.3136725e-01   4.0439179e-01   2.4896893e-01   7.1667477e-01   3.8928614e-01   3.8279774e-01   7.8878617e-02
  -8.7104767e-01   4.7047421e-01   4.5829315e-01   6.4758877e-01   4.7059736e-01   6.4725372e-01   3.5902694e-01   3.9556053e-01   4.6135983e-01   2.5204670e-01   4.0039533e-01   5.4206046e-01   4.6177154e-01   4.6502067e-01   7.9269401e-01   2.1962587e-01   4.1352812e-01   3.0609874e-01
  -6.4199194e-01   6.7792182e-01   5.7566194e-01   6.9211491e-01   5.9335414e-01   6.5236269e-01   4.3371637e-01   5.9090960e-01   5.0826932e-01   3.6282493e-01   5.0260639e-01   6.1995015e-01   5.4447001e-01   5.6688334e-01   8.2116420e-01   8.2040669e-03   4.7267870e-01   4.4191240e-01
  -3.7150721e-01   6.8025230e-01   6.8948216e-01   6.0845159e-01   7.0582314e-01   5.3937277e-01   5.2651422e-01   6.3824792e-01   5.6449225e-01   3.7732327e-01   6.0619695e-01   5.5973537e-01   6.3319844e-01   5.4203334e-01   7.9668915e-01  -2.0357843e-01   5.4455477e-01   4.7005854e-01
  -1.3914376e-01   4.8997515e-01   7.7952201e-01   4.2329890e-01   7.8838068e-01   3.3792260e-01   6.1558371e-01   5.4577890e-01   6.1636024e-01   3.0895754e-01   6.8918635e-01   3.8872258e-01   7.0902239e-01   4.0875426e-01   7.2500517e-01  -3.6800427e-01   6.1290089e-01   4.0054535e-01
  -7.1328463e-03   1.7739756e-01   8.3229366e-01   1.8454807e-01   8.2895175e-01   9.6156950e-02   6.8317365e-01   3.5652843e-01   6.5393934e-01   1.9150086e-01   7.3688274e-01   1.5991416e-01   7.5824557e-01   2.1173936e-01   6.2306452e-01  -4.4453038e-01   6.6500006e-01   2.6618895e-01
  -3.9941923e-03  -1.5511140e-01   8.4324115e-01  -5.2707803e-02   8.2497507e-01  -1.3238200e-01   7.1936359e-01   1.3272680e-01   6.7301142e-01   6.7526132e-02   7.4462708e-01  -6.4026510e-02   7.7517723e-01   7.5230420e-03   5.1535619e-01  -4.1424781e-01   6.9412368e-01   1.1116659e-01
  -1.1715738e-01  -4.0770733e-01   8.1692547e-01  -2.4153025e-01   7.8332096e-01  -3.0330240e-01   7.2375376e-01  -6.4607400e-02   6.7555345e-01  -2.5878439e-02   7.1817978e-01  -2.2963848e-01   7.6288950e-01  -1.5343017e-01   4.2744533e-01  -2.8752727e-01   7.0043620e-01  -2.3183040e-02
  -3.0134649e-01  -5.1409759e-01   7.6443641e-01  -3.5360898e-01   7.1738715e-01  -3.9126188e-01   7.0369740e-01  -1.9290824e-01   6.6789839e-01  -6.7830257e-02   6.7060311e-01  -3.0643711e-01   7.3089272e-01  -2.4044044e-01   3.7909097e-01  -9.9769513e-02   6.8946126e-01  -1.0956645e-01
  -4.9515625e-01  -4.5909085e-01   6.9978886e-01  -3.8347616e-01   6.4317305e-01  -3.9369318e-01   6.7086003e-01  -2.3723562e-01   6.5797127e-01  -5.7932308e-02   6.1777319e-01  -2.9244223e-01   6.9151522e-01  -2.4861675e-01   3.7939517e-01   1.0006550e-01   6.6947879e-01  -1.3995750e-01
  -6.4128710e-01  -2.7782024e-01   6.3614615e-01  -3.4572133e-01   5.7525305e-01  -3.2771479e-01   6.3709019e-01  -2.0934624e-01   6.5240401e-01  -1.3123626e-02   5.7369511e-01  -2.1030479e-01   6.5599136e-01  -1.9586343e-01   4.2527005e-01   2.6375062e-01   6.4860089e-01  -1.2394830e-01
  -7.0330470e-01  -3.9004320e-02   5.8299063e-01  -2.6675633e-01   5.2378645e-01  -2.2206383e-01   6.1104975e-01  -1.3863660e-01   6.5451312e-01   4.0620321e-02   5.4706940e-01  -9.6778188e-02   6.3155386e-01  -1.1326054e-01   5.0311966e-01   3.5599043e-01   6.3250570e-01  -8.2075439e-02
  -6.7407046e-01   1.8043152e-01   5.4495940e-01  -1.7441360e-01   4.9325312e-01  -1.0720187e-01   5.9650392e-01  -5.9276737e-02   6.6367896e-01   7.8175508e-02   5.3994687e-01   1.0242746e-02   6.2028406e-01  -3.3007279e-02   5.9305006e-01   3.6123427e-01   6.2339085e-01  -3.7106747e-02
  -5.7398685e-01   3.1778912e-01   5.2238049e-01  -9.0244057e-02   4.8294664e-01  -7.8190996e-03   5.9252449e-01   4.3608037e-04   6.7610305e-01   8.2554787e-02   5.4853450e-01   8.1776819e-02   6.1977502e-01   2.0749307e-02   6.7387258e-01   2.8422915e-01   6.2024980e-01  -7.1120392e-03
  -4.4234724e-01   3.4070855e-01   5.1271511e-01  -2.5527179e-02   4.8846888e-01   6.1635233e-02   5.9488344e-01   2.5158157e-02   6.8634432e-01   4.9200721e-02   5.6528704e-01   1.0412260e-01   6.2483749e-01   3.7441091e-02   7.2779760e-01   1.4724070e-01   6.1994621e-01  -9.7349844e-04
  -3.2376745e-01   2.5432185e-01   5.1240640e-01   1.8925951e-02   5.0381145e-01   9.8204611e-02   5.9824199e-01   1.5227048e-02   6.8928915e-01  -1.3126922e-02   5.8179332e-01   8.0817519e-02   6.2981076e-01   2.1449501e-02   7.4412861e-01  -1.5422715e-02   6.1880369e-01  -1.6839167e-02
  -2.5418248e-01   9.7065371e-02   5.1846024e-01   4.9921275e-02   5.2335217e-01   1.0861960e-01   5.9834824e-01  -1.5563055e-02   6.8194533e-01  -8.5285605e-02   5.9154334e-01   2.9725002e-02   6.3070478e-01  -1.1011897e-02   7.2130384e-01  -1.6496699e-01   6.1415673e-01  -4.3902536e-02
  -2.5022618e-01  -7.3909280e-02   5.2939944e-01   7.7173785e-02   5.4332765e-01   1.0505324e-01   5.9362710e-01  -4.6507940e-02   6.6458170e-01  -1.4412913e-01   5.9187931e-01  -2.4156046e-02   6.2659538e-01  -3.8816346e-02   6.6695850e-01  -2.6714892e-01   6.0543162e-01  -6.7091847e-02
  -3.0600354e-01  -2.0253418e-01   5.4529779e-01   1.0834128e-01   5.6231725e-01   9.9795710e-02   5.8553473e-01  -5.8541034e-02   6.4070909e-01  -1.7029025e-01   5.8439435e-01  -5.7792186e-02   6.1969824e-01  -4.4248620e-02   5.9570119e-01  -3.0041948e-01   5.9431659e-01  -7.3050382e-02
  -3.9700745e-01  -2.5145453e-01   5.6709456e-01   1.4534341e-01   5.8082655e-01   1.0062946e-01   5.7776133e-01  -4.1509400e-02   6.1602600e-01  -1.5455313e-01   5.7390763e-01  -5.7841432e-02   6.1428956e-01  -1.9640720e-02   5.2531175e-01  -2.6104209e-01   5.8409600e-01  -5.5150320e-02
  -4.8970019e-01  -2.1227619e-01   5.9543804e-01   1.8290111e-01   6.0016285e-01   1.0821686e-01   5.7458187e-01   2.1745281e-03   5.9664034e-01  -1.0067935e-01   5.6638246e-01  -2.4567566e-02   6.1484510e-01   2.9871640e-02   4.7220398e-01  -1.6339829e-01   5.7837922e-01  -1.5901687e-02
  -5.5296657e-01  -1.0524909e-01   6.2953258e-01   2.0986112e-01   6.2110514e-01   1.1641479e-01   5.7904625e-01   5.8807258e-02   5.8722518e-01  -2.3738430e-02   5.6662509e-01   2.9297493e-02   6.2414985e-01   8.8443725e-02   4.4750428e-01  -3.5265228e-02   5.7973642e-01   3.4088885e-02
  -5.6773230e-01   2.9771024e-02   6.6639762e-01   2.1281235e-01   6.4286424e-01   1.1514232e-01   5.9164054e-01   1.0851267e-01   5.8966564e-01   5.4877817e-02   5.7651402e-01   8.3579836e-02   6.4200980e-01   1.3516219e-01   4.5464578e-01   9.0103064e-02   5.8869770e-01   7.9801784e-02
  -5.3202461e-01   1.4798594e-01   7.0090471e-01   1.8132219e-01   6.6274842e-01   9.5049636e-02   6.0988184e-01   1.3259774e-01   6.0259139e-01   1.1423339e-01   5.9430013e-01   1.1799158e-01   6.6501597e-01   1.5152754e-01   4.8911486e-01   1.8299060e-01   6.0344643e-01   1.0699603e-01
  -4.5978861e-01   2.1321622e-01   7.2673641e-01   1.1243704e-01   6.7675273e-01   5.1718393e-02   6.2903368e-01   1.1978330e-01   6.2194386e-01   1.3956297e-01   6.1523420e-01   1.1852365e-01   6.8747859e-01   1.2747246e-01   5.4029198e-01   2.2392348e-01   6.2033763e-01   1.0660452e-01
  -3.7571147e-01   2.0802863e-01   7.3791943e-01   1.3495309e-02   6.8072685e-01  -1.1590032e-02   6.4349244e-01   7.0256738e-02   6.4217173e-01   1.2620458e-01   6.3301425e-01   8.1903746e-02   7.0303572e-01   6.5067892e-02   5.9445296e-01   2.0772622e-01   6.3491438e-01   7.7651150e-02
  -3.0678972e-01   1.3785618e-01   7.3063437e-01  -9.8390308e-02   6.7187576e-01  -8.3910239e-02   6.4859056e-01  -3.9361050e-03   6.5787106e-01   8.0567419e-02   6.4181783e-01   1.6706088e-02   7.0664122e-01  -2.1511336e-02   6.3843392e-01   1.4365392e-01   6.4324819e-01   2.7692423e-02
  -2.7388227e-01   2.7645219e-02   7.0457612e-01  -2.0040287e-01   6.4994953e-01  -1.4947428e-01   6.4211387e-01  -8.2542532e-02   6.6528425e-01   1.7710662e-02   6.3814871e-01  -5.9419656e-02   6.9618050e-01  -1.1003111e-01   6.6277502e-01   5.1739769e-02   6.4310297e-01  -2.9509949e-02
  -2.8586816e-01  -8.6665890e-02   6.6343333e-01  -2.6987133e-01   6.1772443e-01  -1.9212017e-01   6.2506845e-01  -1.4304819e-01   6.6323482e-01  -4.3233970e-02   6.2193998e-01  -1.2495934e-01   6.7323763e-01  -1.7646841e-01   6.6363628e-01  -4.2936366e-02   6.3457990e-01  -7.7964122e-02
  -3.3722370e-01  -1.7046157e-01   6.1434908e-01  -2.9077331e-01   5.8065514e-01  -2.0032229e-01   6.0155565e-01  -1.6789867e-01   6.5336894e-01  -8.5107261e-02   5.9673676e-01  -1.6135872e-01   6.4286364e-01  -2.0249874e-01   6.4333472e-01  -1.1728665e-01   6.2013785e-01  -1.0444097e-01
  -4.1118159e-01  -2.0058099e-01   5.6631765e-01  -2.5771676e-01   5.4561674e-01  -1.7036931e-01   5.7754840e-01  -1.4939196e-01   6.3940141e-01  -9.7318183e-02   5.6859269e-01  -1.5816405e-01   6.1215554e-01  -1.8044814e-01   6.0897942e-01  -1.5545583e-01   6.0379474e-01  -1.0204325e-01
  -4.8519877e-01  -1.7148206e-01   5.2824348e-01  -1.7737624e-01   5.1935540e-01  -1.0755865e-01   5.5929665e-01  -9.1850637e-02   6.2597488e-01  -7.8421041e-02   5.4446478e-01  -1.1582835e-01   5.8844152e-01  -1.1539940e-01   5.7036219e-01  -1.5204195e-01   5.9003017e-01  -7.1998898e-02
  -5.3821549e-01  -9.5678478e-02   5.0692112e-01  -6.6773882e-02   5.0685752e-01  -2.4929221e-02   5.5156844e-01  -1.0226754e-02   6.1725296e-01  -3.5888111e-02   5.3028316e-01  -4.5289685e-02   5.7731132e-01  -2.3579379e-02   5.3723790e-01  -1.1241293e-01   5.8251883e-01  -2.3048605e-02
  -5.5662427e-01   1.8788141e-03   5.0565081e-01   5.1134153e-02   5.1024213e-01   6.0160585e-02   5.5642872e-01   7.4511905e-02   6.1581106e-01   1.6849994e-02   5.2945161e-01   3.5625343e-02   5.8126239e-01   7.2516671e-02   5.1699190e-01  -5.0043267e-02   5.8319461e-01   3.1433836e-02
  -5.3772838e-01   9.1863066e-02   5.2360855e-01   1.5269858e-01   5.2828867e-01   1.3012121e-01   5.7271215e-01   1.4100334e-01   6.2200863e-01   6.4381405e-02   5.4202121e-01   1.0700832e-01   5.9911654e-01   1.4998148e-01   5.1307275e-01   1.7477151e-02   5.9178214e-01   7.7114192e-02
  -4.8951821e-01   1.4964717e-01   5.5624296e-01   2.1891088e-01   5.5682877e-01   1.7128916e-01   5.9644038e-01   1.7319436e-01   6.3405134e-01   9.3688353e-02   5.6483178e-01   1.5216259e-01   6.2647732e-01   1.9137626e-01   5.2461199e-01   7.3255118e-02   6.0598152e-01   1.0257449e-01
  -4.2751866e-01   1.6178221e-01   5.9641676e-01   2.3922363e-01   5.8975856e-01   1.7683707e-01   6.2190597e-01   1.6417310e-01   6.4859694e-01   9.7363322e-02   5.9241898e-01   1.6153327e-01   6.5691532e-01   1.8868652e-01   5.4709398e-01   1.0503226e-01   6.2214037e-01   1.0204377e-01
  -3.6978221e-01   1.2885946e-01   6.3604543e-01   2.1333874e-01   6.2044721e-01   1.4801118e-01   6.4315312e-01   1.1755903e-01   6.6172823e-01   7.5202960e-02   6.1844378e-01   1.3468653e-01   6.8359283e-01   1.4480809e-01   5.7383633e-01   1.0767042e-01   6.3623604e-01   7.6578888e-02
  -3.3160016e-01   6.4384203e-02   6.6783532e-01   1.5072449e-01   6.4319454e-01   9.3520468e-02   6.5546176e-01   4.6266000e-02   6.7001290e-01   3.3929050e-02   6.3725258e-01   8.0020783e-02   7.0090525e-01   7.2398650e-02   5.9782432e-01   8.3791601e-02   6.4490004e-01   3.3531956e-02
  -3.2118685e-01  -1.0489045e-02   6.8680860e-01   6.7608353e-02   6.5445813e-01   2.6911672e-02   6.5651144e-01  -3.1496755e-02   6.7142441e-01  -1.5168209e-02   6.4525269e-01   1.1947087e-02   7.0579896e-01  -1.0058341e-02   6.1355293e-01   4.2251225e-02   6.4626820e-01  -1.5823232e-02
  -3.3823257e-01  -7.3767927e-02   6.9104082e-01  -1.7240598e-02   6.5337390e-01  -3.6924433e-02   6.4674171e-01  -9.7187177e-02   6.6573566e-01  -5.9551441e-02   6.4154348e-01  -5.3157167e-02   6.9823433e-01  -8.3223476e-02   6.1813781e-01  -4.7727211e-03   6.4030669e-01  -5.9425313e-02
  -3.7481025e-01  -1.0920615e-01   6.8173901e-01  -8.7026928e-02   6.4169080e-01  -8.5366322e-02   6.2905747e-01  -1.3676069e-01   6.5446269e-01  -8.8886463e-02   6.2791045e-01  -1.0122985e-01   6.8095084e-01  -1.3182895e-01   6.1175037e-01  -4.5230976e-02   6.2870112e-01  -8.7595624e-02
  -4.1852473e-01  -1.1034367e-01   6.6257301e-01  -1.3036908e-01   6.2307738e-01  -1.1066522e-01   6.0790055e-01  -1.4374678e-01   6.4033260e-01  -9.7469307e-02   6.0812288e-01  -1.2366293e-01   6.5853387e-01  -1.4794588e-01   5.9719120e-01  -7.0160481e-02   6.1429771e-01  -9.5206546e-02
  -4.5650881e-01  -8.1194848e-02   6.3857909e-01  -1.4297293e-01   6.0209904e-01  -1.1103144e-01   5.8805720e-01  -1.2000297e-01   6.2651582e-01  -8.5119104e-02   5.8685976e-01  -1.1864286e-01   6.3616561e-01  -1.3198205e-01   5.7889206e-01  -7.5446797e-02   6.0033132e-01  -8.2419210e-02
