   2.6953042e-02   4.5831008e-01   2.9745978e-03   8.2737037e-02   1.5663029e-01   5.4309505e-01   1.2526331e-01   3.3445218e-01   7.2815144e-02   5.8951997e-02   1.0755179e-01   1.8081485e-01   1.0936207e-01   8.2414768e-01   1.3432688e-01   3.2910813e-01   5.2325817e-02   1.7265436e-02
   5.2667081e-02  -2.8474168e-01   6.6926263e-02   5.3791828e-01   2.8111241e-01   8.5719668e-01   1.9339880e-01   6.4027025e-01   1.1404213e-01   4.5061691e-01   1.6592292e-01   5.2636709e-01   3.0278891e-01   1.0000000e+00   2.4899328e-01   7.7289315e-01   9.0956837e-02   4.3519969e-01
  -1.3403607e-01  -8.2788701e-01   2.0902474e-01   8.5487330e-01   4.4556941e-01   1.0000000e+00   2.9608653e-01   8.4157885e-01   2.0931625e-01   7.4391159e-01   2.7409142e-01   7.9044730e-01   5.1204831e-01   9.8377794e-01   4.3240749e-01   1.0000000e+00   1.9018800e-01   7.4702610e-01
  -4.3827305e-01  -1.0000000e+00   3.9761668e-01   1.0000000e+00   6.2029744e-01   9.7875295e-01   4.2033110e-01   9.5758241e-01   3.4220213e-01   9.2808030e-01   4.1716254e-01   9.5331164e-01   7.0263121e-01   8.3094438e-01   6.3770909e-01   9.9115106e-01   3.3088547e-01   9.3593671e-01
  -7.3309293e-01  -7.7929237e-01   5.9804055e-01   9.7634402e-01   7.7927020e-01   8.2604253e-01   5.5537501e-01   1.0000000e+00   4.9521826e-01   1.0000000e+00   5.7741292e-01   1.0000000e+00   8.5265278e-01   6.0373686e-01   8.2018002e-01   7.8462203e-01   4.9240701e-01   1.0000000e+00
  -9.0934637e-01  -2.9122897e-01   7.7911072e-01   8.1258232e-01   9.0310735e-01   5.8220911e-01   6.9115691e-01   9.6667163e-01   6.5083466e-01   9.6198507e-01   7.3518156e-01   9.2196649e-01   9.5221342e-01   3.5265348e-01   9.4678504e-01   4.5231641e-01   6.5475368e-01   9.4799909e-01
  -9.1215320e-01   2.7022716e-01   9.1647412e-01   5.4574903e-01   9.7907429e-01   2.8223423e-01   8.1648743e-01   8.4549770e-01   7.9233505e-01   8.2239362e-01   8.7017123e-01   7.2082604e-01   1.0000000e+00   1.1013619e-01   1.0000000e+00   7.1465568e-02   7.9993765e-01   7.9502937e-01
  -7.4802955e-01   7.2065662e-01   9.9318505e-01   2.1289862e-01   1.0000000e+00  -4.4195866e-02   9.1849499e-01   6.2503737e-01   9.0486489e-01   5.9649141e-01   9.6344769e-01   4.1213163e-01   9.9987789e-01  -1.0608998e-01   9.7716692e-01  -2.8807580e-01   9.1281426e-01   5.6018954e-01
  -4.7630301e-01   9.2433571e-01   1.0000000e+00  -1.4513448e-01   9.6401004e-01  -3.6431549e-01   9.8349478e-01   3.0836958e-01   9.7656105e-01   3.0757634e-01   1.0000000e+00   2.9584175e-02   9.5833609e-01  -2.8674231e-01   8.8898580e-01  -5.6487973e-01   9.8178487e-01   2.6802371e-01
  -1.8843813e-01   8.1875720e-01   9.3673410e-01  -4.7815761e-01   8.7573502e-01  -6.3613651e-01   1.0000000e+00  -7.4475019e-02   1.0000000e+00  -1.0890725e-02   9.7196229e-01  -3.7254037e-01   8.8360198e-01  -4.2365587e-01   7.5752816e-01  -7.0904882e-01   1.0000000e+00  -4.8031079e-02
   1.9266846e-02   4.3883153e-01   8.1399070e-01  -7.3027892e-01   7.4767773e-01  -8.1310972e-01   9.6275663e-01  -4.6348106e-01   9.7388448e-01  -3.1487578e-01   8.8178082e-01  -7.2315351e-01   7.8585203e-01  -5.0599165e-01   6.1279321e-01  -6.9440915e-01   9.6697800e-01  -3.4471824e-01
   7.7261478e-02  -8.7557783e-02   6.5296657e-01  -8.5447086e-01   5.9982764e-01  -8.5876474e-01   8.7611164e-01  -7.8202725e-01   9.0430272e-01  -5.5609609e-01   7.4385045e-01  -9.4949946e-01   6.7764297e-01  -5.2262309e-01   4.8661134e-01  -5.3049234e-01   8.8979913e-01  -5.7535991e-01
  -3.3796300e-02  -5.8538075e-01   4.8203496e-01  -8.2804911e-01   4.5656810e-01  -7.6088249e-01   7.5470066e-01  -9.6084332e-01   8.0448554e-01  -6.9413847e-01   5.8304189e-01  -9.9887276e-01   5.7336092e-01  -4.6809865e-01   4.0515203e-01  -2.6238964e-01   7.8273917e-01  -7.0152437e-01
  -2.7800121e-01  -8.9559338e-01   3.3100097e-01  -6.5955879e-01   3.4183574e-01  -5.3673872e-01   6.2083935e-01  -9.6018927e-01   6.9259117e-01  -7.0832848e-01   4.2987839e-01  -8.5644481e-01   4.8748167e-01  -3.4756978e-01   3.8289198e-01   4.2553286e-02   6.6495662e-01  -7.0394621e-01
  -5.7816409e-01  -9.2675990e-01   2.2503050e-01  -3.8619484e-01   2.7423619e-01  -2.2941306e-01   4.9950961e-01  -7.8244779e-01   5.8802203e-01  -6.0433194e-01   3.1371067e-01  -5.5216946e-01   4.3211932e-01  -1.7877614e-01   4.2007314e-01   3.1391280e-01   5.5677515e-01  -5.8860736e-01
  -8.4286546e-01  -6.8297733e-01   1.7967123e-01  -6.4010388e-02   2.6326164e-01   1.0247621e-01   4.1234107e-01  -4.7216569e-01   5.0718878e-01  -4.1309569e-01   2.5565025e-01  -1.5429394e-01   4.1447664e-01   9.7288844e-03   5.0392432e-01   4.9664860e-01   4.7538652e-01  -3.8615614e-01
  -9.9645510e-01  -2.5319366e-01   1.9857932e-01   2.4627229e-01   3.0787914e-01   3.9882555e-01   3.7274956e-01  -1.0148940e-01   4.6026340e-01  -1.8110380e-01   2.6391822e-01   2.5012248e-01   4.3522237e-01   1.8488588e-01   6.1307249e-01   5.6107519e-01   4.3145227e-01  -1.4326089e-01
  -1.0000000e+00   2.2594738e-01   2.7388895e-01   4.9153460e-01   3.9735444e-01   6.0966748e-01   3.8359323e-01   2.4953363e-01   4.4977487e-01   4.2083702e-02   3.3266523e-01   5.7725235e-01   4.8835969e-01   3.1643409e-01   7.2267929e-01   5.0258101e-01   4.2748566e-01   8.9206251e-02
  -8.6093465e-01   6.1620959e-01   3.8852318e-01   6.3464838e-01   5.1365856e-01   7.0294587e-01   4.3711425e-01   5.1137437e-01   4.7085390e-01   2.1489382e-01   4.4384910e-01   7.6518510e-01   5.6234439e-01   3.8269770e-01   8.0930356e-01   3.3807333e-01   4.5793800e-01   2.6762114e-01
  -6.2547147e-01   8.1354885e-01   5.1992524e-01   6.5783210e-01   6.3501080e-01   6.6756933e-01   5.1759590e-01   6.3722175e-01   5.1325823e-01   3.1029404e-01   5.7195843e-01   7.8348099e-01   6.4235813e-01   3.7384769e-01   8.5468895e-01   1.0230028e-01   5.1127584e-01   3.6300956e-01
  -3.6463827e-01   7.7322752e-01   6.4415286e-01   5.6595579e-01   7.3972887e-01   5.1668063e-01   6.0498067e-01   6.1309819e-01   5.6393505e-01   3.2088597e-01   6.8945563e-01   6.3922476e-01   7.1300758e-01   2.9503318e-01   8.4934503e-01  -1.5334402e-01   5.7275201e-01   3.6682007e-01
  -1.5210536e-01   5.2217176e-01   7.4061044e-01   3.8632180e-01   8.1059741e-01   2.8683450e-01   6.7991397e-01   4.6206564e-01   6.1040647e-01   2.6054608e-01   7.7309023e-01   3.7593988e-01   7.6169180e-01   1.6717157e-01   7.9533321e-01  -3.6893916e-01   6.2811232e-01   2.9274643e-01
  -4.2933274e-02   1.4759206e-01   7.9582759e-01   1.6211050e-01   8.3818684e-01   2.9854874e-02   7.2829647e-01   2.3665915e-01   6.4371027e-01   1.5950688e-01   8.0881727e-01   6.2233621e-02   7.8137176e-01   2.2185815e-02   7.0632197e-01  -4.9162072e-01   6.6684647e-01   1.7180505e-01
  -5.7982892e-02  -2.3178819e-01   8.0573705e-01  -5.8644155e-02   8.2257610e-01  -2.0026152e-01   7.4442348e-01   2.6987291e-03   6.6034742e-01   5.4554573e-02   7.9466294e-01  -2.2634240e-01   7.7210458e-01  -1.0581667e-01   6.0462905e-01  -4.9244085e-01   6.8439270e-01   4.2580076e-02
  -1.8038795e-01  -5.0654635e-01   7.7531081e-01  -2.3534840e-01   7.7238158e-01  -3.6137000e-01   7.3133469e-01  -1.8136103e-01   6.6230405e-01  -2.3146058e-02   7.4004170e-01  -4.2798646e-01   7.4036461e-01  -1.9059398e-01   5.1502908e-01  -3.7544669e-01   6.8233950e-01  -6.0890121e-02
  -3.6423777e-01  -6.0807451e-01   7.1616955e-01  -3.4293526e-01   7.0185646e-01  -4.3175537e-01   6.9866348e-01  -2.7920971e-01   6.5542904e-01  -5.6361446e-02   6.6227172e-01  -5.0847441e-01   6.9668023e-01  -2.1995023e-01   4.5833123e-01  -1.7502085e-01   6.6688486e-01  -1.1760479e-01
  -5.5078763e-01  -5.2625838e-01   6.4305056e-01  -3.7542762e-01   6.2699678e-01  -4.1300209e-01   6.5903081e-01  -2.8396119e-01   6.4691990e-01  -4.5207790e-02   5.8151940e-01  -4.6703947e-01   6.5244940e-01  -1.9755833e-01   4.4618848e-01   5.5285861e-02   6.4630632e-01  -1.2354438e-01
  -6.8694054e-01  -3.0634453e-01   5.7018316e-01  -3.4371711e-01   5.6180069e-01  -3.2608776e-01   6.2416581e-01  -2.1529435e-01   6.4278589e-01  -4.3867466e-03   5.1567812e-01  -3.3216429e-01   6.1696149e-01  -1.3963529e-01   4.7884155e-01   2.5829714e-01   6.2828675e-01  -8.9777986e-02
  -7.4106923e-01  -2.8814492e-02   5.0833589e-01  -2.6902985e-01   5.1540738e-01  -2.0266986e-01   6.0172217e-01  -1.0897071e-01   6.4594013e-01   4.3872166e-02   4.7622395e-01  -1.4998982e-01   5.9530168e-01  -6.8148301e-02   5.4581155e-01   3.8860324e-01   6.1774950e-01  -3.6370937e-02
  -7.0866091e-01   2.1912817e-01   4.6375263e-01  -1.7514547e-01   4.9132832e-01  -7.5354577e-02   5.9422280e-01  -3.5626366e-03   6.5582166e-01   7.7904638e-02   4.6682112e-01   2.9878526e-02   5.8810342e-01  -3.6980173e-03   6.2949603e-01   4.2128171e-01   6.1616001e-01   1.5127300e-02
  -6.1110028e-01   3.6870740e-01   4.3813637e-01  -8.2356128e-02   4.8783437e-01   3.0007409e-02   5.9929552e-01   7.0489635e-02   6.6890147e-01   8.2962280e-02   4.8357045e-01   1.6659658e-01   5.9228581e-01   3.9680538e-02   7.0964317e-01   3.5553879e-01   6.2170179e-01   4.7866235e-02
  -4.8627070e-01   3.8726337e-01   4.2979903e-01  -4.0781281e-03   4.9964604e-01   9.8801122e-02   6.1139955e-01   9.7897276e-02   6.8015322e-01   5.4938792e-02   5.1727885e-01   2.3650573e-01   6.0278998e-01   5.7049846e-02   7.6815116e-01   2.1252507e-01   6.3046984e-01   5.3679487e-02
  -3.7572623e-01   2.8453444e-01   4.3514410e-01   5.3990857e-02   5.2002079e-01   1.2877730e-01   6.2408686e-01   8.0634698e-02   6.8480678e-01   1.0385788e-03   5.5657591e-01   2.3655984e-01   6.1448850e-01   5.2451122e-02   7.9296113e-01   2.9594923e-02   6.3803280e-01   3.4316700e-02
  -3.1188536e-01   1.0617671e-01   4.5011372e-01   9.2708799e-02   5.4276255e-01   1.2803710e-01   6.3220585e-01   3.4971316e-02   6.7995200e-01  -6.2807343e-02   5.9114578e-01   1.8222787e-01   6.2380575e-01   3.6278132e-02   7.8045798e-01  -1.4852860e-01   6.4096003e-01  -2.2915223e-04
  -3.0880625e-01  -8.3234973e-02   4.7128853e-01   1.1695504e-01   5.6370163e-01   1.1061493e-01   6.3345365e-01  -1.5561195e-02   6.6555672e-01  -1.1718664e-01   6.1427604e-01   1.0062629e-01   6.2963852e-01   2.0883683e-02   7.3598184e-01  -2.8037281e-01   6.3790108e-01  -3.5765376e-02
  -3.5985057e-01  -2.2246271e-01   4.9635156e-01   1.3241564e-01   5.8121350e-01   9.0872197e-02   6.2872494e-01  -4.9135974e-02   6.4447994e-01  -1.4562747e-01   6.2393397e-01   2.0808926e-02   6.3322263e-01   1.5794692e-02   6.7204876e-01  -3.3764772e-01   6.2982702e-01  -5.9116545e-02
  -4.4186531e-01  -2.7240319e-01   5.2396931e-01   1.4282225e-01   5.9584798e-01   7.8690460e-02   6.2135368e-01  -5.3014838e-02   6.2158767e-01  -1.3974419e-01   6.2235299e-01  -3.5041032e-02   6.3717388e-01   2.4358917e-02   6.0497587e-01  -3.1177489e-01   6.1949103e-01  -6.2472089e-02
  -5.2421192e-01  -2.2616377e-01   5.5320852e-01   1.4831536e-01   6.0926614e-01   7.6723739e-02   6.1555984e-01  -2.7203687e-02   6.0225419e-01  -1.0153431e-01   6.1440748e-01  -5.7071215e-02   6.4405732e-01   4.2823935e-02   5.5067251e-01  -2.1508208e-01   6.1032161e-01  -4.5587683e-02
  -5.7924583e-01  -1.0787243e-01   5.8278741e-01   1.4548024e-01   6.2293935e-01   8.0477743e-02   6.1471522e-01   1.6622909e-02   5.9076999e-01  -4.2228044e-02   6.0547524e-01  -4.8544944e-02   6.5504139e-01   6.2071588e-02   5.2075098e-01  -7.6362322e-02   6.0517559e-01  -1.5244152e-02
  -5.9044376e-01   3.8103828e-02   6.1054008e-01   1.2905656e-01   6.3714557e-01   8.0985917e-02   6.2010212e-01   6.0102979e-02   5.8921310e-01   2.1582121e-02   5.9960136e-01  -2.2385319e-02   6.6917532e-01   7.1197697e-02   5.2010521e-01   6.7512697e-02   6.0542291e-01   1.7570971e-02
  -5.5704907e-01   1.6281655e-01   6.3326215e-01   9.4816616e-02   6.5046115e-01   6.9025404e-02   6.3035622e-01   8.5108924e-02   5.9691384e-01   7.3113581e-02   5.9826067e-01   4.6475817e-03   6.8337500e-01   6.1785698e-02   5.4607246e-01   1.8167302e-01   6.1049787e-01   4.1623806e-02
  -4.9241220e-01   2.2809744e-01   6.4727382e-01   4.2400558e-02   6.6017241e-01   3.9251307e-02   6.4205857e-01   8.0106893e-02   6.1090416e-01   1.0014264e-01   6.0037321e-01   1.8249051e-02   6.9339649e-01   3.1175981e-02   5.8994516e-01   2.4156968e-01   6.1825012e-01   4.9142016e-02
  -4.1897864e-01   2.1691347e-01   6.4935537e-01  -2.3049673e-02   6.6316578e-01  -7.2465533e-03   6.5088809e-01   4.3979387e-02   6.2686009e-01   9.8077838e-02   6.0304801e-01   1.1089656e-02   6.9517717e-01  -1.6086417e-02   6.3953770e-01   2.3808752e-01   6.2569685e-01   3.8132431e-02
  -3.6064043e-01   1.3711661e-01   6.3786302e-01  -9.1197365e-02   6.5712120e-01  -6.2664232e-02   6.5313660e-01  -1.3522208e-02   6.4041098e-01   7.0795820e-02   6.0293114e-01  -1.5170881e-02   6.8630051e-01  -6.9108422e-02   6.8250491e-01   1.7845579e-01   6.3005298e-01   1.2850054e-02
  -3.3531859e-01   1.7295503e-02   6.1354824e-01  -1.4885525e-01   6.4150965e-01  -1.1465066e-01   6.4699775e-01  -7.4968914e-02   6.4835119e-01   2.8938729e-02   5.9759422e-01  -5.1056513e-02   6.6701171e-01  -1.1369166e-01   7.0933468e-01   8.2893895e-02   6.2964479e-01  -1.7779608e-02
  -3.4964720e-01  -1.0335256e-01   5.7981081e-01  -1.8353610e-01   6.1810270e-01  -1.5003571e-01   6.3328694e-01  -1.2088535e-01   6.4946941e-01  -1.3650176e-02   5.8656448e-01  -8.2903232e-02   6.4050546e-01  -1.3662982e-01   7.1544203e-01  -2.1672312e-02   6.2447041e-01  -4.3157086e-02
  -3.9776010e-01  -1.8815687e-01   5.4216636e-01  -1.8702890e-01   5.9073208e-01  -1.5892219e-01   6.1525763e-01  -1.3607549e-01   6.4468987e-01  -4.4315952e-02   5.7158932e-01  -9.7843692e-02   6.1223813e-01  -1.2987798e-01   7.0172639e-01  -1.0912789e-01   6.1616939e-01  -5.4511565e-02
  -4.6397223e-01  -2.1379327e-01   5.0714019e-01  -1.5768330e-01   5.6444375e-01  -1.3758748e-01   5.9767317e-01  -1.1419294e-01   6.3658736e-01  -5.5108108e-02   5.5613655e-01  -8.8050765e-02   5.8856760e-01  -9.3031079e-02   6.7373504e-01  -1.6038316e-01   6.0748417e-01  -4.7539581e-02
  -5.2812365e-01  -1.7631580e-01   4.8087332e-01  -1.0098142e-01   5.4430144e-01  -8.9624246e-02   5.8544270e-01  -5.9580049e-02   6.2848390e-01  -4.4661426e-02   5.4435577e-01  -5.3224442e-02   5.7510362e-01  -3.3605914e-02   6.3982304e-01  -1.6724480e-01   6.0140802e-01  -2.3606500e-02
  -5.7191535e-01  -9.0876835e-02   4.6778754e-01  -2.8292833e-02   5.3415758e-01  -2.5062053e-02   5.8221010e-01   1.4074305e-02   6.2340142e-01  -1.8017379e-02   5.3981812e-01  -6.7383591e-04   5.7522187e-01   3.4923862e-02   6.0882049e-01  -1.3321117e-01   6.0026855e-01   1.0783629e-02
  -5.8426438e-01   1.4633589e-02   4.6964823e-01   4.5893999e-02   5.3572622e-01   4.2317592e-02   5.8931180e-01   8.7891184e-02   6.2318031e-01   1.5470309e-02   5.4441740e-01   5.7004019e-02   5.8917317e-01   9.6810221e-02   5.8780510e-01  -7.1165209e-02   6.0502132e-01   4.6091374e-02
  -5.6377356e-01   1.0860953e-01   4.8529354e-01   1.0716676e-01   5.4825086e-01   9.8314447e-02   6.0545044e-01   1.4289343e-01   6.2805914e-01   4.5055289e-02   5.5782995e-01   1.0544433e-01   6.1405117e-01   1.3790984e-01   5.8068207e-01   7.0722037e-04   6.1499426e-01   7.2429578e-02
  -5.1856961e-01   1.6550649e-01   5.1094335e-01   1.4445963e-01   5.6870241e-01   1.3182719e-01   6.2700343e-01   1.6524741e-01   6.3667014e-01   6.1793695e-02   5.7750591e-01   1.3255332e-01   6.4448152e-01   1.4929595e-01   5.8751374e-01   6.3986091e-02   6.2803684e-01   8.2390343e-02
  -4.6298475e-01   1.7241202e-01   5.4114195e-01   1.5220017e-01   5.9258349e-01   1.3722983e-01   6.4902271e-01   1.4957561e-01   6.4655139e-01   6.0813143e-02   5.9935036e-01   1.3156879e-01   6.7396730e-01   1.2912708e-01   6.0502314e-01   1.0437806e-01   6.4112684e-01   7.2897876e-02
  -4.1305964e-01   1.3174185e-01   5.6995716e-01   1.3126480e-01   6.1498030e-01   1.1544808e-01   6.6648188e-01   1.0015180e-01   6.5487546e-01   4.2427146e-02   6.1872517e-01   1.0271566e-01   6.9639969e-01   8.2911636e-02   6.2772682e-01   1.1473707e-01   6.5114979e-01   4.5947444e-02
  -3.8188298e-01   5.9382809e-02   5.9222174e-01   8.8434468e-02   6.3166260e-01   7.3406070e-02   6.7551612e-01   2.9552647e-02   6.5924332e-01   1.1792351e-02   6.3157295e-01   5.2995030e-02   7.0743708e-01   2.1977026e-02   6.4949052e-01   9.6081264e-02   6.5569104e-01   7.9887267e-03
  -3.7588136e-01  -2.1280659e-02   6.0460299e-01   3.4403828e-02   6.4002377e-01   2.1909090e-02   6.7439599e-01  -4.5051458e-02   6.5836718e-01  -2.2849678e-02   6.3543061e-01  -5.9195990e-03   7.0548826e-01  -3.9636956e-02   6.6518516e-01   5.6444935e-02   6.5367290e-01  -3.1967061e-02
  -3.9390549e-01  -8.6882266e-02   6.0604374e-01  -1.8933383e-02   6.3944326e-01  -2.7237929e-02   6.6376624e-01  -1.0650366e-01   6.5231611e-01  -5.2638800e-02   6.2986684e-01  -6.0884559e-02   6.9182528e-01  -8.8661232e-02   6.7173917e-01   7.9609436e-03   6.4552990e-01  -6.4775532e-02
  -4.2820676e-01  -1.2088663e-01   5.9776626e-01  -6.1236109e-02   6.3124457e-01  -6.4101016e-02   6.4638192e-01  -1.4198642e-01   6.4244669e-01  -7.0516500e-02   6.1648880e-01  -1.0058585e-01   6.7013275e-01  -1.1573910e-01   6.6867513e-01  -3.6606695e-02   6.3306206e-01  -8.3477309e-02
  -4.6743770e-01  -1.1765819e-01   5.8272188e-01  -8.5802666e-02   6.1815623e-01  -8.2720955e-02   6.2628196e-01  -1.4582286e-01   6.3096301e-01  -7.2921246e-02   5.9840959e-01  -1.1807285e-01   6.4545351e-01  -1.1729303e-01   6.5787938e-01  -6.7117711e-02   6.1892126e-01  -8.4851101e-02
  -5.0027337e-01  -8.2773455e-02   5.6475189e-01  -9.0502646e-02   6.0353057e-01  -8.1939182e-02   6.0774817e-01  -1.2010190e-01   6.2031248e-01  -6.0319168e-02   5.7943240e-01  -1.1186206e-01   6.2294406e-01  -9.5739686e-02   6.4283638e-01  -7.8126632e-02   6.0594755e-01  -6.9827171e-02
