   4.6409022e-02   2.2400159e-01   5.1667685e-02   3.9060381e-01   7.2785478e-02   6.9113059e-01   1.5125478e-01   3.2795194e-01   1.0921547e-01   5.1872584e-01   1.4392801e-01   5.4501187e-01   8.0557608e-03   6.7731342e-01   1.3526039e-01   6.4794142e-02   1.1702466e-01   2.2496140e-01
   2.3807215e-03  -4.9142619e-01   1.6443022e-01   7.4828208e-01   2.4161072e-01   9.2705866e-01   2.2153443e-01   5.4319767e-01   2.1533683e-01   7.9721149e-01   2.5029916e-01   7.7074110e-01   1.8441873e-01   9.2408509e-01   2.0161840e-01   5.6635504e-01   1.8343332e-01   6.0472022e-01
  -2.1723995e-01  -9.2551568e-01   3.3275996e-01   9.5687723e-01   4.4216276e-01   1.0000000e+00   3.2260983e-01   7.1322483e-01   3.5621086e-01   9.5612411e-01   3.8536101e-01   9.0501835e-01   3.9556880e-01   1.0000000e+00   3.5371061e-01   8.9494170e-01   3.0022502e-01   8.6521712e-01
  -5.0653746e-01  -9.5276502e-01   5.2553421e-01   1.0000000e+00   6.4186935e-01   9.2328372e-01   4.4703548e-01   8.3358193e-01   5.1308426e-01   1.0000000e+00   5.3485023e-01   9.5167898e-01   6.0628856e-01   9.2542375e-01   5.5023747e-01   1.0000000e+00   4.4770550e-01   9.9603473e-01
  -7.4630179e-01  -6.1210755e-01   7.1161080e-01   8.9244398e-01   8.1330935e-01   7.3120049e-01   5.8579036e-01   8.8905742e-01   6.6845695e-01   9.3924595e-01   6.8478263e-01   9.1001411e-01   7.8791931e-01   7.3811851e-01   7.4563715e-01   8.8975374e-01   6.0563465e-01   1.0000000e+00
  -8.5009389e-01  -7.0972188e-02   8.6467832e-01   6.6606761e-01   9.3680206e-01   4.6207152e-01   7.2679485e-01   8.5787843e-01   8.0670947e-01   7.8683187e-01   8.2073673e-01   7.7596160e-01   9.2053280e-01   4.7884397e-01   9.0087502e-01   6.1572792e-01   7.5497209e-01   8.8874727e-01
  -7.8870364e-01   4.6904779e-01   9.6506839e-01   3.5607067e-01   1.0000000e+00   1.4877733e-01   8.5453288e-01   7.2080316e-01   9.1447787e-01   5.5846898e-01   9.2775220e-01   5.4827137e-01   9.9259637e-01   1.8411546e-01   9.8961409e-01   2.4735883e-01   8.7894367e-01   6.7936931e-01
  -5.8874407e-01   8.3684347e-01   1.0000000e+00  -1.0367541e-03   9.9692330e-01  -1.7835070e-01   9.5130257e-01   4.7093289e-01   9.8120508e-01   2.7400505e-01   9.9139789e-01   2.3575870e-01   1.0000000e+00  -1.1355054e-01   1.0000000e+00  -1.4254969e-01   9.6383233e-01   3.9398438e-01
  -3.1997050e-01   9.2055183e-01   9.6447410e-01  -3.6060018e-01   9.2828487e-01  -4.8312024e-01   1.0000000e+00   1.2511673e-01   1.0000000e+00  -3.9460992e-02   1.0000000e+00  -1.3403438e-01   9.4556236e-01  -3.8192385e-01   9.3511864e-01  -4.8116292e-01   1.0000000e+00   6.3541275e-02
  -7.3223675e-02   6.9119479e-01   8.6329346e-01  -6.6696132e-01   8.0317762e-01  -7.2066928e-01   9.8870915e-01  -2.6904991e-01   9.6909751e-01  -3.4455000e-01   9.4822266e-01  -5.0978786e-01   8.3930353e-01  -5.8677645e-01   8.1240620e-01  -7.0146922e-01   9.8364611e-01  -2.6843777e-01
   6.6406008e-02   2.2082221e-01   7.1244577e-01  -8.6289623e-01   6.4010840e-01  -8.4630939e-01   9.1526605e-01  -6.3806239e-01   8.9336967e-01  -5.9555035e-01   8.4048412e-01  -8.2173358e-01   6.9855366e-01  -6.9597592e-01   6.6111844e-01  -7.5737502e-01   9.1861094e-01  -5.4852079e-01
   4.9468863e-02  -3.3335320e-01   5.3775836e-01  -9.0801349e-01   4.6538343e-01  -8.3173161e-01   7.9023813e-01  -9.0191825e-01   7.8505251e-01  -7.4842045e-01   6.9277142e-01  -1.0000000e+00   5.4651048e-01  -6.8941280e-01   5.1621692e-01  -6.4101286e-01   8.1721409e-01  -7.2529388e-01
  -1.2165653e-01  -7.8853894e-01   3.6997070e-01  -7.9323860e-01   3.0829010e-01  -6.7707941e-01   6.3567637e-01  -1.0000000e+00   6.6226574e-01  -7.7485929e-01   5.3057214e-01  -9.9827297e-01   4.0852644e-01  -5.6815635e-01   4.0986504e-01  -3.8700894e-01   6.9857293e-01  -7.6523237e-01
  -3.9447553e-01  -1.0000000e+00   2.3824015e-01  -5.4388881e-01   1.9498842e-01  -4.1239950e-01   4.8049271e-01  -9.0975986e-01   5.4568547e-01  -6.7237092e-01   3.8375907e-01  -8.1023640e-01   3.0717535e-01  -3.5681869e-01   3.6367231e-01  -6.2273509e-02   5.8491522e-01  -6.6365928e-01
  -6.8530835e-01  -9.0849963e-01   1.6392827e-01  -2.1262070e-01   1.4294740e-01  -9.0118326e-02   3.5358731e-01  -6.5365661e-01   4.5409587e-01  -4.6669751e-01   2.7960491e-01  -4.7401384e-01   2.5750633e-01  -9.8703763e-02   3.8396024e-01   2.5403704e-01   4.9668316e-01  -4.4746252e-01
  -9.0790295e-01  -5.5414890e-01   1.5664241e-01   1.3487320e-01   1.5772468e-01   2.2855024e-01   2.7708808e-01  -2.9136749e-01   4.0035884e-01  -2.0471414e-01   2.3633695e-01  -6.1789135e-02   2.6412370e-01   1.5497467e-01   4.6162411e-01   4.9228067e-01   4.4805353e-01  -1.6770790e-01
  -1.0000000e+00  -5.4641831e-02   2.1327611e-01   4.3541709e-01   2.3267246e-01   4.8770295e-01   2.6182210e-01   9.7880542e-02   3.8910340e-01   5.8678509e-02   2.5929128e-01   3.4004062e-01   3.2084714e-01   3.5741923e-01   5.7568726e-01   6.0682945e-01   4.4425003e-01   1.1430731e-01
  -9.4088803e-01   4.3917055e-01   3.1961163e-01   6.3983226e-01   3.5105532e-01   6.4657062e-01   3.0559526e-01   4.3472787e-01   4.1643108e-01   2.7369616e-01   3.4017344e-01   6.5158535e-01   4.1268251e-01   4.7548145e-01   6.9879930e-01   5.8093341e-01   4.8099988e-01   3.4169982e-01
  -7.5343491e-01   7.8969367e-01   4.5376814e-01   7.1855613e-01   4.8974952e-01   6.8364894e-01   3.9463615e-01   6.5513381e-01   4.7160222e-01   4.0459720e-01   4.5957222e-01   8.1477078e-01   5.1937551e-01   4.9363226e-01   8.0305169e-01   4.2511957e-01   5.4624482e-01   4.7277342e-01
  -4.9516193e-01   9.0624689e-01   5.9028216e-01   6.6511510e-01   6.2335199e-01   5.9884062e-01   5.0691873e-01   7.2194230e-01   5.3966789e-01   4.3514145e-01   5.9121379e-01   8.0359211e-01   6.1932679e-01   4.1540475e-01   8.6528858e-01   1.7579781e-01   6.2304547e-01   4.8816681e-01
  -2.4059678e-01   7.6843852e-01   7.0487344e-01   4.9841446e-01   7.2875140e-01   4.1466609e-01   6.1723188e-01   6.3383642e-01   6.0488813e-01   3.7209165e-01   7.0769088e-01   6.3074768e-01   6.9379629e-01   2.6360690e-01   8.7214595e-01  -1.0822293e-01   6.9348564e-01   3.9534453e-01
  -5.8617999e-02   4.3084676e-01   7.7930356e-01   2.5962866e-01   7.8963297e-01   1.7285514e-01   7.0324819e-01   4.2598831e-01   6.5443804e-01   2.4365376e-01   7.8676501e-01   3.4547867e-01   7.3083869e-01   7.6355986e-02   8.2363537e-01  -3.5767878e-01   7.4293614e-01   2.2685798e-01
   6.3547418e-03   3.4194128e-03   8.0458606e-01   2.3787493e-03   7.9931782e-01  -7.4887856e-02   7.5035229e-01   1.5951331e-01   6.8105878e-01   9.1424056e-02   8.1597952e-01   2.0603364e-02   7.2750346e-01  -1.0189471e-01   7.3327282e-01  -5.1114804e-01   7.6313232e-01   3.1098851e-02
  -5.2820086e-02  -3.8523690e-01   7.8241037e-01  -2.2117888e-01   7.6182270e-01  -2.7980540e-01   7.5479341e-01  -9.6843824e-02   6.8447104e-01  -4.2254994e-02   7.9528251e-01  -2.6780279e-01   6.9019521e-01  -2.3245053e-01   6.2471439e-01  -5.3395859e-01   7.5386368e-01  -1.4187720e-01
  -2.0793023e-01  -6.2863440e-01   7.2335703e-01  -3.7230456e-01   6.8979970e-01  -4.0708269e-01   7.2301486e-01  -2.8565657e-01   6.7029858e-01  -1.2611035e-01   7.3556613e-01  -4.6007730e-01   6.3208178e-01  -2.9188774e-01   5.2504688e-01  -4.2668659e-01   7.2190718e-01  -2.5371540e-01
  -4.0626444e-01  -6.7216902e-01   6.4359544e-01  -4.3311649e-01   6.0101192e-01  -4.4251448e-01   6.6879349e-01  -3.7442439e-01   6.4772843e-01  -1.4744243e-01   6.5501061e-01  -5.2633738e-01   5.6927608e-01  -2.7684564e-01   4.5774929e-01  -2.2331041e-01   6.7853055e-01  -2.8650206e-01
  -5.8811850e-01  -5.2515224e-01   5.6062681e-01  -4.0805870e-01   5.1394777e-01  -3.9343585e-01   6.0875484e-01  -3.6080847e-01   6.2640121e-01  -1.1341762e-01   5.7391647e-01  -4.7058033e-01   5.1655305e-01  -2.0289319e-01   4.3696564e-01   2.0009570e-02   6.3606036e-01  -2.4497578e-01
  -7.0560773e-01  -2.5183972e-01   4.8915729e-01  -3.1914553e-01   4.4364470e-01  -2.8387151e-01   5.5760153e-01  -2.6846998e-01   6.1345858e-01  -4.6082800e-02   5.0943659e-01  -3.2500447e-01   4.8371801e-01  -9.7924782e-02   4.6442623e-01   2.4195096e-01   6.0448221e-01  -1.5197944e-01
  -7.3434700e-01   5.5473296e-02   4.3874734e-01  -1.9689818e-01   3.9935043e-01  -1.4583387e-01   5.2504908e-01  -1.3547266e-01   6.1203809e-01   2.6675221e-02   4.7231800e-01  -1.3695721e-01   4.7417414e-01   7.2003366e-03   5.3041417e-01   3.9172566e-01   5.8948122e-01  -3.9111701e-02
  -6.7835658e-01   3.0532320e-01   4.1282965e-01  -7.1640811e-02   3.8355811e-01  -1.0955091e-02   5.1428019e-01  -2.3550372e-03   6.2088253e-01   7.9614556e-02   4.6531476e-01   4.4345638e-02   4.8498912e-01   8.6882282e-02   6.1679085e-01   4.4002374e-01   5.9163935e-01   6.2463797e-02
  -5.6513915e-01   4.3350988e-01   4.0957101e-01   3.3245696e-02   3.9294234e-01   9.6233675e-02   5.2256191e-01   9.8504951e-02   6.3542809e-01   9.6781541e-02   4.8402584e-01   1.7974226e-01   5.0884882e-01   1.2636765e-01   7.0214921e-01   3.8312141e-01   6.0724737e-01   1.2977580e-01
  -4.3526245e-01   4.1742461e-01   4.2355300e-01   1.0446562e-01   4.2019947e-01   1.6180822e-01   5.4307953e-01   1.4896854e-01   6.4953668e-01   7.4546425e-02   5.1910958e-01   2.4721688e-01   5.3660910e-01   1.2359118e-01   7.6678930e-01   2.4123376e-01   6.2993422e-01   1.5216046e-01
  -3.2938473e-01   2.7934613e-01   4.4781308e-01   1.3953094e-01   4.5635842e-01   1.8363009e-01   5.6742720e-01   1.4762833e-01   6.5748775e-01   2.1784314e-02   5.5928736e-01   2.4498848e-01   5.5996837e-01   8.8226170e-02   7.9707683e-01   5.2922904e-02   6.5270385e-01   1.3245662e-01
  -2.7588293e-01   7.6062626e-02   4.7583991e-01   1.4487753e-01   4.9312144e-01   1.6970208e-01   5.8821754e-01   1.0762421e-01   6.5578438e-01  -4.3507068e-02   5.9451777e-01   1.8917314e-01   5.7367917e-01   3.7637478e-02   7.8835729e-01  -1.3452663e-01   6.6994090e-01   8.4495376e-02
  -2.8371784e-01  -1.2236582e-01   5.0292735e-01   1.3188763e-01   5.2453524e-01   1.3403675e-01   6.0091998e-01   5.0227138e-02   6.4410672e-01  -1.0044896e-01   6.1829596e-01   1.0637717e-01   5.7653012e-01  -9.2329559e-03   7.4545879e-01  -2.7682316e-01   6.7869876e-01   2.7434056e-02
  -3.4196900e-01  -2.5507353e-01   5.2669143e-01   1.1250890e-01   5.4770806e-01   9.1802232e-02   6.0452958e-01  -2.7645461e-03   6.2523234e-01  -1.3180738e-01   6.2858206e-01   2.4659427e-02   5.7103232e-01  -3.7666877e-02   6.8099155e-01  -3.4310901e-01   6.7902024e-01  -2.0558303e-02
  -4.2528805e-01  -2.8848775e-01   5.4680418e-01   9.5291021e-02   5.6259279e-01   5.4779421e-02   6.0110815e-01  -3.5931671e-02   6.0403780e-01  -1.2915081e-01   6.2737712e-01  -3.4849275e-02   5.6203682e-01  -4.1321098e-02   6.1183533e-01  -3.2316169e-01   6.7335953e-01  -4.7717792e-02
  -5.0351932e-01  -2.2371121e-01   5.6406417e-01   8.3152587e-02   5.7095355e-01   2.8643886e-02   5.9438678e-01  -4.4021622e-02   5.8588356e-01  -9.4736631e-02   6.1914298e-01  -6.2796579e-02   5.5473212e-01  -2.3226949e-02   5.5466978e-01  -2.2870463e-01   6.6531277e-01  -5.1301577e-02
  -5.5150466e-01  -9.2168432e-02   5.7928524e-01   7.3450165e-02   5.7506034e-01   1.2727473e-02   5.8812185e-01  -3.1765255e-02   5.7502012e-01  -3.9897905e-02   6.0885879e-01  -6.1908956e-02   5.5281441e-01   6.2872236e-03   5.2193202e-01  -8.8872523e-02   6.5823272e-01  -3.6920318e-02
  -5.5644464e-01   5.7519918e-02   5.9238380e-01   6.0207375e-02   5.7654063e-01   2.0271339e-03   5.8471749e-01  -1.0394607e-02   5.7343037e-01   1.9152150e-02   6.0030042e-01  -4.3504931e-02   5.5730964e-01   3.3803028e-02   5.1906103e-01   5.8653409e-02   6.5412940e-01  -1.5268189e-02
  -5.2046204e-01   1.7599246e-01   6.0206693e-01   3.7506633e-02   5.7582795e-01  -9.5775119e-03   5.8460499e-01   7.4439539e-03   5.8047651e-01   6.6417243e-02   5.9511925e-01  -2.2007758e-02   5.6643616e-01   4.7494245e-02   5.4383557e-01   1.7771280e-01   6.5323096e-01   2.2743476e-03
  -4.5854380e-01   2.2817403e-01   6.0617222e-01   2.7881889e-03   5.7226030e-01  -2.6162423e-02   5.8641132e-01   1.2573930e-02   5.9330839e-01   9.0703228e-02   5.9278482e-01  -9.4096075e-03   5.7639042e-01   4.0988306e-02   5.8761688e-01   2.4258158e-01   6.5420182e-01   7.7250848e-03
  -3.9273509e-01   2.0238461e-01   6.0252941e-01  -4.1362155e-02   5.6472533e-01  -4.7904418e-02   5.8779271e-01   2.2766263e-03   6.0787571e-01   8.8323637e-02   5.9131748e-01  -1.1496343e-02   5.8276605e-01   1.5172145e-02   6.3808353e-01   2.4321268e-01   6.5489618e-01  -1.0892758e-03
  -3.4477362e-01   1.1217755e-01   5.8996768e-01  -8.7418358e-02   5.5250087e-01  -7.0915818e-02   5.8653712e-01  -1.9163918e-02   6.2018097e-01   6.3551062e-02   5.8841155e-01  -2.6522823e-02   5.8210968e-01  -2.2252477e-02   6.8257878e-01   1.8624488e-01   6.5331619e-01  -2.0192774e-02
  -3.2927623e-01  -9.6995154e-03   5.6909910e-01  -1.2506017e-01   5.3596585e-01  -8.8723966e-02   5.8156000e-01  -4.2466085e-02   6.2742515e-01   2.6678916e-02   5.8256499e-01  -4.6631686e-02   5.7315440e-01  -5.9386253e-02   7.1124355e-01   9.1646304e-02   6.4846441e-01  -4.1257048e-02
  -3.4967880e-01  -1.2309743e-01   5.4255439e-01  -1.4441748e-01   5.1688781e-01  -9.4732258e-02   5.7342140e-01  -5.7077346e-02   6.2869179e-01  -9.6284864e-03   5.7379895e-01  -6.1358565e-02   5.5731586e-01  -8.4059451e-02   7.1911097e-01  -1.3774778e-02   6.4078516e-01  -5.4835230e-02
  -3.9806712e-01  -1.9336253e-01   5.1457949e-01  -1.3912779e-01   4.9818517e-01  -8.4629103e-02   5.6419963e-01  -5.5053764e-02   6.2499057e-01  -3.4291627e-02   5.6373242e-01  -6.1689219e-02   5.3831429e-01  -8.7617855e-02   7.0671108e-01  -1.0366579e-01   6.3206061e-01  -5.3716852e-02
  -4.5835923e-01  -2.0181254e-01   4.9013848e-01  -1.0842560e-01   4.8327571e-01  -5.8090736e-02   5.5683554e-01  -3.3981250e-02   6.1875169e-01  -4.1024271e-02   5.5508255e-01  -4.3444861e-02   5.2111035e-01  -6.7610627e-02   6.7934643e-01  -1.5857673e-01   6.2485764e-01  -3.5468668e-02
  -5.1189461e-01  -1.4989486e-01   4.7376083e-01  -5.7503586e-02   4.7519403e-01  -1.9140952e-02   5.5414573e-01   2.2014582e-03   6.1292278e-01  -2.9650909e-02   5.5073807e-01  -8.7066042e-03   5.1045775e-01  -2.8351746e-02   6.4522803e-01  -1.6966857e-01   6.2168977e-01  -3.1896064e-03
  -5.4331372e-01  -5.7099743e-02   4.6845818e-01   3.6671395e-03   4.7575674e-01   2.4721682e-02   5.5786209e-01   4.4365330e-02   6.1000619e-01  -5.5855161e-03   5.5277084e-01   3.4780817e-02   5.0953273e-01   2.0423438e-02   6.1316568e-01  -1.3957590e-01   6.2419215e-01   3.5418489e-02
  -5.4473805e-01   4.6576361e-02   4.7504844e-01   6.2752232e-02   4.8505474e-01   6.4402371e-02   5.6803798e-01   8.0983258e-02   6.1135003e-01   2.2307504e-02   5.6173175e-01   7.6022477e-02   5.1909086e-01   6.6400436e-02   5.9046142e-01  -8.0271509e-02   6.3259329e-01   7.0373304e-02
  -5.1764429e-01   1.3024958e-01   4.9194177e-01   1.0793674e-01   5.0132925e-01   9.1467859e-02   5.8290181e-01   1.0149187e-01   6.1679239e-01   4.4511901e-02   5.7635290e-01   1.0395733e-01   5.3722655e-01   9.8019681e-02   5.8132689e-01  -9.2555781e-03   6.4555237e-01   9.2238421e-02
  -4.7161446e-01   1.7145480e-01   5.1553604e-01   1.3068713e-01   5.2135074e-01   1.0029326e-01   5.9928927e-01   9.9420998e-02   6.2480108e-01   5.3700965e-02   5.9381682e-01   1.1069883e-01   5.5990511e-01   1.0753990e-01   5.8625888e-01   5.5315607e-02   6.6047648e-01   9.4805532e-02
  -4.2088470e-01   1.6175286e-01   5.4104679e-01   1.2754022e-01   5.4114665e-01   8.9384191e-02   6.1345991e-01   7.4176569e-02   6.3299090e-01   4.6635212e-02   6.1045416e-01   9.3664770e-02   5.8200823e-01   9.2838153e-02   6.0238440e-01   9.8907577e-02   6.7416872e-01   7.6708336e-02
  -3.7991153e-01   1.0815572e-01   5.6356542e-01   1.0073996e-01   5.5689557e-01   6.1723662e-02   6.2206982e-01   3.1284543e-02   6.3884033e-01   2.4912734e-02   6.2266132e-01   5.6322271e-02   5.9860856e-01   5.7811587e-02   6.2451284e-01   1.1371948e-01   6.8362653e-01   4.1805207e-02
  -3.5909519e-01   2.9820898e-02   5.7912918e-01   5.7459113e-02   5.6579388e-01   2.3949368e-02   6.2306554e-01  -1.9138443e-02   6.4043589e-01  -5.7008300e-03   6.2782485e-01   7.2123936e-03   6.0618799e-01   1.1172120e-02   6.4667232e-01   9.9870594e-02   6.8680635e-01  -1.8907589e-03
  -3.6223700e-01  -4.8842456e-02   5.8547901e-01   7.7782861e-03   5.6661535e-01  -1.5444290e-02   6.1617645e-01  -6.5271572e-02   6.3698118e-01  -3.7177629e-02   6.2493159e-01  -4.2511534e-02   6.0339971e-01  -3.6043792e-02   6.6363861e-01   6.4296236e-02   6.8309185e-01  -4.4461567e-02
  -3.8594089e-01  -1.0565431e-01   5.8241871e-01  -3.7760170e-02   5.5990891e-01  -4.8174458e-02   6.0297281e-01  -9.6700579e-02   6.2899901e-01  -6.1510015e-02   6.1478569e-01  -8.1979625e-02   5.9130939e-01  -7.3278696e-02   6.7210160e-01   1.8312511e-02   6.7342095e-01  -7.6618796e-02
  -4.2147604e-01  -1.2723235e-01   5.7162626e-01  -7.0670793e-02   5.4771369e-01  -6.8175539e-02   5.8637112e-01  -1.0714937e-01   6.1811958e-01  -7.2970119e-02   5.9969905e-01  -1.0343005e-01   5.7295047e-01  -9.3109480e-02   6.7120163e-01  -2.5935575e-02   6.5996496e-01  -9.2077110e-02
  -4.5780063e-01  -1.1160028e-01   5.5609492e-01  -8.6057769e-02   5.3298559e-01  -7.2692662e-02   5.6987759e-01  -9.5630867e-02   6.0661566e-01  -6.9310008e-02   5.8286827e-01  -1.0369502e-01   5.5248918e-01  -9.2628661e-02   6.6236371e-01  -5.8387320e-02   6.4556155e-01  -8.8731487e-02
  -4.8493266e-01  -6.7665160e-02   5.3936578e-01  -8.3272956e-02   5.1887761e-01  -6.2592221e-02   5.5673859e-01  -6.6311121e-02   5.9681895e-01  -5.2060955e-02   5.6760324e-01  -8.4551256e-02   5.3420144e-01  -7.3751677e-02   6.4866795e-01  -7.3190233e-02   6.3303706e-01  -6.8829473e-02
