   3.9108283e-02   4.8374634e-01   1.5549980e-01   8.1240902e-01   1.2318373e-01   1.8128933e-01   1.8000654e-01   2.1500798e-01   9.2657660e-02   3.8032833e-02   1.2118789e-01   6.9178565e-02   1.7338754e-01   2.2376907e-01   1.6287396e-02   2.4399302e-01   7.8291828e-02   1.4868870e-01
   7.1817262e-02  -2.6740774e-01   3.4230323e-01   9.9556654e-01   1.9394259e-01   6.0248877e-01   2.2960529e-01   5.5412110e-01   1.3265011e-01   4.5460430e-01   1.6762993e-01   4.9109885e-01   2.3670269e-01   6.2732940e-01   1.3024650e-01   7.1436643e-01   1.3570621e-01   5.4930265e-01
  -1.1127842e-01  -8.1856298e-01   5.4803976e-01   1.0000000e+00   3.2728030e-01   8.8420550e-01   3.1457962e-01   7.8243746e-01   2.2939837e-01   7.5870391e-01   2.7238204e-01   7.9243047e-01   3.4776497e-01   8.8362231e-01   3.2999638e-01   9.7654986e-01   2.4787629e-01   8.2868220e-01
  -4.1502095e-01  -1.0000000e+00   7.3832411e-01   8.5021782e-01   4.9576936e-01   1.0000000e+00   4.2260309e-01   9.2498498e-01   3.6428516e-01   9.4020661e-01   4.1496140e-01   9.6173076e-01   4.8559971e-01   1.0000000e+00   5.6265907e-01   1.0000000e+00   3.9432369e-01   9.7689661e-01
  -7.1276147e-01  -7.9140732e-01   8.8646601e-01   5.9410772e-01   6.7032624e-01   9.5638649e-01   5.4408222e-01   9.9796340e-01   5.1803700e-01   1.0000000e+00   5.7413131e-01   1.0000000e+00   6.3121545e-01   9.9440769e-01   7.7572466e-01   8.1623521e-01   5.5434288e-01   1.0000000e+00
  -8.9590524e-01  -3.1631285e-01   9.7607699e-01   2.8195346e-01   8.2510316e-01   7.8094220e-01   6.7036773e-01   1.0000000e+00   6.7210953e-01   9.4612904e-01   7.2944502e-01   9.1553102e-01   7.6831079e-01   8.8499023e-01   9.2904462e-01   4.9543874e-01   7.0902198e-01   9.1321561e-01
  -9.0835945e-01   2.3493165e-01   1.0000000e+00  -4.6541123e-02   9.3979364e-01   5.0703714e-01   7.9168459e-01   9.1520870e-01   8.0968048e-01   7.9233887e-01   8.6221883e-01   7.2180323e-01   8.8297535e-01   6.8641875e-01   1.0000000e+00   1.1562875e-01   8.4220541e-01   7.3488124e-01
  -7.5601223e-01   6.8048064e-01   9.5820361e-01  -3.5950624e-01   1.0000000e+00   1.6849047e-01   8.9590389e-01   7.2549293e-01   9.1650660e-01   5.5796211e-01   9.5640223e-01   4.3889985e-01   9.6331088e-01   4.1321104e-01   9.8335607e-01  -2.5223748e-01   9.4076789e-01   4.8476566e-01
  -4.9610719e-01   8.8603327e-01   8.5715740e-01  -6.2343079e-01   9.9767083e-01  -1.9531093e-01   9.6941059e-01   4.2791586e-01   9.8190581e-01   2.6926536e-01   1.0000000e+00   9.7861449e-02   1.0000000e+00   8.7888555e-02   8.8932377e-01  -5.4476415e-01   9.9506138e-01   1.8716615e-01
  -2.1828257e-01   7.8792325e-01   7.1067328e-01  -8.0001168e-01   9.3265025e-01  -5.3357339e-01   1.0000000e+00   4.9507388e-02   1.0000000e+00  -3.8399692e-02   9.8717102e-01  -2.5514773e-01   9.8805477e-01  -2.5133794e-01   7.4176824e-01  -7.0799712e-01   1.0000000e+00  -1.2467939e-01
  -1.8226534e-02   4.1901550e-01   5.4021335e-01  -8.5501872e-01   8.1455955e-01  -7.8781486e-01   9.8100795e-01  -3.4817616e-01   9.7118765e-01  -3.2048653e-01   9.2063876e-01  -5.6025570e-01   9.2924190e-01  -5.4962340e-01   5.7488261e-01  -7.1014616e-01   9.5662467e-01  -4.0769288e-01
   3.5767573e-02  -9.3580836e-02   3.7240427e-01  -7.7360373e-01   6.6291813e-01  -9.0769512e-01   9.1511569e-01  -6.8374093e-01   9.0320935e-01  -5.3057704e-01   8.1311051e-01  -7.5697048e-01   8.3386855e-01  -7.4778994e-01   4.2596460e-01  -5.5636349e-01   8.7328104e-01  -6.1639618e-01
  -7.5222836e-02  -5.7649385e-01   2.3410995e-01  -5.6915095e-01   5.0406060e-01  -8.6820909e-01   8.1496314e-01  -8.8328365e-01   8.1036919e-01  -6.3299867e-01   6.8571277e-01  -8.0315734e-01   7.1986410e-01  -8.0208343e-01   3.2666604e-01  -2.9024222e-01   7.6491101e-01  -7.1552861e-01
  -3.1507818e-01  -8.7215811e-01   1.4676346e-01  -2.8052629e-01   3.6582889e-01  -6.7797168e-01   7.0074960e-01  -9.0400045e-01   7.1098605e-01  -6.1393736e-01   5.6386649e-01  -6.8947571e-01   6.0941699e-01  -6.9957271e-01   2.9527145e-01   1.9109587e-02   6.5057636e-01  -6.9052529e-01
  -6.0685011e-01  -8.9176150e-01   1.2210454e-01   3.8057227e-02   2.7164485e-01  -3.7713558e-01   5.9531925e-01  -7.4753915e-01   6.2342970e-01  -4.8661504e-01   4.7144403e-01  -4.4417769e-01   5.2390404e-01  -4.6429958e-01   3.3309427e-01   2.9777818e-01   5.4962194e-01  -5.5254052e-01
  -8.6006021e-01  -6.4080240e-01   1.6041187e-01   3.3016292e-01   2.3580463e-01  -2.6848317e-02   5.1849865e-01  -4.5863273e-01   5.6203283e-01  -2.8793941e-01   4.2515279e-01  -1.2613156e-01   4.7881287e-01  -1.5167901e-01   4.2583628e-01   4.8707369e-01   4.7764580e-01  -3.3607557e-01
  -1.0000000e+00  -2.1006314e-01   2.5132573e-01   5.4903202e-01   2.6113229e-01   3.0586339e-01   4.8258685e-01  -1.1034882e-01   5.3420428e-01  -6.7723589e-02   4.3091417e-01   1.9145717e-01   4.8029660e-01   1.6682984e-01   5.4863731e-01   5.5541311e-01   4.4347408e-01  -8.9885687e-02
  -9.9076710e-01   2.6234326e-01   3.7659547e-01   6.6480300e-01   3.3913684e-01   5.6275222e-01   4.8989940e-01   2.1696824e-01   5.3933585e-01   1.2493935e-01   4.8292964e-01   4.4028505e-01   5.2404616e-01   4.2257152e-01   6.7272403e-01   4.9970291e-01   4.4771680e-01   1.3548481e-01
  -8.4150490e-01   6.3850151e-01   5.1376036e-01   6.6552387e-01   4.5260790e-01   7.0330923e-01   5.3329565e-01   4.5408237e-01   5.6996266e-01   2.5218636e-01   5.6592208e-01   5.7114295e-01   5.9702631e-01   5.6421638e-01   7.7127219e-01   3.3895146e-01   4.8354455e-01   2.9833355e-01
  -6.0102467e-01   8.1665744e-01   6.3973339e-01   5.5718081e-01   5.7912783e-01   7.1004768e-01   5.9829859e-01   5.5614515e-01   6.1397065e-01   2.9390017e-01   6.5880539e-01   5.6257062e-01   6.8057266e-01   5.6715478e-01   8.2395741e-01   1.0983272e-01   5.3863838e-01   3.7334004e-01
  -3.4152298e-01   7.5633405e-01   7.3446719e-01   3.6380779e-01   6.9545307e-01   5.9148352e-01   6.6687817e-01   5.1282396e-01   6.5774608e-01   2.5154998e-01   7.3960587e-01   4.2548814e-01   7.5476183e-01   4.3930990e-01   8.2060119e-01  -1.3699437e-01   5.9827975e-01   3.5650894e-01
  -1.3640922e-01   4.8876428e-01   7.8455142e-01   1.2518751e-01   7.8218075e-01   3.8110068e-01   7.2218321e-01   3.5177861e-01   6.8968856e-01   1.4809434e-01   7.9075575e-01   2.0182396e-01   8.0328452e-01   2.2080098e-01   7.6371583e-01  -3.4469178e-01   6.4896915e-01   2.6599339e-01
  -3.9381317e-02   1.0482477e-01   7.8554996e-01  -1.1076627e-01   8.2734349e-01   1.2938756e-01   7.5270558e-01   1.2999404e-01   7.0299838e-01   2.1406782e-02   8.0310176e-01  -4.6189854e-02   8.1725959e-01  -2.6463902e-02   6.6830222e-01  -4.6375386e-01   6.8145594e-01   1.3637907e-01
  -6.8571816e-02  -2.7525066e-01   7.4273024e-01  -2.9957484e-01   8.2853891e-01  -1.0943953e-01   7.5513794e-01  -8.4545536e-02   6.9733293e-01  -8.7542732e-02   7.7808458e-01  -2.5392628e-01   7.9740149e-01  -2.3697783e-01   5.5851590e-01  -4.6738734e-01   6.9274147e-01   7.8378039e-03
  -2.0435072e-01  -5.4208757e-01   6.6906596e-01  -4.1073245e-01   7.9215614e-01  -2.9116304e-01   7.3420177e-01  -2.3438393e-01   6.7811976e-01  -1.4745532e-01   7.2636446e-01  -3.7295635e-01   7.5290775e-01  -3.6088429e-01   4.6114212e-01  -3.5935914e-01   6.8583983e-01  -8.6082166e-02
  -3.9813373e-01  -6.2910388e-01   5.8177369e-01  -4.3358534e-01   7.3077456e-01  -3.9079775e-01   7.0031245e-01  -2.8812480e-01   6.5434541e-01  -1.4517192e-01   6.6421250e-01  -3.8310277e-01   6.9824240e-01  -3.7660183e-01   3.9870210e-01  -1.7201398e-01   6.6800279e-01  -1.2702706e-01
  -5.8924406e-01  -5.2946298e-01   4.9815732e-01  -3.7770784e-01   6.5941374e-01  -4.0581237e-01   6.6582172e-01  -2.4677849e-01   6.3545964e-01  -8.7943017e-02   6.0862484e-01  -2.9547989e-01   6.4869815e-01  -2.9427461e-01   3.8392283e-01   4.4154418e-02   6.4796626e-01  -1.1501620e-01
  -7.2420138e-01  -2.9265412e-01   4.3189725e-01  -2.6789321e-01   5.9177017e-01  -3.5266677e-01   6.4111067e-01  -1.3910406e-01   6.2842384e-01   1.0229605e-03   5.7268428e-01  -1.4587013e-01   6.1614217e-01  -1.4925499e-01   4.1715481e-01   2.3540749e-01   6.3314783e-01  -6.5552106e-02
  -7.7191247e-01  -2.3539253e-03   3.9077759e-01  -1.3557490e-01   5.3754274e-01  -2.5827824e-01   6.3184640e-01  -8.2503861e-03   6.3587100e-01   9.1729711e-02   5.6259699e-01   1.8779528e-02   6.0627782e-01   1.1602036e-02   4.8739130e-01   3.5898302e-01   6.2769752e-01  -2.1737249e-03
  -7.2967683e-01   2.5156971e-01   3.7626361e-01  -1.0696610e-02   5.0148123e-01  -1.5110720e-01   6.3819190e-01   1.0273084e-01   6.5583777e-01   1.5652302e-01   5.7711600e-01   1.5394179e-01   6.1809877e-01   1.4379503e-01   5.7586514e-01   3.9148150e-01   6.3192072e-01   5.1453842e-02
  -6.2133268e-01   3.9990373e-01   3.8441940e-01   8.4753463e-02   4.8369416e-01  -5.3851334e-02   6.5553116e-01   1.6331666e-01   6.8268089e-01   1.7755507e-01   6.0877612e-01   2.2886136e-01   6.4500467e-01   2.1671867e-01   6.6106051e-01   3.3229347e-01   6.4275373e-01   7.8346013e-02
  -4.8706587e-01   4.1087997e-01   4.0795096e-01   1.3969848e-01   4.8111295e-01   2.0068320e-02   6.7660585e-01   1.6198850e-01   7.0900737e-01   1.5035379e-01   6.4673412e-01   2.3223569e-01   6.7738609e-01   2.1938864e-01   7.2373448e-01   2.0105996e-01   6.5523331e-01   7.1817713e-02
  -3.7025339e-01   2.9642062e-01   4.3848866e-01   1.5449348e-01   4.8919985e-01   6.7324037e-02   6.9400894e-01   1.0765570e-01   7.2782653e-01   8.4290135e-02   6.8000340e-01   1.7331182e-01   7.0555894e-01   1.6146858e-01   7.5103485e-01   3.2324180e-02   6.6423330e-01   3.6419044e-02
  -3.0451070e-01   1.0533519e-01   4.6867762e-01   1.3880151e-01   5.0355268e-01   9.2817306e-02   7.0246382e-01   2.5200437e-02   7.3446075e-01  -6.2173390e-04   7.0039323e-01   7.7598898e-02   7.2241479e-01   6.8798819e-02   7.3896536e-01  -1.3252345e-01   6.6608027e-01  -1.4309385e-02
  -3.0349945e-01  -9.4964235e-02   4.9382771e-01   1.0729864e-01   5.2116769e-01   1.0581652e-01   7.0046428e-01  -5.3983229e-02   7.2789893e-01  -8.0208859e-02   7.0468501e-01  -2.2112983e-02   7.2535355e-01  -2.5842843e-02   6.9305979e-01  -2.5545363e-01   6.5975377e-01  -6.2839681e-02
  -3.5974871e-01  -2.4099441e-01   5.1223711e-01   7.4756097e-02   5.4066082e-01   1.1549210e-01   6.9019675e-01  -1.0264715e-01   7.1069010e-01  -1.3337434e-01   6.9469860e-01  -9.5950751e-02   7.1627635e-01  -9.3121451e-02   6.2629130e-01  -3.1019915e-01   6.4690351e-01  -9.3470546e-02
  -4.4846457e-01  -2.9266920e-01   5.2486583e-01   5.1626850e-02   5.6199477e-01   1.2711605e-01   6.7656717e-01  -1.0650837e-01   6.8806650e-01  -1.4822984e-01   6.7625736e-01  -1.2569607e-01   7.0057242e-01  -1.1593014e-01   5.5572903e-01  -2.8857133e-01   6.3123365e-01  -9.7274406e-02
  -5.3723083e-01  -2.4333581e-01   5.3412687e-01   4.1562871e-02   5.8555551e-01   1.4010499e-01   6.6523451e-01  -6.7991357e-02   6.6620069e-01  -1.2480624e-01   6.5685897e-01  -1.0893679e-01   6.8494670e-01  -9.3378950e-02   4.9811651e-01  -2.0146942e-01   6.1716030e-01  -7.4413375e-02
  -5.9697667e-01  -1.1861969e-01   5.4243910e-01   4.1323557e-02   6.1110485e-01   1.4837632e-01   6.6055196e-01  -4.2947226e-03   6.5034826e-01  -7.4020567e-02   6.4312397e-01  -5.8082399e-02   6.7508319e-01  -3.9451150e-02   4.6575023e-01  -7.4985516e-02   6.0835614e-01  -3.3434974e-02
  -6.1048072e-01   3.5237935e-02   5.5106717e-01   4.3167716e-02   6.3705057e-01   1.4307013e-01   6.6415826e-01   5.9560710e-02   6.4349221e-01  -1.3313598e-02   6.3888105e-01   5.3131477e-03   6.7394791e-01   2.3142409e-02   4.6393277e-01   5.7367439e-02   6.0668826e-01   1.2180386e-02
  -5.7666296e-01   1.6724992e-01   5.5953851e-01   3.8452336e-02   6.6026856e-01   1.1642303e-01   6.7450073e-01   9.9423763e-02   6.4572200e-01   3.8933527e-02   6.4425096e-01   5.8042314e-02   6.8105392e-01   7.0882744e-02   4.9020619e-01   1.6353838e-01   6.1175933e-01   4.8515468e-02
  -5.0946822e-01   2.3761830e-01   5.6584983e-01   2.1341315e-02   6.7665483e-01   6.5652015e-02   6.8747894e-01   1.0006365e-01   6.5452761e-01   6.8809703e-02   6.5599440e-01   8.2610520e-02   6.9291861e-01   8.7039168e-02   5.3565523e-01   2.2077532e-01   6.2120071e-01   6.5558243e-02
  -4.3228679e-01   2.2846192e-01   5.6731565e-01  -8.8546004e-03   6.8223754e-01  -4.8125547e-03   6.9790805e-01   5.9772275e-02   6.6581854e-01   7.0396575e-02   6.6887355e-01   7.2042060e-02   7.0444313e-01   6.6388496e-02   5.8767317e-01   2.2023499e-01   6.3155164e-01   5.9922316e-02
  -3.7007377e-01   1.4762374e-01   5.6169439e-01  -4.7240176e-02   6.7447812e-01  -8.3467465e-02   7.0129084e-01  -9.2894755e-03   6.7530054e-01   4.6864156e-02   6.7750902e-01   3.1342506e-02   7.1070481e-01   1.6284324e-02   6.3336354e-01   1.6790541e-01   6.3940481e-01   3.5492104e-02
  -3.4182334e-01   2.4425286e-02   5.4815718e-01  -8.4899962e-02   6.5327225e-01  -1.5439654e-01   6.9528398e-01  -8.5180686e-02   6.7975692e-01   8.8026972e-03   6.7810050e-01  -2.4814265e-02   7.0854825e-01  -4.6254482e-02   6.6258511e-01   8.1700149e-02   6.4242985e-01   1.7950726e-03
  -3.5460862e-01  -1.0076917e-01   5.2790712e-01  -1.1178134e-01   6.2144926e-01  -2.0166538e-01   6.8062498e-01  -1.4338483e-01   6.7803953e-01  -2.9550172e-02   6.6973273e-01  -7.7221774e-02   6.9772034e-01  -1.0035796e-01   6.7032690e-01  -1.4162041e-02   6.4011461e-01  -2.9285620e-02
  -4.0280310e-01  -1.8999464e-01   5.0399610e-01  -1.1988471e-01   5.8427120e-01  -2.1380533e-01   6.6082412e-01  -1.6456040e-01   6.7116717e-01  -5.4999224e-02   6.5445062e-01  -1.0847332e-01   6.8079501e-01  -1.2808234e-01   6.5715227e-01  -9.5821767e-02   6.3374306e-01  -4.7373468e-02
  -4.7041749e-01  -2.1889492e-01   4.8069265e-01  -1.0565520e-01   5.4839105e-01  -1.8702680e-01   6.4119591e-01  -1.4031787e-01   6.6189834e-01  -5.9269489e-02   6.3660833e-01  -1.0814602e-01   6.6241221e-01  -1.1976299e-01   6.2856047e-01  -1.4546029e-01   6.2593982e-01  -4.6666181e-02
  -5.3671498e-01  -1.8297626e-01   4.6243730e-01  -7.1046295e-02   5.2036350e-01  -1.2629368e-01   6.2728796e-01  -7.5487148e-02   6.5375466e-01  -4.1124189e-02   6.2147184e-01  -7.5584013e-02   6.4784098e-01  -7.6601719e-02   5.9310319e-01  -1.5489853e-01   6.1978290e-01  -2.7449241e-02
  -5.8292393e-01  -9.7311129e-02   4.5271360e-01  -2.3025849e-02   5.0513298e-01  -4.4074345e-02   6.2323640e-01   1.3586271e-02   6.4986486e-01  -6.2412343e-03   6.1358609e-01  -1.9622686e-02   6.4137585e-01  -9.9022420e-03   5.5993708e-01  -1.2651585e-01   6.1780452e-01   4.2923146e-03
  -5.9704355e-01   9.9003604e-03   4.5330074e-01   2.8279659e-02   5.0510003e-01   4.2742587e-02   6.3075620e-01   1.0396121e-01   6.5213165e-01   3.4995623e-02   6.1561396e-01   4.4529734e-02   6.4526021e-01   6.2642990e-02   5.3676081e-01  -7.1282572e-02   6.2131645e-01   3.8952938e-02
  -5.7763836e-01   1.0637501e-01   4.6371201e-01   7.2086176e-02   5.1946220e-01   1.1681803e-01   6.4845344e-01   1.7246021e-01   6.6056162e-01   7.0588564e-02   6.2741484e-01   9.9649121e-02   6.5887730e-01   1.2196191e-01   5.2786138e-01  -5.4841678e-03   6.2990130e-01   6.6133838e-02
  -5.3256042e-01   1.6583443e-01   4.8149642e-01   9.9627145e-02   5.4469972e-01   1.6428082e-01   6.7243843e-01   2.0191089e-01   6.7345346e-01   9.0480380e-02   6.4635034e-01   1.3144919e-01   6.7917179e-01   1.5294726e-01   5.3373666e-01   5.4023347e-02   6.4167573e-01   7.7679964e-02
  -4.7632878e-01   1.7472685e-01   5.0277729e-01   1.0609786e-01   5.7534467e-01   1.7756438e-01   6.9724202e-01   1.8533865e-01   6.8783165e-01   8.9081256e-02   6.6794090e-01   1.3210691e-01   7.0139434e-01   1.4816413e-01   5.5126977e-01   9.3692001e-02   6.5375769e-01   6.9781166e-02
  -4.2530084e-01   1.3521866e-01   5.2320089e-01   9.1660153e-02   6.0526801e-01   1.5678923e-01   7.1726265e-01   1.2756063e-01   7.0029552e-01   6.6641824e-02   6.8711224e-01   1.0213803e-01   7.2039766e-01   1.0959141e-01   5.7490126e-01   1.0629160e-01   6.6307892e-01   4.3945644e-02
  -3.9273103e-01   6.3024847e-02   5.3895286e-01   6.1085797e-02   6.2903694e-01   1.0916904e-01   7.2819593e-01   4.3381812e-02   7.0794626e-01   2.8854203e-02   6.9954483e-01   4.9779242e-02   7.3198299e-01   4.7588521e-02   5.9828771e-01   9.1966824e-02   6.6722512e-01   6.3794833e-03
  -3.8569074e-01  -1.8222571e-02   5.4747788e-01   2.2336368e-02   6.4288066e-01   4.6888270e-02   7.2792194e-01  -4.6535464e-02   7.0903450e-01  -1.4924402e-02   7.0261197e-01  -1.1555505e-02   7.3379172e-01  -2.2167790e-02   6.1579248e-01   5.7297740e-02   6.6498429e-01  -3.3793684e-02
  -4.0295311e-01  -8.4921320e-02   5.4807530e-01  -1.5628948e-02   6.4550306e-01  -1.6155431e-02   7.1711479e-01  -1.2153569e-01   7.0347748e-01  -5.4419388e-02   6.9612617e-01  -6.7179119e-02   7.2597543e-01  -8.3209390e-02   6.2399096e-01   1.3072479e-02   6.5674743e-01  -6.7149874e-02
  -4.3695396e-01  -1.2012528e-01   5.4171149e-01  -4.5019428e-02   6.3787815e-01  -6.7558304e-02   6.9867908e-01  -1.6594702e-01   6.9263481e-01  -8.1104450e-02   6.8200984e-01  -1.0490598e-01   7.1077956e-01  -1.2239761e-01   6.2199727e-01  -2.9047888e-02   6.4422121e-01  -8.6330283e-02
  -4.7624914e-01  -1.1792338e-01   5.3069405e-01  -6.0923710e-02   6.2287321e-01  -9.8990346e-02   6.7701171e-01  -1.7268005e-01   6.7895459e-01  -9.0204130e-02   6.6377751e-01  -1.1790260e-01   6.9195127e-01  -1.3297306e-01   6.1148978e-01  -5.9389420e-02   6.3002581e-01  -8.7783040e-02
  -5.0941414e-01  -8.3740307e-02   5.1795359e-01  -6.2054258e-02   6.0435185e-01  -1.0739582e-01   6.5679067e-01  -1.4399377e-01   6.6527367e-01  -8.1415275e-02   6.4551372e-01  -1.0572968e-01   6.7367130e-01  -1.1546587e-01   5.9592273e-01  -7.2334723e-02   6.1699458e-01  -7.2258219e-02
